74.2081
74.8777
75.3269
76.6124
78.4596
79.7128
80.0288
81.3844
83.0874
84.0750
85.6607
85.9136
86.9320
89.0026
89.1773
89.8790
90.6747
92.5576
93.3760
95.2197
94.7555
97.1939
97.4792
97.6698
97.6698
101.0668
102.4585
103.9712
104.6849
104.8897
104.6849
105.8165
110.4710
110.0392
110.5792
112.8781
114.3265
115.3409
115.4541
116.1365
119.7317
117.3986
118.5590
118.4424
120.0860
120.6790
123.5706
130.1032
121.3949
125.7895
125.7895
126.6643
128.1799
129.2016
128.1799
130.7515
132.0592
131.4035
134.3165
134.8540
135.8007
135.9365
138.8262
134.8540
139.3846
140.7922
139.3846
141.3599
142.5034
143.3681
143.2235
145.1162
146.4438
152.6785
147.0385
147.9359
150.5144
149.1427
148.6888
152.0564
153.4605
154.5634
153.4605
155.3571
153.7746
157.6061
158.7455
158.5821
159.2369
159.5655
160.3908
160.5565
161.0548
163.5752
163.2363
163.7449
165.2827
165.4547
167.3611
168.5886
171.9780
171.0778
166.4911
170.3619
171.6172
170.7194
171.9780
171.9780
171.2573
171.9780
172.3398
177.1318
177.3194
178.4509
179.4008
179.7826
181.1272
181.1272
183.8553
182.8749
187.0388
182.6796
183.8553
184.8425
186.4365
186.8377
187.6437
189.2692
190.7067
190.0889
187.6437
187.8459
190.7067
191.1200
194.0466
194.2579
192.3671
194.0466
193.2044
204.9970
198.9845
196.8174
198.5485
197.6805
201.6272
197.4642
200.7411
199.8602
201.6272
201.1834
201.1835
203.6400
201.4051
203.8654
203.1904
204.0910
211.7301
208.4429
207.5164
206.1370
206.5954
203.8654
209.1415
208.9082
211.9676
210.3127
213.4002
208.6754
213.6402
212.4437
221.5203
215.0881
212.4436
215.8172
216.3051
215.3308
217.2854
221.7730
219.0156
219.5134
217.5314
218.7672
215.0881
223.5527
219.5134
215.3308
219.0155
224.5785
224.0648
221.0162
222.5333
222.7876
221.7729
222.7876
222.0260
225.3522
226.6497
226.6497
217.2854
227.9578
223.0422
226.9105
227.9578
228.4839
231.1402
227.1717
229.0118
229.0117
226.3894
232.4845
230.0725
230.8726
226.9105
231.6766
232.4845
234.1122
232.4845
232.2148
234.9320
232.7547
234.9320
234.1122
237.1380
234.1122
237.6940
235.2061
239.3732
239.0922
237.6940
236.0314
234.1122
237.4157
241.0691
240.7853
237.6940
239.0922
240.7853
240.5019
238.8116
241.9235
239.9366
240.2190
243.0693
240.7853
241.9234
241.9234
245.0931
247.4355
242.4954
246.5533
244.2229
246.2603
245.9678
249.2131
249.8097
247.1409
244.5125
249.5112
252.5199
249.5112
243.9337
250.7085
250.4084
248.9156
251.6119
250.1088
247.7304
251.0091
243.6451
246.8468
252.8236
253.7380
249.8097
250.7085
252.8237
249.5112
249.8097
250.4084
250.1088
255.2725
259.6407
258.0684
258.6957
256.8204
256.5097
256.8204
260.5908
257.4433
258.0684
257.7555
257.1316
259.3252
256.1996
258.0684
254.3502
255.5810
256.1995
258.6956
258.6956
262.1854
256.8204
261.2270
262.5060
260.2735
258.6957
261.5459
259.3251
262.5061
259.3252
259.3252
259.6407
263.4713
252.5199
260.2736
262.5060
267.7143
260.9086
262.1854
262.5061
263.7942
263.1490
266.0707
259.6407
261.8654
267.7142
265.7437
260.5908
266.3983
259.6408
264.4417
265.0916
267.7143
263.1490
267.7143
266.3982
266.3982
271.0461
265.4173
269.7062
271.7198
274.4389
267.3844
270.7103
268.7076
274.0969
273.0744
272.0575
269.0398
267.0550
271.0462
268.7076
269.0399
269.7062
270.3750
273.4146
270.0403
271.0462
269.7061
272.0575
272.3959
265.4173
255.2724
271.0461
274.7816
271.3827
272.7348
275.8135
275.4689
273.0744
273.4146
275.8135
264.7663
289.0233
278.9433
272.0575
275.8135
276.5045
273.0744
271.7198
277.5459
275.4688
275.8134
275.1249
277.1982
274.0969
276.1586
277.8943
274.4389
277.8943
275.1249
279.2943
278.9434
278.5930
277.8943
278.9434
277.1982
282.4828
280.3513
277.5458
277.5458
277.8943
281.0591
281.0591
290.1351
282.8404
269.3727
276.5045
279.2943
279.9983
277.5458
280.3512
276.8510
277.8943
279.9983
281.7696
280.7049
280.7048
277.5458
283.1987
281.7696
283.1986
279.9983
279.6460
279.2943
280.3512
281.7697
281.7697
286.8184
277.1981
283.9172
282.4828
281.4140
281.4141
285.3624
284.2775
286.8184
282.8404
281.7696
290.5071
283.5576
284.2774
285.0000
285.7253
284.2774
286.8184
281.4140
288.2855
286.4533
282.8404
286.4533
285.3624
288.6539
293.1314
285.7253
282.8404
282.8404
286.8184
285.3624
286.0890
294.2670
283.1987
285.7253
287.1842
286.0890
281.0591
286.8184
285.3624
287.1841
287.9177
287.5506
285.7253
287.9177
288.2855
283.1986
285.7253
286.8184
286.8184
284.6384
289.7638
288.6540
302.4031
286.8184
287.9177
287.1841
289.0232
290.8799
288.6540
292.0024
283.9172
289.7638
289.0232
289.0233
292.7544
290.1351
293.1314
292.0024
289.0232
283.9172
288.2855
291.6276
291.6275
291.6275
290.1351
290.1351
292.3780
291.6275
295.7912
292.3780
291.6275
290.1351
291.2534
288.2855
289.3932
292.3780
285.3624
289.3932
290.8799
290.5071
289.3932
282.4828
308.8310
293.1314
293.1314
295.0276
297.7132
293.1314
295.0276
296.5577
292.0024
294.6469
292.7543
292.0024
292.7543
292.3780
291.2534
295.7912
298.0998
292.3780
301.2203
296.1741
292.7543
291.2533
301.6138
295.0276
295.4090
297.3273
300.4356
298.8754
299.6541
293.1314
296.9422
296.5578
302.4031
295.7912
298.0998
298.8755
294.2669
298.8754
299.6541
297.7133
295.0276
298.0998
293.5092
298.0998
297.3273
298.8754
298.0999
298.8754
293.5092
298.4873
299.2644
300.4357
303.5929
296.9422
301.6138
298.4873
301.2203
300.0444
306.8004
296.5578
302.7990
301.2203
297.7133
303.5929
309.2395
298.8755
296.1741
303.9911
301.6138
300.0444
304.7898
300.4357
298.8754
301.6138
297.3273
295.7912
298.0999
300.4357
296.1741
300.8275
301.6138
304.3900
298.0999
300.8276
291.6276
300.8275
301.2203
300.0444
302.0081
302.4031
304.3900
299.6541
299.2644
300.4356
304.3900
302.7989
301.2203
300.0444
305.1903
300.0445
304.7897
297.3274
302.0081
305.1903
305.1903
303.9910
301.2203
304.3900
312.9538
303.9911
303.1955
302.7989
298.0999
303.9910
312.1227
304.7897
313.3706
304.3900
304.3900
307.2049
305.1902
305.1902
303.1955
305.9937
307.6102
305.1903
296.5577
304.3900
308.8310
309.6490
304.3900
304.7898
308.8310
301.6138
308.4232
305.9937
303.9911
303.9910
287.9177
310.4702
302.7989
303.1955
306.3966
303.9910
331.2177
307.2049
302.4031
308.0163
306.3966
305.5916
304.7897
305.5916
303.1955
306.3966
306.3966
307.6101
305.9937
305.9937
307.6102
308.4232
305.9937
290.1351
317.5860
303.9910
304.7897
305.9937
306.3966
306.3966
305.5916
305.5916
307.6102
297.3274
298.8754
304.7898
305.5916
312.5378
308.0163
302.0080
310.4702
306.8003
310.0592
305.9937
296.1741
304.7898
305.1902
308.8310
310.8820
305.9937
311.2947
302.0080
305.1902
312.9538
309.2396
308.8310
303.5929
308.8310
310.0591
305.1902
306.3966
311.2947
308.8310
308.0163
307.2048
306.8003
295.7912
306.8003
305.9937
303.9910
305.5916
311.7083
309.6490
307.2048
309.2395
310.4701
298.4873
310.4701
306.8004
305.5916
307.6101
308.8310
308.4232
310.8820
310.8820
307.2048
307.6102
333.9596
312.1226
309.6489
310.0591
299.6540
316.7361
306.8004
312.5378
307.6101
306.3966
311.7083
321.4540
308.8310
310.0591
304.7897
307.6101
310.0591
306.3966
306.3966
304.3900
310.8820
311.2947
307.6101
309.2395
309.2396
310.0591
310.4701
308.8310
308.0163
317.5861
310.8820
303.5929
312.1226
308.0163
315.8896
311.2947
308.0163
301.6138
311.2947
310.4701
311.2947
311.7083
317.1606
305.5916
309.2395
308.8310
310.4702
310.0591
309.6489
311.2948
312.1226
307.2048
310.8820
303.9910
318.4395
310.4701
311.2947
312.1226
311.2947
317.5861
312.1226
315.8896
311.7083
319.2963
308.4232
308.4232
312.9538
314.2069
311.2947
310.4701
309.6489
312.9538
310.4702
311.2947
308.8310
285.0000
312.5378
315.8896
310.4701
310.4701
317.5860
310.4701
310.0591
310.4701
318.4395
317.5861
314.2068
310.8820
316.7361
315.0465
315.4677
318.0123
310.4701
316.3124
315.8896
318.0123
310.4701
310.8820
313.7883
318.0122
319.7261
317.5860
319.2963
312.5378
321.0207
319.7261
310.0592
317.1606
315.4677
319.7260
310.0591
310.4701
310.0591
319.2963
321.0207
310.4701
318.8674
306.3966
313.7883
315.4677
307.2048
318.0122
312.1226
310.4701
320.5883
317.5861
314.6263
318.4394
314.6263
318.0122
316.3124
319.2963
317.1606
320.1567
314.6263
315.4677
319.2963
321.0207
317.1606
312.5378
313.3706
317.1606
316.7361
317.1606
296.9422
327.6153
348.2089
321.4540
315.4677
317.1606
320.5883
330.3115
324.9529
320.5883
318.0122
314.6263
324.0727
317.5860
314.6263
318.0122
317.1606
319.7261
317.1606
310.8820
310.8820
346.2552
312.5378
318.0122
310.4701
318.0122
316.7361
310.8820
317.5860
317.5861
318.4394
305.1902
315.4677
323.1962
316.7361
320.5883
319.2963
330.7640
318.0122
311.2947
320.5882
318.4394
318.0122
317.1606
312.1226
319.2963
319.2963
318.4395
324.0727
316.3124
318.8674
315.0465
318.4394
316.7361
318.8674
325.3943
321.8882
320.5883
318.8674
315.0465
316.7361
310.0592
318.8674
319.2963
321.0207
318.8674
318.8674
320.5883
323.1961
319.2963
324.5122
318.8674
318.8675
322.3233
314.2069
319.2963
321.8882
318.8675
318.8674
318.4394
320.1567
319.2963
322.3232
319.7261
320.5883
318.0122
319.2963
312.1226
318.4394
318.0122
319.7260
321.8882
312.1226
317.1606
316.3124
317.1606
321.4540
316.3124
323.1962
334.4199
323.6340
318.8675
317.1606
319.7260
317.5860
317.5860
318.0122
321.8882
321.4540
319.2963
318.8674
325.8366
324.0726
319.2963
317.1606
320.1567
324.9528
318.4394
318.4394
319.2963
320.5882
318.4394
307.2048
319.2963
320.5882
323.1961
320.1567
301.6138
318.4394
320.5883
319.2963
317.5860
322.3233
316.7361
318.8675
323.1961
321.0206
318.8675
302.7990
322.7592
316.7361
322.3233
320.5882
321.8882
320.5882
319.2963
318.8674
322.3233
323.6340
320.5882
326.7242
319.7261
320.1567
319.2963
318.4395
320.1567
318.8674
318.0122
318.4394
320.1567
319.2963
323.1961
320.5883
324.0727
318.0122
324.5123
315.4677
320.5882
317.5860
316.3124
319.7261
319.7261
317.1606
318.8674
324.0727
318.4394
319.2963
321.0206
318.4395
319.2963
321.0206
324.0726
319.7260
322.7593
322.7593
327.6153
318.8674
319.7261
319.2963
322.7592
319.2963
316.7361
319.2963
311.2947
322.3233
320.5883
312.5378
317.1606
310.0591
309.6489
315.4677
320.1567
321.8882
316.3124
323.1962
318.8675
318.0122
315.8896
318.0123
319.7260
317.1606
318.0123
315.8896
319.2963
317.1606
308.4232
322.3233
316.3124
321.0207
318.4394
321.0206
315.8896
311.2947
319.2963
329.4089
314.2069
315.8896
318.0123
318.8674
318.8675
311.2947
310.0591
315.4677
317.5860
312.5378
319.2963
318.8675
319.7260
317.5860
318.8674
304.7897
314.6263
321.4540
318.4394
320.1567
317.5860
318.4394
310.4701
318.4394
302.4031
312.9538
318.4395
307.2049
301.2203
309.6489
315.8896
318.4395
312.5378
318.0122
318.8674
312.5378
320.5883
317.5860
308.8310
317.1606
316.3124
317.1606
320.1567
318.4394
317.1606
318.4395
315.4677
309.2395
310.8820
312.1226
309.6489
316.7361
318.0122
316.7361
315.8896
315.4677
318.0122
317.1606
316.3124
317.1606
321.8882
317.1606
307.2048
315.4677
318.0122
308.8310
310.4702
305.1902
316.7361
323.1962
288.6541
318.8675
317.1606
312.9538
312.1226
318.8675
312.5378
316.7361
317.5861
318.4395
317.5861
311.2947
310.4701
310.8820
308.0163
312.5378
316.3124
322.7592
319.2963
310.0591
310.0591
310.4702
310.0592
318.0123
314.2068
308.8310
297.7132
321.0207
318.0123
308.8310
315.8896
306.8003
312.5378
320.1567
308.4232
309.6489
325.8366
308.4232
312.1226
310.8820
318.8674
310.8820
307.2048
312.1226
310.4701
315.4677
317.5861
312.1226
307.6101
316.7361
307.2048
312.1226
306.8003
310.4701
312.5378
311.7083
312.9538
310.4701
307.2048
310.4701
312.9538
312.5378
311.7083
317.5861
305.9937
309.6489
309.2395
309.2395
318.0123
312.1226
310.4701
310.4702
304.7898
317.1606
309.6489
308.4232
292.3780
305.9937
309.6489
307.2048
312.1226
312.5378
292.3780
320.5883
316.3125
310.8820
310.4701
319.2963
310.4701
305.5916
309.2395
311.2947
312.1226
304.7897
310.8820
312.9538
309.6489
310.0591
310.4702
305.5916
312.1226
311.2947
308.8310
310.8820
305.1902
308.0163
305.1902
315.0465
310.8820
310.8820
307.6101
312.1226
304.7897
311.2947
309.2395
307.6102
307.2049
289.0233
310.0591
310.0592
309.6489
315.4677
310.4701
307.6101
307.6102
311.2947
293.1314
308.0163
317.5860
270.7102
304.3900
308.8310
307.6101
310.0591
309.2396
307.6101
306.3966
310.4702
308.0163
305.5916
310.0592
307.6101
309.6490
307.6102
300.8276
308.0163
310.4702
307.6101
307.2048
302.4031
307.2049
302.4031
305.5916
308.0163
304.3900
305.9937
306.3966
305.5916
302.7989
305.9937
300.8275
307.6101
306.8004
310.8820
309.6490
307.6101
306.8003
299.6540
307.2049
303.5929
306.3966
310.4701
302.4031
304.3900
316.7361
305.1902
306.3966
305.5916
298.0999
301.6138
305.9937
304.7898
305.9937
307.2049
300.4356
304.7898
306.3966
305.1903
302.4031
303.5929
305.5916
302.4031
305.5916
303.1955
302.4031
310.8820
303.5929
298.0999
310.4702
302.7989
309.6490
304.3900
302.0081
304.3900
302.0081
303.1955
304.3900
304.3900
298.4873
294.6469
307.2049
298.8754
305.1903
302.7990
305.9937
302.7989
301.6138
312.1226
304.3900
307.2049
306.3966
302.7989
305.9937
303.9910
301.6138
303.1955
304.7898
300.0444
296.5578
301.6138
301.2203
298.0999
298.4872
301.6138
304.3900
302.7990
303.5929
300.4357
287.1841
300.0444
297.3273
296.9422
300.0444
310.0591
296.9421
300.4357
300.8276
298.4873
296.9422
301.2203
276.1587
300.0445
304.7897
300.4356
301.2203
301.6138
300.4356
305.9937
303.9911
303.9910
303.5929
290.1351
294.6469
306.3966
293.5092
301.6138
292.7544
301.2203
298.4873
298.0999
296.9422
293.8877
296.1741
296.1742
293.8877
299.2643
294.2670
293.8877
294.2669
296.1741
298.0999
296.9422
295.0276
292.0024
292.3780
293.1314
299.2643
289.0232
295.4091
295.7912
300.4357
294.6469
292.3780
298.4873
294.6469
292.7543
330.3114
298.8755
301.2203
293.5092
292.7544
290.5071
292.7544
291.6275
295.7912
291.2533
292.3781
288.2855
293.1314
293.5092
286.4533
293.8877
292.0024
293.1314
290.1351
293.1314
293.1314
286.8184
295.7912
291.6275
296.5578
290.8799
296.5578
290.1351
292.0024
290.5071
284.2774
291.6276
289.7638
292.0024
294.2670
288.2855
290.1351
290.5072
286.8184
288.6540
292.3781
289.7638
289.0232
278.2433
290.1351
284.2774
287.5505
287.9177
291.6276
290.8799
292.0024
289.7638
294.6469
290.1351
289.3931
286.0890
288.6541
287.5506
290.1351
287.5505
288.2855
287.5506
285.0001
284.6384
287.5505
283.1987
284.6384
283.9172
285.0000
290.5072
288.2855
283.5576
283.1987
287.1842
285.3624
285.0000
283.1987
278.5930
285.7253
283.1987
284.2774
281.4141
280.7048
285.0000
284.2775
286.8184
282.1259
285.7253
280.7048
283.5576
283.9171
281.7696
278.5930
280.3512
283.1986
285.7253
285.7253
283.5576
279.2943
285.3624
279.2943
283.9172
282.4828
281.0591
276.5045
280.7049
265.0916
277.5458
279.2943
278.9434
279.9983
277.8943
277.1981
277.5458
277.5459
274.0968
274.7816
274.7816
278.9433
276.1586
275.4688
278.5930
277.8943
278.2433
271.3827
277.1981
278.5930
272.0575
274.4389
287.1841
276.5045
273.4146
276.8510
273.0744
275.1249
278.2433
276.1587
277.5459
270.7102
269.0399
275.8135
270.3750
272.3959
271.7198
273.0744
271.3827
269.7062
275.1249
271.0461
264.1177
269.0398
269.7061
272.0576
270.0403
271.7198
271.7198
269.3727
268.0447
270.0403
269.3727
269.0398
269.0399
266.3982
270.0403
269.3727
267.7143
269.7062
283.1987
258.0684
266.0707
264.7664
267.0551
267.3843
268.0447
270.3750
267.0550
267.0551
266.7264
266.7264
261.5459
262.1854
265.7437
265.0916
264.7664
264.7664
262.5060
264.7664
263.1490
261.8654
265.4174
262.5060
260.2735
261.8654
262.8272
260.9086
260.2736
261.8654
260.9086
260.9086
260.9086
261.2270
257.7556
260.2736
256.5097
252.8236
259.6408
259.6408
257.1316
258.6957
257.7556
251.9140
259.0101
252.8236
259.0101
259.6408
255.2725
255.8900
253.1279
259.3252
250.7085
255.5810
248.6185
253.7380
252.5200
248.9156
250.4084
254.3502
254.3502
253.1279
245.0931
254.3502
251.6119
247.4354
250.7085
252.5200
250.7085
249.5112
255.2725
239.3732
247.4355
248.0260
242.7821
246.8469
246.8468
234.1122
247.1409
245.6757
244.5124
245.6757
244.5125
245.0931
241.6382
241.9234
244.5125
247.7305
240.2190
240.7853
242.4954
244.8025
240.2190
241.3534
243.0693
242.7821
238.8116
239.9366
240.5019
239.9366
241.9234
237.4157
240.5019
239.9366
236.8606
242.7821
232.7547
242.7821
228.2207
237.4158
237.4158
235.7558
237.6940
235.4807
234.6583
228.4839
235.7558
232.7546
234.6583
233.5678
234.1122
231.6766
230.8726
230.6055
231.4082
229.8067
230.8726
230.6055
210.5480
229.8067
227.6954
228.7476
227.4333
227.1717
226.9105
227.9578
223.5527
225.0939
226.1295
224.0648
224.8360
226.1295
224.8360
222.2794
222.2795
221.7730
223.5527
220.5137
219.7629
221.0163
220.5137
219.2643
220.0128
221.0163
219.5134
218.5193
219.5134
217.7778
218.0246
218.5193
215.3308
216.5496
222.0260
211.4929
217.0397
215.8172
213.8805
214.8459
211.2562
214.8459
211.2562
210.7837
211.4929
210.3127
209.6089
208.9083
208.6754
208.6754
208.2108
207.5164
208.2108
208.9082
207.0552
204.5434
208.4429
200.9621
204.3170
204.3170
202.0722
203.4151
200.5204
200.5204
200.7411
203.1904
202.7421
201.4051
200.9621
198.1138
197.8970
201.8495
200.7411
197.2483
196.8174
193.8356
196.3877
195.1061
196.1734
194.4695
193.2044
194.4695
193.8356
192.1585
190.2945
191.7422
190.2945
192.3671
189.2692
188.2511
187.0388
187.6437
187.0388
185.0408
186.6370
185.8367
182.4846
184.8425
184.2494
181.5137
182.4846
183.2663
164.0851
182.6796
179.7826
178.2617
179.4008
179.2103
179.0200
179.4008
177.5074
171.4371
171.4371
177.1318
171.6172
172.1588
172.1588
170.8985
172.5210
171.0778
171.0778
169.4723
168.7649
168.0612
167.7107
167.7107
165.6268
164.9394
166.4912
165.2827
164.9394
163.9149
163.9149
162.3929
162.3929
162.8983
159.2369
159.0729
159.0729
160.8885
157.6061
158.7455
158.5821
157.6061
153.4605
155.5165
154.0896
154.2473
152.9907
153.6175
151.9013
151.7465
150.0555
150.9751
149.7505
149.5983
148.9912
148.6888
146.8895
146.8895
146.7408
146.1475
144.9695
145.2630
142.9350
143.3681
142.7909
141.6448
140.9339
140.2272
139.3846
138.5479
139.9457
138.4090
137.0291
136.8919
135.8007
133.5148
139.5246
135.1237
134.7194
132.5864
131.6653
132.0592
131.4035
130.4917
130.6216
129.8449
129.9740
126.4137
126.5389
125.7895
125.5408
125.6650
126.1636
124.5514
123.4486
122.8406
122.1154
121.7546
121.0364
120.4414
121.0364
120.4414
119.4962
118.7925
116.3649
117.0530
114.6636
117.6297
115.4542
114.8888
114.6636
113.5441
113.9905
113.7671
111.6677
111.5583
108.9673
109.2877
109.1808
110.1469
108.8607
110.7960
107.4850
106.6474
105.9200
106.3350
105.9200
104.8897
103.8697
101.8597
100.7711
98.7250
101.3634
100.1822
101.5617
98.1481
99.5968
98.1481
98.4361
96.6258
96.6258
96.6258
97.0042
94.6629
93.8336
94.0173
92.8296
92.5576
91.9259
91.5667
92.9205
90.3203
90.8525
90.4088
89.6153
90.0553
88.5675
87.7031
87.4454
85.9136
86.6763
85.6607
87.1883
85.5766
84.0750
84.2407
82.6790
83.4155
82.5976
81.5452
81.6257
81.6257
80.1080
80.8237
79.1624
79.4765
79.0057
77.3006
82.6791
77.9169
77.4543
76.5363
75.8540
76.3083
74.7285
73.9861
73.7646
73.6173
71.7963
72.3749
73.0304
72.3749
71.3650
71.4367
71.0072
70.6509
69.1704
69.5205
69.6610
68.4744
68.6131
68.8913
67.0313
67.3043
67.9906
67.3727
68.2667
69.4504
67.9217
70.2252
68.8217
72.2299
73.1035
74.7285
74.5795
75.1769
75.9295
77.8396
78.1491
78.3042
78.9275
80.9036
80.9036
80.3459
83.0874
83.8271
84.7394
85.1570
86.0825
85.5766
88.7413
88.8283
91.0305
90.1435
94.8482
93.4673
93.5588
94.2013
94.8482
95.9671
97.4792
96.9094
97.9565
99.4024
101.4625
100.9681
101.8597
104.3784
105.1977
106.6474
106.0236
106.6474
110.1469
110.5792
110.4710
111.8867
111.7772
112.8781
113.2106
113.4328
114.6636
115.1146
116.5937
116.9380
118.5589
119.1438
119.6139
120.2043
123.3267
123.5706
120.4414
123.6927
125.1687
124.5513
126.6643
126.7899
128.4345
128.8174
131.1423
130.6216
132.9834
132.5863
132.5864
134.3165
135.2588
134.9888
137.1663
138.2703
138.4090
137.9933
141.5023
141.6448
141.6448
144.3848
143.2235
144.5307
143.3681
143.8027
146.7408
145.4100
147.9359
145.2630
150.5144
151.2831
150.3613
152.8345
152.8345
153.6175
154.5634
156.4767
155.5165
157.7682
157.4441
157.9306
160.0601
157.9306
159.4011
161.3880
163.7449
163.0672
163.9149
164.2555
162.3930
164.5971
166.4911
168.2368
170.0054
168.7649
169.2952
169.8275
170.0054
172.3398
172.1588
171.4371
171.4371
176.0110
176.5703
177.1318
178.8301
180.1655
177.8840
179.7827
178.6404
181.3203
180.5493
183.6587
183.2662
184.6445
185.6373
184.8425
183.8553
187.2401
186.0363
187.6437
187.6437
190.7067
188.6575
189.6785
191.7422
192.1585
191.7422
192.7852
193.8356
194.6814
193.4145
196.1734
197.0326
197.2483
197.4642
198.1139
199.4217
199.6408
201.8495
200.9621
203.4151
203.8653
202.2952
202.0722
202.5184
203.8654
202.7421
207.9790
205.6800
206.8252
205.2243
209.6089
206.1370
211.9676
209.1415
208.9082
208.6754
209.1415
210.7837
213.1604
213.8805
212.4436
211.9675
215.5738
213.4001
215.0882
215.8172
215.3308
217.0397
221.5203
216.0609
215.0881
215.8172
216.3051
219.0156
217.7778
219.5134
221.5203
220.2631
220.5137
222.5333
224.0648
221.5203
226.9105
225.0938
224.0648
226.3894
228.2207
227.9577
234.6582
224.5785
225.0938
229.0118
227.9577
225.3521
228.2206
231.6766
229.5413
230.6055
229.8067
230.3388
229.2763
228.7476
231.1402
232.4845
232.4845
232.2147
232.4845
231.9454
235.2061
236.3073
232.2148
233.0252
238.5315
231.6766
237.1380
237.9727
238.5315
237.9727
240.7853
236.0314
237.6940
231.6766
239.6546
235.4808
241.0691
241.6382
238.5315
238.5315
240.5019
245.3842
242.7821
241.6382
242.4954
241.9234
247.7304
244.2228
243.6451
246.2603
242.7821
244.2228
245.9678
244.5125
251.9141
244.8025
243.0693
247.1409
247.7304
248.6185
246.5534
251.0091
250.1088
250.1088
250.7085
243.9337
251.0091
251.9140
252.8237
249.2131
252.2168
252.8237
254.6571
255.2725
251.3102
260.5908
252.8236
253.1279
251.3102
254.6571
256.5097
255.8900
257.7556
258.0684
251.6119
256.8204
257.7556
256.1996
261.2270
255.2725
258.3817
256.5097
257.4433
260.5908
259.9569
259.9569
259.3251
263.4713
260.9086
259.0102
259.3251
258.3817
258.0684
269.7062
262.5061
260.9086
271.3827
292.3781
264.1177
261.5459
261.2269
263.7942
264.1177
265.0916
260.9086
261.8654
261.5459
263.7942
259.9568
263.1490
259.0101
264.7663
263.1490
264.7663
267.7143
268.7076
266.3983
270.0403
267.3844
268.3759
270.3750
266.3983
269.7061
270.0402
270.3750
272.0576
268.0448
269.0399
270.7103
271.3827
270.0403
273.7554
277.1982
270.0403
271.0462
274.4389
273.0744
266.3982
272.7348
270.3750
273.0744
269.0399
271.0462
272.0576
273.0744
272.0575
274.0969
272.3959
277.1982
273.0744
272.3958
276.8510
264.7663
275.8135
275.4689
278.9433
298.0999
275.1249
279.9983
278.9434
273.4146
278.5930
276.5045
278.2433
276.5045
274.7816
277.8943
281.0591
280.3513
276.5045
294.2669
276.1587
279.9983
274.7816
278.9433
285.7253
276.5045
282.8404
275.4688
284.2774
281.4140
282.1259
283.5576
282.1259
281.4140
295.0276
279.9983
279.9983
279.6460
284.6384
282.4828
281.4140
281.7696
285.7253
282.1258
285.0000
280.7048
282.4828
284.2775
275.8134
278.5930
285.7253
286.4533
285.3624
287.5506
282.8404
286.4533
288.6541
285.3623
284.6384
281.0591
282.1259
283.1986
289.3932
283.5576
283.9172
287.1842
282.4828
282.1259
284.2774
289.0233
288.2855
282.8404
286.4533
292.0024
290.1351
286.4533
280.3512
286.8184
292.7544
289.3932
296.1741
286.0890
289.0232
291.6275
284.6384
290.1351
293.1314
287.1841
287.5506
289.0232
288.2855
287.1842
275.4689
286.4533
289.3932
290.8799
287.1842
290.1351
291.2533
291.2533
290.8799
291.6275
294.2670
285.0000
290.5071
290.5071
291.2534
291.2533
306.8004
299.2643
295.0276
299.6541
294.6469
290.8799
293.5092
291.6275
290.8799
292.0024
294.6469
296.1741
297.3273
287.5506
295.0276
298.0998
292.7543
296.9422
293.8877
292.7543
293.8877
295.7912
293.8877
294.2670
292.0024
292.7543
288.6540
293.8877
296.1741
295.0276
297.7132
293.8877
291.6275
294.2669
301.6138
297.7132
293.5092
293.5092
296.9422
293.1314
303.9910
296.5577
296.1742
297.7132
300.4357
296.1741
293.5092
297.3273
298.4873
299.2643
296.1741
298.4873
297.3274
293.8877
297.3273
297.7132
293.8877
297.3273
303.1955
289.3932
295.4091
299.2643
302.7990
305.1903
299.6540
299.6540
299.6541
296.5577
299.6540
302.0081
294.2669
303.1955
301.6138
302.4031
300.8276
299.2643
295.4090
302.4031
300.8276
300.8276
300.8276
308.4232
295.7912
294.6469
299.6540
307.6102
300.0445
300.0445
299.6540
305.5916
297.3274
301.6138
301.6138
300.8275
296.5577
305.5916
304.3900
302.0081
302.7990
303.5929
306.3966
304.7898
307.2049
305.1903
297.7133
300.0445
300.0444
307.2049
303.5929
303.9910
307.6102
303.5929
305.1902
307.6102
302.0081
302.7989
306.8004
305.1903
304.3900
308.4232
306.3966
307.2049
305.1902
293.1314
302.4031
305.1902
308.4232
306.3966
304.3900
305.9937
297.7133
305.9937
305.5916
304.7897
306.8004
301.6138
304.7897
306.3966
305.1902
306.8003
306.8004
305.1903
305.5916
307.6101
307.6101
305.5916
304.3900
304.7897
303.5929
306.3966
301.6138
307.2049
303.1955
304.3900
305.5916
306.3966
306.3966
307.2049
301.2203
307.6102
305.5916
306.8004
308.8310
305.9937
307.6102
308.8310
304.7897
299.2643
312.5378
304.3900
305.1902
304.3900
306.3966
310.0592
309.6489
298.4873
305.5916
305.5916
310.4701
307.6101
307.2049
308.4232
310.0591
311.7083
309.2396
312.5378
311.2947
306.8003
304.7898
318.8675
311.2947
305.1902
304.7897
305.9937
310.0591
306.8003
309.6490
309.6489
308.8310
311.2947
307.2049
309.6490
315.8896
307.6102
305.5916
307.2049
322.7592
312.9538
307.2048
310.8820
309.2395
305.1902
310.8820
388.8756
307.6102
308.4232
310.8820
310.0591
310.0592
307.6102
308.8310
310.4702
333.9596
310.0591
309.6490
305.9937
310.8820
308.4232
305.5916
308.0163
309.2395
311.2947
310.0591
310.4701
308.8310
310.4701
307.6102
311.7083
309.6489
310.8820
310.0592
310.8820
296.5577
308.4232
308.0163
310.4701
312.9538
311.2947
312.1226
310.8820
307.6101
310.8820
317.5861
307.2049
313.7883
321.8882
311.2947
311.7083
306.8004
307.6102
315.4677
312.9538
315.0465
311.7083
311.2947
312.1226
312.9538
315.8896
312.9538
307.6101
317.1606
314.2068
316.7361
310.8820
332.5844
310.4701
305.1902
308.8310
316.3125
308.4232
309.6489
317.5861
318.0122
310.8820
314.6263
315.0465
312.5378
311.2947
312.5378
316.7361
309.2395
312.1226
316.3124
312.1226
310.0591
312.1226
320.5883
307.2048
321.0207
313.7883
315.8896
319.2963
309.6489
318.8675
323.1962
312.1226
322.7593
310.8820
317.1606
312.1226
318.8674
316.3124
321.4540
311.2947
320.1567
319.2963
318.4395
310.4701
313.7884
316.3124
316.3124
308.0163
319.2963
309.2395
289.0232
317.5861
318.0123
318.0122
312.1226
311.2947
326.7242
320.5883
320.5883
312.5378
281.0591
318.0122
318.0122
307.2049
317.5861
321.4540
310.4701
318.0122
310.4701
310.4702
312.5378
315.4677
318.4394
311.2947
321.4540
311.2947
313.7884
310.8820
317.1606
316.7361
322.7593
312.1226
319.7261
312.5378
317.1606
319.7261
319.7261
317.5861
317.5860
321.4539
317.1606
317.5860
316.3124
310.8820
311.2947
315.4677
314.6263
318.0122
318.8674
324.0727
316.3124
311.2947
312.5378
315.8896
316.7361
321.0206
320.5883
309.6489
318.4394
330.7640
318.0122
318.0123
318.0123
315.4677
316.7361
318.8675
318.4394
287.1842
316.3124
317.5861
314.2069
319.2963
312.1226
296.1741
319.2963
318.0122
317.5860
318.8675
320.1567
319.2963
313.7883
312.9538
318.0122
326.2799
333.0418
317.1606
318.4395
318.4394
323.6340
315.8896
319.2963
319.7261
310.4701
319.7260
316.7361
319.2963
320.1567
321.0206
319.2963
315.8896
315.4677
319.2963
317.5860
312.5378
321.4540
321.4540
320.5883
321.0207
323.1961
319.2963
315.8896
319.7261
320.5882
318.8674
318.8674
323.6339
312.1226
308.4232
320.1567
318.8674
321.0206
316.3124
325.3943
318.0122
320.5883
320.1567
328.5103
318.8674
323.1962
321.0206
315.8896
317.1606
326.2799
318.8675
310.4701
319.7261
320.5883
324.0726
319.7261
316.7361
317.1606
319.7261
318.4395
316.7361
322.3233
317.1606
319.7261
315.4677
325.3943
318.8674
323.1961
319.7261
320.1567
320.1567
320.1567
324.5123
318.4394
320.1567
317.5860
320.5882
319.2963
316.7361
318.0122
321.8882
319.2963
317.1606
318.4394
319.7261
320.5882
321.0206
324.9529
322.3233
316.7361
320.5883
319.7260
317.5861
322.7593
322.7593
318.8674
322.7593
320.5883
319.2963
316.7361
324.0727
319.2963
318.8674
318.8674
318.4394
319.2963
310.8820
318.0122
326.2799
316.7361
331.6724
320.5883
323.6340
324.9529
321.8882
321.0207
320.5883
318.8675
319.7260
320.1567
320.5883
320.5882
316.3124
322.3232
321.0206
317.5860
321.4540
318.8674
320.5882
321.8882
321.4540
318.8674
323.1962
320.1567
320.1567
319.7260
326.7242
320.1567
321.0206
321.0207
323.6340
316.7361
318.4394
322.3232
318.0122
324.0727
319.2963
321.8882
321.0207
319.2963
317.1606
318.8674
310.0591
318.4395
323.1961
321.4539
312.9538
318.4394
317.5860
320.5882
320.5883
320.5883
317.1606
309.6489
318.4394
322.3233
321.4540
323.1962
317.5860
310.4701
318.4395
324.9528
320.1567
323.6340
318.0122
319.2963
318.8675
317.5860
317.5860
333.9596
317.5861
324.5122
319.2963
319.2963
318.4395
319.7260
321.8882
322.7592
324.5123
317.5860
323.6340
315.8896
321.0206
316.3124
319.2963
316.7361
325.3942
316.7361
318.4395
321.0207
321.0207
319.2963
318.4394
321.4540
318.0122
314.6263
313.3707
318.8674
319.7261
319.7261
312.9538
310.8820
318.8674
317.5861
312.1226
318.0122
320.5882
322.7592
318.8675
320.1567
319.2963
318.0123
321.0206
320.1567
318.4395
315.8896
319.7261
320.5883
319.7261
316.3124
321.0207
319.2963
309.6489
319.2963
315.0465
318.8675
321.8882
318.8675
293.1314
310.0591
319.2963
317.1606
319.2963
317.1606
318.0122
320.1567
315.8896
321.0206
319.7261
319.7261
318.4394
300.8276
313.3706
312.9538
318.8675
317.1606
322.7593
341.4445
319.2963
317.5860
315.8896
316.3124
321.4540
318.0123
316.3124
322.7593
321.4540
317.5860
317.1606
313.3706
318.4395
312.1226
318.0122
308.0163
314.2069
310.4701
315.8896
308.0163
318.8674
317.5861
317.1606
319.7261
314.2069
311.2947
317.5861
318.8674
312.5378
325.8366
306.8004
310.4701
317.1606
316.7361
312.1226
311.2947
312.1226
310.0591
318.0122
321.4540
310.4701
317.1606
315.0465
340.0215
311.2947
324.5123
315.8896
311.2947
334.4199
311.7082
320.5882
318.8675
312.1226
317.5861
319.7261
323.6340
314.6263
312.9538
310.8820
309.6489
310.0591
313.7884
309.6489
316.7361
312.5378
324.0727
324.5122
317.5861
310.4702
308.0163
311.2947
322.3233
313.3706
310.4701
311.2947
312.1226
318.4395
318.8675
311.2947
317.1606
312.5378
317.5861
310.8820
311.7083
321.0207
307.6101
310.0592
310.4701
316.7361
312.5378
305.5916
309.2395
304.3900
303.5929
312.1226
317.5861
308.8310
312.1226
317.1606
310.4701
317.1606
299.2643
317.5861
312.1226
312.1226
318.4395
310.8820
317.1606
310.8820
318.8675
302.4031
310.8820
309.2395
310.8820
312.5378
308.0163
310.4701
310.8820
329.8597
316.3124
310.4702
312.5378
310.0592
305.5916
317.1606
312.1226
318.0122
311.7083
347.2299
320.1567
309.2395
311.2947
307.2049
296.5578
307.2048
310.0592
310.8820
312.1226
307.2048
317.5860
318.8674
309.6490
305.5916
312.1226
309.6489
310.4702
311.7083
305.9937
310.8820
305.9937
308.8310
307.2048
305.5916
311.2947
310.4702
310.0591
303.9910
308.0163
307.2048
304.7897
305.1903
311.7083
306.3966
309.2395
312.5378
307.6102
307.2048
302.0080
307.6101
305.9937
309.2395
307.2049
311.2947
307.6101
305.1902
308.8310
306.3966
309.2395
308.0163
308.0163
303.9910
305.5916
306.8003
304.7897
309.6489
306.8004
304.7898
314.2068
305.9937
308.8310
305.1902
299.2643
305.9937
304.3900
307.2048
307.6101
307.6102
303.1955
302.4031
302.4031
307.6102
304.7897
308.4232
308.8310
309.6490
305.5916
305.1902
308.4232
308.0163
310.0592
306.3966
303.5929
304.3900
311.7083
303.9911
302.0080
292.0024
305.5916
302.4031
310.8820
306.8004
303.9911
305.1902
304.3900
304.7897
306.3966
303.1955
303.9910
305.5916
299.6541
305.9937
302.0081
306.3966
306.8004
302.4031
300.8275
302.7990
302.4031
303.1955
306.8003
303.1955
307.2049
300.8275
306.3966
305.9937
307.2049
305.1903
310.8820
300.8276
303.1955
305.9937
303.1955
304.7898
305.9937
305.9937
301.6138
304.3900
304.3900
301.2203
302.0080
300.8276
301.2203
304.3900
302.0081
302.7990
289.7638
299.2644
301.2203
311.2947
298.4872
300.0444
300.8275
299.6541
298.4873
297.3274
302.4031
299.6540
300.4357
293.5092
298.8754
301.6138
300.8275
297.7133
289.7638
294.6469
297.7133
301.2203
297.7133
298.0998
300.8275
293.8877
298.0999
293.5092
299.2644
297.7133
296.5577
298.4873
300.4356
300.8275
299.6541
292.3780
302.4031
293.5092
298.0999
300.4357
292.7543
299.6541
299.2643
302.7990
301.6138
293.8877
298.8755
297.7132
294.2670
296.1741
293.5092
297.3274
300.8276
293.5092
291.6275
294.2669
296.9422
296.9421
293.5092
294.2670
294.6469
293.1314
295.4090
293.1314
295.4091
293.8877
297.3273
295.0276
293.5092
295.4091
293.1314
292.3780
291.2534
288.6540
287.5506
295.0276
293.5092
294.6469
297.7132
288.6540
292.7544
293.8877
293.5092
294.6469
290.5071
292.3780
292.0024
292.7543
294.6469
293.5092
292.7543
292.3781
290.1351
292.0024
290.8799
289.7638
287.1841
289.3932
290.1351
287.9177
286.4533
290.8799
286.8184
292.0024
292.0024
287.5506
290.8799
286.4533
286.0890
292.7543
294.2669
286.4533
288.2855
286.8184
290.5071
292.3781
292.3781
291.2534
290.5071
288.2855
287.9177
291.2534
284.2774
287.5506
281.0591
286.8184
287.5506
281.4141
282.8404
287.9177
284.6384
285.7253
285.7253
286.4533
279.9983
281.0591
288.2855
284.2774
283.5576
281.0591
281.4140
283.9172
285.0000
281.0591
287.5506
277.5459
281.7696
284.6384
280.7048
287.1841
272.3958
282.1259
286.0890
275.8135
288.2855
279.9983
280.7049
279.2943
275.4689
281.4140
280.3512
271.0462
283.9172
285.0000
276.5045
274.4389
278.9434
272.3958
280.7049
276.5045
283.5576
275.1249
275.4689
298.8754
280.7048
277.1982
281.0591
279.2944
274.7816
281.0591
275.1249
276.1586
277.1982
276.5045
274.7816
279.2944
278.9434
275.4689
275.4688
272.7348
277.1982
272.3959
274.4389
271.0462
277.1981
275.1249
275.8135
272.7348
267.7143
273.0744
263.7942
274.7816
276.5045
273.0744
270.7103
275.1249
271.3827
278.9434
271.7198
274.0969
275.1249
269.3727
270.7102
270.7103
270.7103
274.7816
267.7142
272.7348
268.3759
269.0399
270.3750
270.0403
267.7142
269.3727
269.7062
268.3758
263.7942
268.3759
265.7437
266.7264
267.7143
264.7663
265.7437
268.0447
267.7143
262.8272
266.3983
272.7348
262.1854
264.1177
259.9568
254.6571
250.7085
265.4174
269.0399
261.2269
265.0916
264.4418
265.4173
259.6407
260.5908
260.2736
260.9086
262.5061
260.9086
263.4713
259.9569
254.3502
254.0439
259.9568
258.3817
257.1316
253.4327
260.2736
254.9645
257.4433
256.5097
256.5097
253.7380
253.1279
256.1996
255.8900
267.0550
257.4433
251.0091
256.1996
255.5810
251.3102
255.2725
248.6185
249.8097
262.1854
251.0091
245.6757
250.7085
249.2131
250.4084
249.2131
250.4084
250.1088
249.5112
250.4084
250.1088
249.8097
249.8098
251.0091
250.7085
246.5534
248.0260
244.2229
248.6185
248.0260
250.1088
245.9678
247.1409
246.8469
243.3570
243.3569
244.8026
245.9678
243.6451
248.9156
245.0931
239.9366
241.0691
238.5315
241.3534
241.6382
241.0691
240.5019
239.9366
241.3534
240.5019
238.2519
242.2092
239.0921
239.9366
237.1379
238.2519
235.2061
231.6766
236.3073
235.7559
233.0253
234.6583
231.9454
236.0313
232.4845
234.3850
236.0314
235.2062
231.4081
230.0725
231.4082
232.2148
232.4845
231.1402
228.2206
225.8700
226.3894
227.9577
230.8726
230.6055
229.0117
225.6108
229.8067
225.0938
229.0118
221.2681
225.8700
229.2763
226.6498
222.7876
223.8085
222.7876
222.5333
223.8085
223.8085
223.8085
223.0421
220.7648
225.8700
216.5495
222.0260
220.0128
226.1295
221.2681
217.7778
217.5314
220.0128
217.7778
214.8459
217.5314
217.5314
216.0609
211.0198
213.1605
212.9212
213.6402
213.8806
213.1604
212.2055
210.3127
214.1214
213.8806
211.4929
214.8459
207.7475
207.7475
208.4429
207.2856
208.4429
207.9790
210.3128
207.7475
208.4429
204.0910
204.9970
205.6800
203.8653
203.6400
204.7700
202.5184
201.6271
202.9661
201.8495
200.9621
200.0799
199.8602
195.5321
201.4052
196.3877
198.5485
199.4217
198.9845
197.6804
196.8174
200.9621
195.1061
196.1734
192.7852
195.9592
193.6249
190.7067
190.0889
193.2044
191.3271
187.6437
190.7067
188.6575
189.4737
188.8611
187.2402
187.4418
190.9132
187.2402
184.0522
183.6587
186.4365
185.4382
183.0704
181.5137
180.9343
182.8749
180.7417
181.7073
181.7073
180.5493
179.9739
179.5916
177.6956
171.9780
176.7572
200.0799
160.8885
176.1972
170.7194
171.9780
171.2573
172.1588
171.0778
171.0778
171.2573
168.5887
170.0054
168.4126
168.2368
166.1448
164.9394
165.2827
165.7993
165.4547
163.7449
164.0851
163.7449
162.2249
161.0548
160.8884
160.0600
158.5821
161.5550
158.9091
159.2369
159.7302
159.8950
155.9957
156.4767
155.9957
155.3571
155.8358
154.5634
154.2473
152.9907
151.7465
151.2831
150.0555
149.5983
150.2083
153.1471
149.9029
144.3848
146.2956
147.0385
146.5922
144.9695
143.9480
141.5023
142.9350
140.2272
143.6577
140.5094
141.2177
141.0757
142.6470
139.2448
138.6870
135.9365
136.4815
137.4413
136.6182
134.8540
132.9833
134.4506
134.5849
134.1825
133.3817
131.7964
131.9277
132.5864
127.5460
129.3300
126.4137
127.5460
126.5389
126.6643
126.5389
126.0388
124.9214
125.7895
124.5513
123.3267
126.2886
121.8747
120.3228
120.9171
118.7925
119.4962
118.6757
119.0266
118.0933
115.6811
117.0529
116.0224
115.9085
114.7761
114.1024
115.0017
112.7675
112.2161
111.8867
112.6570
111.0133
110.4710
110.9046
109.5019
109.7165
108.6479
108.0120
106.8562
108.3295
108.5417
105.7131
106.1273
105.1977
103.4645
102.1587
102.0590
100.6727
100.8696
100.9681
98.8215
100.5744
99.0148
97.1939
97.8608
98.3400
97.7653
95.6862
95.2197
95.2197
94.3857
93.5588
93.6503
93.0114
92.2863
92.0159
91.0305
90.5860
90.3203
90.0553
89.3522
89.3522
89.0899
87.7031
87.6171
86.3366
85.8292
86.4214
84.9897
84.9897
84.4066
83.6622
83.9097
82.2725
82.9239
82.1914
81.1437
80.8237
79.8706
80.1079
74.3565
79.6339
77.9169
77.8396
78.3042
76.9941
76.4602
76.2324
76.1566
74.5795
75.8540
74.1341
74.1341
73.6909
71.4367
73.0304
72.3749
71.2933
72.0128
71.2217
70.6509
70.3669
69.8722
68.8913
69.3103
68.6826
68.8217
68.6131
67.1677
67.3727
65.2118
65.2785
66.2177
66.1503
65.5457
64.8792
65.8139
68.1285
67.2359
67.6467
68.1285
69.3103
70.0132
71.0072
71.6523
71.5085
72.8843
73.8384
74.6540
76.0052
76.3842
76.8412
77.3774
79.0840
79.0057
80.1079
81.4648
80.9836
85.8292
83.4155
84.4066
86.6763
85.9980
86.6763
88.3940
89.1773
92.2863
90.7636
91.3877
92.0159
92.7389
94.2935
95.0338
95.9671
96.5314
96.1549
97.7653
98.6286
98.2440
101.7603
101.8597
102.8597
102.3585
103.9712
105.4035
105.6098
106.8562
108.7543
108.1177
109.8239
110.5792
110.6876
110.7960
111.4491
112.9888
114.3265
116.5937
117.0529
116.5937
117.9773
118.7925
118.2095
118.9095
121.1557
121.5146
122.9619
122.5983
125.5408
124.3054
126.6643
126.6643
129.4585
128.4345
130.4917
131.0118
130.6215
132.7185
131.7964
133.9149
131.4035
135.1237
136.7550
137.1663
137.5791
137.5791
141.2177
141.9303
140.3682
141.5023
143.5128
144.2390
142.7909
143.0791
147.0385
145.2630
146.1475
148.3871
149.1427
149.9029
149.4462
150.9751
153.3037
153.7746
152.8345
152.2116
156.7984
158.5821
157.7682
159.2369
157.6061
158.9091
158.2560
163.7449
161.2213
163.4056
165.2827
162.3929
164.0851
165.2827
163.9149
166.6647
167.1867
169.1182
162.5612
168.2368
170.7194
170.5405
171.9780
170.1835
171.4371
172.3398
176.9443
178.2617
177.6956
179.4008
177.8840
179.5916
177.1318
182.4846
180.1655
180.5493
183.4623
182.2899
184.6445
183.8553
184.6445
185.2393
187.8459
184.6445
186.6370
190.2945
189.4737
187.8459
190.9132
190.0889
191.1200
192.3671
192.5760
194.8936
196.8174
193.8356
196.3877
194.0466
195.5321
197.4642
196.8174
197.4642
197.6805
197.0326
198.7663
200.9621
201.4051
202.9661
200.9621
201.4052
203.4151
203.6400
206.1371
204.3170
195.5321
205.9083
201.6272
207.9790
207.7475
209.8432
208.2108
210.0778
214.8459
210.5480
211.0198
211.2562
215.3308
213.1604
212.9211
215.8172
212.4437
207.2856
212.4437
216.0609
214.6040
217.5314
221.2681
216.5495
216.5495
220.2631
219.0156
217.0397
221.7730
221.0163
222.0260
220.2630
220.2630
223.5527
224.3215
222.5333
223.2972
223.2972
225.6109
222.7875
223.5527
227.9578
226.9105
226.6497
229.5413
228.7476
244.2229
227.9578
225.8699
227.4333
230.8726
225.3521
231.4082
232.2148
230.8726
231.9455
229.8067
236.3073
231.1402
230.6055
231.9454
236.3073
232.4845
235.4808
235.7559
232.2148
235.4807
239.3732
233.5678
235.4808
237.6940
236.5837
236.3073
239.9366
240.2190
241.0691
239.9366
237.9727
231.9455
239.3732
241.0691
237.6940
244.8025
238.5315
243.6451
243.0693
243.3570
254.9645
240.5019
242.7821
245.9678
243.0693
245.3842
245.9678
233.5678
248.6186
247.7305
250.1088
246.2603
245.0931
246.8469
246.5534
249.5112
250.4084
247.1409
249.5112
246.5533
250.1088
250.1088
249.8097
258.3817
252.8236
250.4084
255.5810
255.5810
254.3502
247.7304
254.9646
249.5112
251.9141
252.2167
264.4417
252.8236
253.7380
257.1316
258.6957
254.6571
255.5810
258.6957
256.5097
255.5810
258.0684
257.4433
258.6957
257.4433
257.4433
265.0916
260.2736
259.0101
265.4174
262.8272
263.1490
259.9568
262.1854
259.6407
261.8654
265.0916
260.2735
260.5908
261.8654
267.7143
259.9568
265.4173
265.4174
263.4713
268.7075
267.0551
268.0448
264.7664
262.5060
266.0707
264.7663
266.7264
267.3844
267.7143
265.7437
269.3727
266.3983
266.0706
270.0403
270.7103
269.0398
275.4688
266.7263
270.7102
266.7263
267.7142
270.3750
269.0399
272.7348
270.0403
269.0399
273.0744
270.3750
273.7554
275.4689
270.7103
272.3959
277.8943
271.3827
273.4146
268.7075
271.3827
267.7143
273.4146
279.2944
277.5459
278.2433
274.7816
272.0575
269.7062
274.7816
275.1249
276.8510
272.3958
276.5045
272.3958
276.5045
286.4534
274.0968
266.3982
277.1982
278.9433
273.7554
274.7816
277.1982
278.2433
261.5459
277.1981
277.1981
276.1586
277.1982
281.0591
282.1259
283.1986
280.3513
279.6460
281.0591
281.4140
274.4389
279.2943
278.2433
279.2943
282.4828
278.9434
284.2774
284.2774
280.7049
285.7253
280.3512
282.4828
281.7696
281.4140
282.4828
277.5458
282.8404
282.1259
285.3624
283.9172
283.1986
281.7696
284.6384
283.5576
286.0890
284.2774
287.5506
282.4828
286.8184
283.5576
288.2855
284.2774
281.4140
284.2774
283.1987
282.8404
284.6384
286.4534
281.4140
286.0890
282.1259
287.9177
288.6541
285.3623
287.5506
270.0402
289.3931
289.7638
283.9172
289.0232
287.5505
285.3623
285.0000
290.8799
292.3781
287.9177
289.3932
281.0591
291.2534
290.5071
290.1351
294.6469
292.0024
287.5506
286.4534
293.1314
290.1351
292.3781
298.0999
292.3780
289.0233
286.0890
296.5578
291.2533
290.5072
287.5505
288.6540
289.7638
286.8184
289.3932
285.3623
293.5092
301.6138
292.3780
293.1314
302.7990
289.0232
292.7543
293.1314
288.6541
295.0276
289.3932
296.1741
294.6469
296.1741
294.6469
296.9422
293.8877
290.5071
298.8755
293.5092
289.7638
287.9177
291.2533
294.2669
296.9422
293.1314
295.0276
297.3272
294.2669
297.3274
298.4873
293.8877
292.7543
292.0024
294.6469
295.4091
294.6469
293.8877
297.3274
293.8877
298.8754
294.2670
286.0890
297.3273
291.2533
298.0999
292.3781
292.7543
293.1314
295.0277
300.4357
286.8184
298.8754
300.4357
293.5093
298.4872
298.4873
299.6540
300.0444
297.3274
300.4357
299.2644
304.7898
300.0445
297.7132
301.6138
299.6541
300.0445
304.7897
298.4873
306.3966
298.8755
297.3273
304.7897
302.4031
298.4872
300.4356
300.8276
302.0081
302.7990
299.6541
304.3900
299.2643
301.2203
295.7913
304.3900
304.7898
302.0080
303.9910
305.5916
299.6541
302.7989
301.6138
295.4090
298.4873
303.5929
304.7898
303.9910
305.9937
295.4091
303.5929
302.4031
296.5578
300.0444
298.8754
275.1249
304.3900
303.9910
302.4031
300.8275
304.7897
303.1955
304.7897
305.1903
305.9937
306.3966
334.8813
306.3966
306.3966
303.5929
300.8275
308.0163
308.8310
310.4701
305.9937
305.1902
305.1902
305.9937
305.1902
303.5929
300.4357
303.5929
302.4031
306.3966
303.9910
302.4031
310.4701
306.3966
321.0207
302.0080
305.1902
305.9937
305.5916
307.6101
305.9937
304.3900
309.2395
310.8820
300.4356
321.4540
308.8310
304.7897
305.9937
304.3900
311.2947
311.2947
306.3966
310.8820
303.9911
301.6138
304.7897
305.5916
314.2068
304.7897
308.0163
305.9937
305.9937
304.7897
300.0444
301.6138
302.0080
305.9937
302.7989
317.5860
311.7082
303.5929
312.9538
306.8004
305.9937
296.9422
302.4031
306.3966
318.8675
305.9937
308.4232
308.8310
303.9910
304.7897
311.2947
310.8820
305.5916
305.5916
309.6489
310.4701
309.6489
308.4232
308.0163
310.8820
308.0163
312.1226
310.0591
305.9937
308.4232
308.4232
307.2048
308.4232
310.4702
302.7989
306.8003
302.0080
307.6102
307.2049
309.2395
312.1226
308.4232
309.2395
310.4701
312.5378
310.0591
309.2395
310.0592
312.1226
318.0123
310.8820
324.5123
309.2396
312.1226
312.5378
309.6490
316.3123
306.3966
309.6490
312.5378
311.7083
310.8820
308.0163
312.5378
311.2947
307.6101
308.4232
311.2947
319.2963
343.3563
308.4232
309.6490
311.2947
306.8003
310.0591
311.7083
308.4232
332.5843
308.0163
319.7261
312.1226
311.7083
311.2947
310.4702
311.7082
310.4702
310.8820
311.7082
311.2947
314.2068
309.2396
305.9937
311.7083
307.6101
316.7361
308.4232
309.6490
307.6101
312.1226
310.8820
306.8004
310.8820
309.6489
311.7083
315.0465
312.1226
311.7083
310.4701
312.1226
310.4701
313.3706
312.1226
312.1226
317.1606
309.6490
309.6489
312.1226
318.0123
312.5378
315.8896
312.1226
311.7083
310.8820
310.8820
334.8813
317.5860
307.6102
312.1226
308.4232
311.2947
312.1226
319.2963
320.5883
312.1226
312.1226
317.1606
313.3706
317.5860
318.4395
310.8820
311.2947
318.0123
310.4701
311.2947
310.8820
319.7261
318.4395
317.5860
315.0465
310.8820
309.2395
310.4701
319.2963
312.5378
318.0122
319.2963
320.1567
311.2947
315.8896
311.2947
319.2963
319.2963
310.0592
319.7261
311.2947
319.2963
311.2947
310.8820
317.5860
316.3124
313.7883
317.1606
315.8896
318.8674
318.0122
311.2947
310.4701
317.1606
324.0727
313.7883
310.8820
320.1567
319.2963
317.1606
316.7361
317.1606
318.4394
317.5860
313.7883
319.2963
312.1226
318.4395
312.5378
321.0206
310.4701
320.5882
319.7261
312.9538
324.9528
319.7261
312.1226
312.1226
319.7261
317.1606
322.3233
321.0207
317.5861
317.5861
302.7990
317.5860
310.8820
313.7883
322.3233
320.5882
315.4677
319.2963
326.7242
305.5916
321.8882
321.4539
325.8366
318.4395
319.7261
319.2963
319.2963
311.2947
320.1567
320.5882
305.1902
310.8820
317.1606
317.5860
317.1606
310.0591
311.7082
319.7261
316.7361
319.7261
321.0206
311.2947
312.1226
312.1226
322.3233
317.1606
319.2963
317.5860
312.1226
318.0122
316.3124
316.7361
319.7261
324.0727
317.5860
318.8674
319.2963
318.0122
320.5883
318.8675
318.4395
318.8675
320.5883
319.2963
318.8674
318.4394
330.3115
316.7361
312.9538
326.2799
320.1567
319.2963
320.5883
319.7261
319.2963
318.0123
321.0207
319.7261
318.4395
322.7593
318.8674
318.4394
321.0207
321.8882
318.0122
321.8882
327.1692
324.0727
319.2963
318.4394
320.1567
312.1226
316.7361
323.1962
318.8674
321.4540
319.7261
315.4677
318.4394
318.8674
321.0206
318.4394
318.4395
320.5882
310.8820
324.0727
316.3124
315.8896
319.2963
316.7361
315.4677
320.5883
321.0206
319.7260
323.6340
323.6340
321.0206
317.1606
317.5860
316.7361
318.0122
319.7261
322.3232
321.0207
324.5123
319.2963
321.0206
321.4540
320.5883
316.7361
321.0207
323.6339
317.5860
320.5883
318.4395
321.4539
318.4394
322.7592
317.5860
318.4394
311.2947
315.8896
317.1606
317.5860
318.4395
320.5882
330.7641
319.7261
318.0122
318.0122
318.0122
318.8674
318.8675
315.0465
316.7361
322.3232
316.7361
310.4702
322.7593
322.3233
321.4539
322.7593
320.1567
318.8674
318.0122
318.8674
325.8366
318.4394
315.0465
319.7260
316.7361
323.6340
319.7261
317.1606
320.5883
321.8882
312.1226
319.7260
320.1567
325.8366
320.5883
319.7260
311.2947
324.0727
321.4540
326.2799
319.2963
319.7260
318.4395
319.7260
326.7242
323.1962
318.0123
321.8882
318.0122
318.8674
317.5860
305.5916
324.0726
318.4394
321.4539
325.8366
322.3232
320.5883
317.5860
316.7361
322.3233
309.2396
314.2069
319.7260
318.8674
331.6723
318.4395
316.3124
310.4702
319.2963
324.0727
317.5860
318.8674
318.0122
315.0465
307.6101
318.0122
317.5860
318.4394
321.4540
326.7242
305.5916
319.2963
329.4090
317.5860
320.1567
311.2947
311.2947
319.2963
315.0465
316.3124
324.0727
312.9538
317.5860
320.5883
309.6490
324.5122
323.1961
318.0122
318.4394
325.8366
320.5882
323.1961
318.0122
319.2963
318.4394
317.1606
328.5102
318.0122
315.0465
315.0465
323.1961
322.3233
322.3233
319.7261
318.4395
321.8882
317.1606
316.3124
310.8820
302.0080
315.4677
319.2963
311.7083
318.4394
310.0591
320.1567
318.4395
317.1606
318.0122
320.5883
319.2963
318.0122
315.4677
324.0726
313.7884
319.2963
318.4394
320.1567
315.4677
320.5883
345.7693
310.8820
312.1226
319.2963
315.8896
318.0122
319.2963
311.2947
317.1606
318.0122
308.4232
315.4677
316.7361
313.7883
315.8896
316.3124
310.4701
319.7261
299.6540
321.8882
318.4394
309.6489
312.5378
309.6489
322.3233
310.4701
318.8674
317.1605
316.7361
310.4701
317.5860
309.6489
309.2395
305.1903
311.2947
313.3707
312.5378
316.3124
312.5378
310.4701
313.3706
315.8896
315.8896
315.4677
316.3123
320.5883
316.7361
315.0465
324.9529
316.3124
311.2947
317.1606
318.4394
315.4677
314.6263
310.8820
313.7883
317.5860
319.2963
312.1226
312.9538
318.4395
295.4091
317.5861
310.4701
315.8896
319.7261
310.4701
312.5378
311.2947
306.3966
312.1226
318.0122
320.5883
308.0163
310.8820
305.5916
317.1606
315.8896
316.7361
318.0123
316.3123
317.1606
308.4232
310.4701
317.1606
317.5861
316.7361
311.2947
319.2963
316.7361
319.2963
310.4701
312.5378
307.6102
326.7242
312.1226
306.3966
327.6153
312.1226
307.2048
309.6490
321.8882
306.3966
310.4701
314.6263
308.8310
312.1226
304.7897
308.8310
308.0163
310.4701
309.2396
310.4702
305.9937
309.6489
304.7898
318.8675
307.2048
310.4701
310.8820
311.7083
303.5929
306.8003
308.8310
308.4232
310.4701
312.9538
312.1226
310.0591
308.0163
310.8820
305.1903
305.9937
319.7261
310.0592
306.8004
305.5916
312.5378
307.2049
306.3966
312.1226
305.9937
310.4701
312.5378
311.7083
307.2049
311.2947
312.1226
310.4701
311.2947
312.5378
310.0591
311.2947
302.7989
308.4232
317.1606
308.8310
309.6489
312.1226
310.0592
310.4701
307.2049
302.7990
305.9937
306.8004
305.9937
307.2049
310.0591
305.9937
310.8820
307.6102
306.8003
332.5843
314.6263
308.4232
307.2049
309.2395
306.3966
304.7897
305.9937
307.2048
305.1902
308.0163
301.2203
323.1961
319.7260
307.6102
305.9937
312.1226
305.1903
307.6102
308.0163
300.4357
303.1955
307.2048
328.9591
306.8004
305.9937
301.2203
305.1902
304.7897
307.6101
309.6490
304.7897
305.9937
302.0080
287.9177
308.8310
308.8310
304.7897
305.5916
305.1902
303.9910
309.6490
295.4090
305.5916
312.5378
304.7897
306.8003
308.0163
305.5916
302.7989
330.3115
304.3900
305.1903
303.1955
303.1955
305.1903
306.3966
303.1955
304.7898
303.5929
306.8003
305.9937
304.7898
301.6138
302.0080
303.5929
302.4031
315.0465
299.2643
295.0277
306.3966
305.1903
305.5916
299.6540
303.5929
302.7989
301.2203
302.0081
291.6276
297.7133
311.7083
298.0999
304.7898
304.3900
298.4872
294.2670
308.4232
300.8275
318.4394
300.8275
302.0081
300.4356
300.0444
302.4031
296.9421
300.4356
303.1955
303.9911
300.0444
296.5577
296.5578
300.0445
302.0081
295.0276
296.9422
300.8275
300.8275
299.6541
300.0444
297.7132
298.8754
304.7897
300.0445
324.5123
300.0445
296.1741
296.9422
297.3273
305.9937
294.6469
300.0445
296.5577
299.2644
301.6138
295.0276
293.8877
292.0024
299.6541
298.8755
294.6469
297.7132
296.9422
299.2644
303.1955
298.8754
295.0276
293.8877
293.1314
294.6469
300.4357
299.6541
291.2533
295.4090
300.0445
294.6469
300.4357
293.5092
294.2670
293.8877
290.5072
292.0024
296.9422
294.6469
291.6275
294.2670
293.1314
295.7912
297.3274
297.7132
290.8799
294.6469
293.8877
294.6469
291.2534
290.8799
293.8877
356.7069
295.4091
290.5071
292.7543
291.6276
285.3624
272.3959
292.3780
293.1314
290.1351
292.3781
290.5071
291.6275
292.0024
297.7132
286.0890
290.8799
292.0024
291.2534
293.5092
289.0233
288.2855
291.6275
292.7543
288.6541
288.2855
290.5071
285.7253
282.1259
285.0000
291.2534
285.0000
287.5506
290.1351
286.0890
287.5506
284.2774
287.9177
286.4533
286.0890
288.6541
288.6540
287.9177
296.1742
289.0233
298.0998
285.0000
288.6540
287.5506
284.6384
282.4828
289.3932
288.2855
286.4534
282.1259
289.3931
286.8184
281.0591
285.7253
284.2775
289.0233
279.2943
282.8404
281.7696
284.6384
281.7696
285.3623
286.8184
292.0024
281.4140
286.4534
280.3512
285.0001
283.1987
281.7696
281.0591
280.3512
285.0001
279.9983
282.1259
279.2943
281.7696
281.7696
282.1259
282.4828
282.8404
281.0591
278.9433
280.3512
280.3513
276.5045
279.6460
281.0591
279.9983
280.7049
278.9434
282.4828
275.8134
250.7085
274.7816
277.1981
280.3513
272.7348
277.5458
280.7049
276.8510
276.5045
277.5459
271.7198
276.8510
281.4140
275.1249
270.0403
275.8135
276.5045
268.7075
275.1249
278.2433
276.8510
272.3958
269.7062
274.4389
275.1249
271.7198
271.0462
268.7076
272.3958
272.7348
270.7103
268.3759
269.7062
271.7198
272.7348
272.3959
267.7143
268.3759
267.0550
272.0576
270.0403
266.3982
270.7103
272.7348
270.7103
260.2735
269.7062
269.0398
269.3727
269.3727
266.0706
270.0403
267.3844
265.7437
275.8134
264.4417
266.3983
266.0706
263.4713
265.7437
266.7264
271.7198
260.2736
264.7664
273.0744
264.4417
261.5459
262.5060
264.4418
263.7942
259.9568
262.5060
262.8272
265.0916
262.1855
260.2736
260.9086
259.9569
259.6407
261.2269
254.6572
260.9086
259.9569
259.3251
258.3817
257.4433
256.1996
256.5097
260.2736
258.0684
259.6408
258.6957
258.0684
255.8900
255.2725
254.9645
255.2725
254.0438
254.0439
251.6119
257.7556
256.1996
252.2167
252.5200
254.6571
254.0438
253.7380
253.7380
249.5112
234.6583
253.4327
250.7085
247.7304
250.4084
252.5199
253.1279
251.0091
249.5112
249.8098
247.4354
248.3220
248.3220
249.5112
249.5112
246.5533
251.3103
250.4084
250.7085
247.4355
244.5125
247.4355
243.6451
246.5533
247.1409
247.1409
242.7821
242.4954
243.6451
244.2228
243.9337
244.2229
241.3534
243.3569
239.9366
242.7821
241.9234
241.0691
239.9366
238.5315
239.9366
241.3534
239.6546
236.5838
237.9727
237.4157
239.3731
234.6583
239.3732
236.3073
234.3850
240.5019
233.5678
231.9455
236.3073
237.4158
235.4808
237.1379
229.2763
235.4808
234.6583
233.5679
229.8067
231.4081
211.4929
223.8085
229.2763
225.6109
226.6498
228.7476
224.0648
225.8699
223.0422
224.0648
227.1717
229.5413
224.5785
226.1295
226.6498
224.3215
223.5527
225.3521
225.0938
224.3214
224.0648
222.7875
223.0422
223.2972
221.2681
220.5137
219.5134
215.0881
219.5134
220.0128
217.0397
221.2681
220.7648
216.7944
216.0609
214.8459
218.0246
215.8172
213.4002
209.3750
218.2717
210.7837
212.6822
211.0198
206.8251
211.4929
210.0778
215.8172
206.5955
211.9675
210.3127
208.2107
206.8252
204.7700
210.0778
209.1414
207.7475
208.4429
205.4520
204.0910
204.7700
205.6800
204.9970
207.2856
204.3170
207.2856
204.3170
198.3310
205.9084
200.3000
199.8602
200.7411
200.3000
197.4642
200.5204
199.4217
199.8602
196.8174
195.3190
194.2579
194.0466
193.2044
194.6814
192.7852
194.2579
191.3271
193.2044
186.2363
189.0650
189.8835
196.6024
193.2044
191.7422
187.4418
188.8611
190.7067
170.5405
189.4737
187.8459
186.4364
185.0408
185.2394
183.8553
184.0522
183.8553
183.4623
183.4623
181.1272
179.9739
179.4008
176.5703
177.5074
178.8301
177.8840
175.8251
171.2573
176.9444
171.0778
171.2573
171.6172
171.6172
167.1867
171.2573
170.8985
169.4723
170.0054
169.4724
168.2368
169.1181
168.7649
167.1867
170.7194
166.3178
169.2952
164.2555
165.4547
165.9719
162.5612
166.1448
163.7449
163.5752
162.5612
161.5550
159.4011
158.4189
155.3571
158.0932
155.6760
155.8357
158.2560
158.5821
155.0391
154.4053
152.8345
152.5227
154.4053
151.5918
148.2365
151.2831
149.7505
151.7465
148.6888
149.1427
145.2630
148.9912
143.5128
148.2365
145.4100
145.4100
143.6577
144.5307
141.3599
139.3846
141.5023
142.3598
139.9457
140.2272
137.8551
137.4413
138.5479
138.1317
136.7550
134.9888
134.7194
135.2588
134.7194
133.2488
133.2488
131.2728
129.2016
130.2325
130.6216
128.6897
130.3621
128.1799
129.3300
128.1799
125.5408
126.1636
127.2934
125.5408
124.3053
123.6927
124.0599
123.6927
123.0834
122.1154
120.9171
119.1438
119.1438
122.4774
119.0265
118.6757
116.1365
115.9085
115.2277
117.3987
115.6811
115.6811
115.1146
112.5466
113.4328
112.3262
111.9964
111.4491
110.2549
109.9315
109.8239
110.9046
109.7165
107.1701
107.3800
107.0654
106.7517
105.7131
106.2311
104.3784
102.6589
102.5587
103.6669
101.3634
101.2645
101.0668
100.2801
100.0844
99.4995
98.6286
97.6698
97.2889
96.5314
96.6258
95.4993
94.9409
94.2935
94.4780
92.9205
93.3760
91.1197
92.8296
91.9258
92.4671
90.4973
90.0553
89.7910
89.6153
88.3073
87.9616
88.7413
87.0174
86.4214
87.0174
86.2518
84.9897
84.7394
84.5728
83.2513
82.7606
82.7606
82.1104
81.7870
81.2238
81.4648
80.4254
78.5375
80.2665
79.0057
77.5312
77.8396
76.5363
77.0706
76.1566
76.4602
75.8540
75.1769
75.7031
74.2081
74.1341
73.1767
73.3967
73.4702
71.7963
71.0072
71.1501
71.3650
70.2960
70.2960
69.9427
69.6610
68.6131
67.7154
68.2667
67.9217
66.5557
67.5096
66.5557
66.4204
66.3528
65.2118
64.2839
65.1452
65.8139
63.8894
63.8894
63.7583
