31.9845
32.6687
34.7201
35.4330
36.1082
38.0817
39.1609
38.7836
40.7392
42.6513
43.4006
44.5140
44.9744
45.6447
47.0041
48.6045
50.1850
51.4627
51.2389
52.5346
54.3166
54.7832
56.0216
56.3791
57.4615
58.9281
59.4852
59.9837
60.6111
61.8810
64.4818
65.1452
65.6127
66.6235
67.4411
67.9217
68.6131
69.8721
71.1501
70.3669
72.1575
71.9406
73.4702
74.2081
74.9524
75.3270
75.0272
76.0808
79.1624
77.9169
78.3042
79.3193
80.1080
83.8271
81.4648
81.0636
81.8677
83.6622
83.0056
83.7446
84.9897
85.4085
85.4925
87.1883
87.7031
88.2208
88.7413
88.7413
89.0899
89.5275
90.4088
91.2983
90.9415
90.9415
90.9415
91.9259
92.2863
92.3767
92.7389
94.2013
93.9254
94.1093
95.4060
95.3128
95.4060
94.6629
95.4060
96.9094
97.0990
96.0610
97.4792
98.1481
96.9094
98.9181
98.3400
98.5323
98.4361
98.5323
99.6941
101.3634
99.4024
99.6941
101.1656
100.5744
101.2645
102.5587
101.9593
101.6609
104.5826
102.6589
102.7593
103.0609
102.7593
102.0589
104.2765
104.2764
104.7872
107.5902
104.8897
104.8897
105.3006
104.3784
106.4391
105.8165
105.1977
106.9607
106.1273
107.5902
107.3800
108.0120
106.7517
107.6955
107.8009
108.0120
108.3295
108.2236
107.3800
107.8009
107.8009
109.3948
107.0654
108.9673
109.6091
109.6091
110.4710
111.0133
108.9673
108.9673
109.9315
109.9315
111.6677
109.6091
111.2310
109.6091
110.2549
109.7165
111.4491
110.7960
110.3629
110.1469
111.3400
111.2309
111.4491
110.7960
111.5583
112.2162
112.7675
111.3400
112.1062
110.9046
111.7772
111.6677
111.6677
111.6677
113.3217
113.2106
111.2309
111.4491
111.9964
113.5441
112.6570
112.6570
113.9905
113.9905
113.6556
113.8787
113.2106
114.4387
113.0996
114.3265
115.4542
115.0017
113.5441
114.2144
115.5676
114.8889
114.6636
114.6636
114.8888
115.2277
115.3409
115.5676
115.5676
114.6636
115.7948
119.6139
115.2277
115.5676
117.1681
116.5938
116.9380
115.2277
115.1146
114.7761
115.9085
116.1365
116.0224
115.5676
115.4542
115.7948
115.3409
116.5937
116.8231
116.5937
115.3409
117.0530
116.1365
116.4792
116.5937
117.1681
115.7948
117.5141
117.3987
115.7948
116.8231
117.0530
117.1681
118.2096
117.2833
117.5141
117.3987
116.8231
116.9380
117.6297
117.2833
117.0530
117.7455
116.4793
117.1681
117.3986
118.4424
117.3987
117.6297
117.8613
117.5141
117.1681
117.3987
116.1365
117.3987
116.7084
118.6757
117.6297
117.1681
115.3408
117.9772
117.1681
118.0934
117.5141
118.0934
118.2096
118.2096
118.6757
117.0530
117.8613
118.9095
118.5590
117.7455
117.5141
116.9380
117.7454
119.2611
118.6757
118.5590
117.5141
118.6757
118.6757
117.8613
118.3259
118.3259
118.6757
118.4424
117.9772
117.7455
117.8613
117.7455
117.6297
119.3786
119.0266
118.7925
118.5590
118.2096
118.4424
117.7454
118.6757
118.5590
118.3259
119.0266
118.6757
117.5141
119.0266
118.3259
118.6757
118.6757
118.0934
117.3987
118.6757
116.9380
118.5590
119.0266
119.0265
118.4424
119.2611
119.7317
119.4962
118.0934
120.2043
119.4962
118.7925
119.7317
119.1438
118.4424
119.9678
119.4962
119.1438
118.9095
119.2611
117.7454
119.8497
118.5590
118.9095
118.6757
121.3949
118.5589
119.0266
119.3786
119.0266
120.0860
119.8497
119.1438
119.0265
119.3786
118.5590
118.3259
119.4962
119.2611
119.9678
118.9095
118.6757
119.3786
119.2611
121.2752
119.7317
119.6139
120.0860
119.2611
119.7317
120.5602
119.1438
118.7925
119.4962
119.2611
119.3786
121.3949
120.2043
119.8497
118.0933
120.7980
118.3259
118.6757
120.3228
119.6139
119.3786
119.8497
119.0266
121.0364
120.2043
120.3228
120.2043
121.3949
119.4962
120.4414
120.4414
120.7980
121.1557
119.7317
121.1557
120.3228
119.0265
119.0266
120.2043
121.1557
121.3949
120.3228
120.0860
121.1557
121.2752
119.9678
120.0860
120.6790
119.3786
118.2096
121.1557
118.5590
120.5602
120.0860
120.7980
119.9678
120.4414
122.3566
120.2043
118.5590
121.2752
119.9678
119.2611
121.7546
120.3228
120.3228
119.3786
121.6345
120.4414
118.6757
121.1557
120.6790
120.9171
120.2043
119.9678
121.1557
119.0265
120.0860
119.8497
120.6790
120.3228
119.7317
119.4961
120.3228
118.3259
121.1557
120.4414
118.6757
118.9095
119.0265
119.7317
118.4424
118.9095
119.8497
119.0266
120.6790
118.7925
119.1438
119.2611
119.8497
119.4962
119.3786
119.8497
118.3259
119.3786
118.5590
120.2043
118.2095
116.8231
117.2833
121.1557
118.6757
118.0934
119.3786
119.0265
119.2611
118.3259
119.1438
119.0265
116.4792
119.0265
118.7925
118.6757
118.6757
118.6757
118.7925
118.6757
118.2096
120.2043
121.5146
118.4424
119.4962
119.0265
118.2095
117.0530
118.7925
118.9095
118.7925
119.1438
118.7925
119.4961
117.1681
118.6757
118.3259
117.3987
117.2833
118.7925
117.6297
118.5590
118.0933
119.6139
116.3649
119.7317
118.3259
117.8613
119.4962
117.2833
118.7925
117.0529
118.2096
117.3986
117.7455
118.6757
117.9773
117.5141
117.8613
117.5141
118.0934
118.4424
117.9773
117.9773
117.3986
118.0934
118.4424
117.9773
116.7084
118.4424
116.9380
116.7084
119.3786
117.7455
117.0529
115.9085
113.6555
117.8613
116.8231
118.0934
116.8231
117.1681
116.7084
116.7084
116.9380
116.5937
117.0530
119.2611
117.0530
117.2833
116.7084
116.3649
115.6811
116.5938
116.5937
116.4793
117.1681
116.7084
116.8231
116.7084
115.5676
116.8231
116.5937
116.7084
115.2277
116.2506
115.6811
116.7084
116.2506
116.0224
114.7761
114.1024
117.1681
115.0017
114.6636
115.2277
115.2277
114.8889
115.3408
115.2277
115.3409
114.3265
114.6636
115.2277
113.8787
115.1146
114.8889
114.4387
114.4387
115.2277
113.3217
114.6636
113.2106
113.9905
114.1024
114.8889
112.4363
113.8787
113.7671
114.5511
112.5466
115.2277
112.9888
111.9964
111.5583
112.2162
111.8867
113.3217
111.8867
112.2162
111.1220
111.5583
111.7771
113.0996
111.1221
111.1221
111.6677
109.9315
110.2549
110.5792
109.9315
110.0392
108.5417
110.1470
110.6876
109.3947
111.1221
109.9315
109.8239
107.9064
108.2236
109.0740
110.1470
109.1808
108.9673
107.9064
108.9673
108.1177
107.6955
106.2311
107.3800
107.4850
106.6474
105.5066
107.9064
108.1177
106.7517
107.9064
107.6955
107.1701
106.9607
106.6474
105.7131
106.6474
104.5826
105.4036
104.7872
104.3784
106.9607
102.5587
103.5656
104.1746
102.8597
105.0949
111.1221
102.3585
102.5587
104.3784
102.3585
102.2585
100.0844
100.2801
101.7603
99.5968
99.2084
99.7915
99.2084
99.4024
98.2440
98.2440
97.3840
97.5745
96.6258
96.3429
97.6698
96.8148
96.6258
95.6862
97.0990
95.8734
95.8734
94.4780
95.0338
94.6629
95.4060
94.2935
94.2013
93.8336
92.6482
91.6564
88.8283
91.7461
91.3877
89.8790
90.2318
89.0027
89.7031
88.6544
87.8754
86.8467
86.9320
86.5063
86.5063
85.3246
85.9980
85.1570
84.8228
84.5728
84.6561
83.1693
82.8422
81.6257
82.2725
82.0294
78.7713
80.3459
79.1624
79.0840
79.2408
78.3819
77.4543
76.7649
76.6124
76.5363
75.8540
75.4021
73.8384
73.3967
72.5928
72.5928
71.7963
70.6509
71.2217
70.5798
70.2960
67.9217
67.3043
67.4411
66.6913
66.4204
65.6127
65.1452
64.6803
64.0864
62.3302
61.6254
61.8170
61.4343
59.7964
59.6095
58.6203
58.0693
55.9622
57.4615
55.8435
55.9028
54.4329
54.1423
53.5642
53.1049
52.5915
50.7379
50.6824
49.7457
49.3089
49.2001
48.5506
47.8000
47.1626
47.2685
46.3736
44.8206
45.0771
44.5650
43.4006
42.3043
42.2055
41.5174
41.2246
40.2092
39.9217
39.2082
38.8307
38.1282
37.6176
37.5714
36.0630
35.4778
35.4778
33.9708
33.9708
33.2298
32.7547
32.3685
31.2653
31.0133
30.3046
29.5625
29.3579
28.7074
28.3041
28.6265
27.7836
27.3069
26.5985
26.7160
26.5202
26.1305
25.5120
25.1667
24.5197
24.2175
24.1422
25.0903
25.9366
27.3069
27.6243
28.5457
29.8089
30.1803
31.3074
32.0697
32.9271
33.2298
34.5872
36.2440
36.4256
38.4084
38.4552
39.8739
41.8115
41.5174
42.4528
43.6018
44.7694
45.4378
45.9042
46.3213
47.9067
49.5816
50.2401
51.4067
51.6871
53.3342
52.7622
55.1938
56.1406
56.1406
57.8256
58.0083
59.7341
59.7341
61.9450
61.3706
63.4315
64.0864
64.6803
65.5458
66.4880
67.0994
68.0595
68.8913
70.0838
69.9427
71.2217
71.8684
73.3233
73.2500
74.3565
74.1341
75.1769
75.2519
76.6124
77.6853
78.2266
78.3042
79.9497
80.1080
80.3459
80.8237
82.3537
81.1437
83.0874
83.8271
84.1578
82.6790
85.7449
86.8467
86.8467
87.7892
87.8754
88.2208
87.7031
88.7413
89.5275
89.6153
90.1435
89.8790
90.2318
92.1961
92.1059
92.0159
87.7892
91.2982
92.2864
95.4060
95.4060
94.8482
95.0338
95.1267
95.7797
95.4060
95.4060
95.8734
97.6698
97.4792
97.7653
97.4792
98.1481
97.9565
101.5617
100.5744
100.9681
100.3781
98.6286
99.3053
99.7915
100.1822
101.7603
100.7711
102.1587
101.4625
103.0609
101.4625
102.6589
103.5656
102.8597
104.4805
104.3784
102.5587
103.7682
105.1977
104.4805
105.1977
105.5066
106.2311
105.5066
105.5066
106.6474
106.2311
105.9200
107.4850
107.1701
106.0236
107.0654
107.0654
107.1701
109.5019
108.5417
108.9673
108.3295
108.7543
108.7543
109.7165
108.7543
109.2877
108.9673
109.8239
109.5019
109.8239
109.7165
109.7165
110.0392
110.6876
110.9046
110.9046
110.0392
110.6876
108.2236
111.5583
112.5466
110.2549
110.3629
111.7772
111.7772
111.3400
112.3262
113.0996
109.3948
112.2161
111.7772
111.5583
112.6570
111.4491
112.7675
111.8867
111.8867
112.3262
113.5441
114.3265
113.2106
112.6570
112.5466
113.0996
113.7671
112.3262
113.3217
113.6555
112.9888
112.3262
113.0996
114.4387
113.6556
115.1146
115.0017
115.0017
113.4328
114.5511
115.7948
114.7761
114.7762
115.4542
113.0996
114.7762
113.0996
112.7675
114.2144
116.4792
116.5937
114.4387
115.9085
115.5676
115.7948
116.1364
114.6636
117.1681
115.7948
117.2833
116.9380
117.8613
116.5938
116.9380
115.9085
116.3649
117.6297
117.0530
116.7084
116.7084
116.8231
116.8231
115.7948
117.2833
113.9905
118.5590
116.5937
117.7454
117.6297
116.8231
116.2506
118.0934
118.3259
119.1438
115.7948
117.8613
115.7948
119.4962
116.1365
117.6297
115.2277
116.0224
117.9773
118.4424
116.5938
118.9095
117.5141
116.5938
118.5590
117.5141
117.1681
119.4962
119.0266
117.1681
116.4792
115.7948
118.5590
117.7454
118.0934
118.0934
116.9380
118.6757
117.2833
118.5590
118.2096
119.2611
118.3259
117.6297
118.6757
119.2611
119.2611
118.9095
118.4424
117.6297
120.2043
116.7084
116.9380
118.7925
118.5590
116.9380
117.3987
115.3409
119.7317
117.6297
118.7925
117.6297
119.3786
118.7925
119.3786
118.9095
118.7925
119.0266
118.9095
118.5590
119.3786
118.2095
119.4961
118.5590
118.7925
119.4962
119.2611
118.0934
119.9678
119.1438
118.2095
119.8497
118.7925
119.0266
119.6139
118.7925
119.3786
119.1438
118.2096
119.2611
118.4424
118.6757
118.6757
119.2611
118.6757
118.7925
119.2611
119.4962
118.3259
118.3259
119.1438
121.0364
118.7925
120.6790
120.6790
120.0860
119.2611
119.0266
120.3228
119.3786
119.0265
119.0265
119.1438
119.0266
120.2043
121.0364
120.2043
119.1438
118.7925
120.9171
119.8497
120.7980
122.1154
119.0265
119.6139
119.0266
119.1438
119.4962
119.3786
120.4414
120.4414
120.5602
119.7317
120.7980
119.3786
120.3228
119.9678
119.4962
120.2043
119.7317
120.3228
120.9171
122.4774
120.6790
120.2043
120.0860
120.9171
119.0266
120.0860
119.4962
121.2752
119.8497
120.9171
120.5602
119.6139
122.2359
119.6139
120.6790
120.9171
120.2043
120.4414
120.2043
119.0266
121.0364
120.3228
120.5602
118.6757
120.2043
120.2043
118.7925
120.3228
119.7317
121.6345
120.0860
120.3228
120.3228
120.7980
120.4414
119.4962
120.5602
119.8497
119.4962
119.3786
120.0860
120.3228
119.6139
117.6297
120.0860
122.1154
120.4414
119.4962
121.8747
119.0265
120.0860
120.7980
120.5601
120.4414
120.0860
119.4962
120.5601
119.6139
118.6757
119.0265
119.7317
119.6139
118.9095
119.0266
118.9095
118.9095
119.8497
119.9678
118.7925
118.6757
120.4414
119.2611
120.2043
117.8613
120.4414
119.2611
118.0933
118.2096
120.0860
119.4962
116.9380
118.7925
120.4414
118.5589
119.4962
120.6790
118.7925
118.9095
119.1438
118.5590
118.4424
119.0265
119.0266
119.6139
118.2096
120.4414
119.3786
119.7317
118.6757
119.7317
118.3259
118.4424
119.4961
119.2611
119.2611
118.4424
118.3259
119.0266
119.8497
119.4962
118.9095
119.2611
119.0265
119.3786
117.6297
118.3259
117.5141
117.8613
118.6757
117.7455
118.3259
118.7925
118.9095
119.1438
118.2096
118.5590
119.0266
118.5590
119.2611
118.4424
119.2611
118.0933
117.6297
118.6757
118.0933
118.3259
119.0266
117.5141
118.7925
118.3259
119.1438
117.0530
116.0224
118.7925
116.7084
117.8613
118.0934
119.0265
117.9772
118.0934
116.5937
118.7925
118.4424
117.3987
117.9773
117.9772
116.8231
117.2833
117.1681
117.8613
117.0530
117.1681
118.6757
118.0934
117.2833
115.6811
117.8613
117.7454
118.0934
116.0224
117.5141
118.2096
115.7948
116.5938
117.1681
116.4792
117.7455
116.8231
116.9380
116.0224
117.2833
116.8231
115.3408
116.5938
115.7948
116.4792
116.7084
116.9380
117.2833
116.1365
116.8231
116.5938
116.9380
115.1146
114.4387
115.1146
115.3409
115.4542
116.8231
115.2277
115.1146
115.7948
114.6636
120.2043
115.6811
115.4542
115.2277
115.0017
115.2277
116.0224
115.3409
114.3265
115.5676
113.8787
114.3265
114.2144
114.3265
113.7671
113.8787
113.3217
112.8781
112.7675
113.3217
112.6570
113.9905
113.6556
113.8787
112.1062
113.4328
111.6677
111.8867
112.8781
111.5583
112.2161
111.3400
111.6677
111.4491
111.8867
110.7960
111.5583
110.2549
113.2106
111.2310
111.4491
110.7960
110.5792
110.7960
111.7772
111.0133
109.8239
110.5792
110.1470
109.2877
108.5417
109.3947
109.1808
108.3295
109.3947
109.2877
109.2877
106.8562
109.1808
108.3295
109.3948
108.4355
107.8009
107.0654
108.2236
107.9064
107.3800
106.3350
106.7517
106.3350
107.9064
106.8562
106.6474
105.7131
105.0949
105.5066
105.6098
105.6098
104.0729
104.6849
103.9712
104.1746
105.7131
103.9712
102.4585
106.6474
102.2585
105.0949
102.9603
102.8597
102.6589
101.8597
100.4762
100.5744
100.1822
100.9681
100.2801
98.9181
99.8891
99.4995
99.4024
98.5323
98.8215
98.7250
98.3400
97.3840
97.6698
93.6503
96.5314
96.7202
95.7797
95.3128
96.4371
94.4780
94.0173
93.2847
94.3857
94.2935
93.5588
92.1961
92.8296
92.4671
91.0305
92.3767
90.5860
91.2089
90.5860
88.5675
89.7910
89.0899
88.6544
88.3073
86.8467
86.8467
88.0479
86.4214
85.6607
84.9062
84.9062
84.1578
83.9097
82.5976
83.6622
81.6257
81.5452
82.1914
81.3844
80.3459
80.6642
79.0057
76.9941
79.3978
77.7624
77.4543
78.0716
76.2324
75.9295
76.3083
75.1020
73.6173
74.0601
73.3967
71.7243
71.7243
70.7932
70.7932
70.2252
68.5437
68.8217
67.7154
67.9906
66.9632
65.7468
66.2177
63.8894
61.6892
64.1522
63.9550
62.0091
61.4343
60.7372
60.0462
59.9212
58.0083
58.1914
57.4009
56.7982
55.9028
55.6658
55.3115
54.0263
53.3917
51.9686
51.6871
50.9602
50.4610
49.5270
49.3633
48.7124
48.0137
47.3745
47.0041
46.2168
45.6965
45.5412
43.4006
43.9045
43.3003
43.1500
41.8606
41.5174
41.2246
40.3533
39.6831
39.0192
38.7836
37.5252
37.5714
36.5165
36.5621
35.3882
35.2987
34.3223
33.7520
33.6211
32.8839
32.0271
31.8995
31.2653
30.7623
30.1390
29.6856
28.9505
28.7478
28.8694
27.5448
27.9033
26.9123
26.9911
26.2472
25.9753
25.2433
25.2433
25.3583
24.4062
23.9919
23.8419
22.9864
24.2552
25.1667
25.6661
26.5985
27.2673
27.3069
29.3579
30.1803
31.2653
31.7722
32.5399
33.6647
34.6758
35.6124
36.4256
37.2486
38.1282
38.9249
40.4015
41.1759
41.8606
42.9501
43.8540
44.4120
45.4895
46.3736
47.4806
47.7467
49.4724
50.8489
50.6270
51.6871
52.4778
54.1423
54.3166
55.5475
56.6783
56.9786
58.2525
58.3749
58.6818
61.1801
61.1167
63.0411
63.8238
63.6929
65.0121
66.2177
67.8529
66.4880
69.5206
68.8913
69.5205
72.2299
71.4367
71.9406
73.2500
74.1341
74.2081
74.7285
76.2324
76.0808
77.3006
77.9169
77.5312
79.0840
80.2665
80.3459
79.8706
81.2239
81.7870
82.2725
82.4349
84.2407
84.1578
84.9062
85.5766
86.4214
85.7449
86.6763
87.9616
86.9320
89.7031
88.3074
89.5275
89.3522
89.4398
90.6747
91.2089
92.4671
91.8360
92.2863
92.5576
92.7389
93.9254
92.5576
94.4780
99.4024
94.5704
95.3128
96.3429
96.4371
95.8734
96.9094
95.5927
96.9094
97.5745
97.9565
97.8608
98.5323
99.8891
99.1115
99.4024
99.5968
100.1822
100.5744
100.8696
100.3781
101.0668
101.6609
103.8697
101.3634
102.4585
103.1617
102.8597
102.6589
102.1587
103.4645
104.8897
103.7682
105.4036
104.5826
104.9923
105.6098
105.0949
105.6098
106.1273
105.8165
104.8897
106.5432
106.2311
107.4850
106.7517
107.6955
106.5432
108.1177
107.9064
107.6955
108.2236
109.1808
109.8239
107.5902
108.3295
108.9673
108.7543
108.4355
112.6570
110.5792
109.8239
110.0392
110.4710
110.0392
110.1469
110.9046
111.1221
109.3948
111.8867
112.1062
111.8867
111.2310
110.2549
111.4491
112.5466
116.0224
111.9964
113.5441
108.4355
111.4491
111.1220
112.3262
110.5792
113.0996
111.5583
112.9888
113.3217
112.4363
112.2161
113.7671
112.5466
113.5441
112.7675
113.5441
113.2106
112.9888
114.7762
113.4328
112.9888
113.5441
113.9905
114.8889
113.4328
114.3265
114.3265
114.6636
113.6555
113.8787
119.6139
114.7762
114.1024
115.5676
113.5441
115.7948
115.5676
116.1365
115.4542
114.6636
115.1146
115.9085
116.2506
115.0017
115.5676
117.0530
114.8889
115.9085
117.0530
115.1146
116.7084
116.8231
117.3987
115.7948
116.4792
115.4541
115.3408
117.6297
116.7084
116.4792
117.3987
118.5590
116.4792
117.1681
115.7948
117.7455
116.9380
116.7084
117.7455
124.6746
115.4542
118.0934
117.5141
117.2833
116.0224
117.1681
116.4792
117.7455
117.2833
120.9171
117.5141
117.6297
117.6297
118.6757
116.9380
117.6297
117.7454
119.3786
118.6757
117.5141
116.7084
117.0529
116.9380
118.3259
117.6297
117.7455
117.9773
117.5141
118.3259
118.3259
116.9380
118.9095
117.8613
117.8613
119.7317
118.3259
118.7925
117.6297
118.9095
118.4424
117.8613
118.7925
119.3786
118.7925
119.2611
118.6757
119.3786
119.4962
121.1557
119.2611
118.9095
118.0933
119.7317
119.0266
118.6757
118.6757
117.6297
119.7317
118.6757
118.5590
118.6757
118.3259
118.9095
118.9095
119.8497
118.7925
118.3259
117.6297
119.9678
118.7925
120.3228
118.9095
118.6757
118.6757
118.0934
119.6139
119.2611
119.7317
119.1438
118.9095
119.7317
121.0364
118.4424
119.4962
118.6757
120.0860
119.3786
119.6139
120.3228
118.7925
119.0265
118.9095
120.4414
119.6139
119.1438
120.5602
118.6757
120.3228
119.0266
119.2611
119.9678
120.4414
119.9678
120.0860
120.3228
119.3786
120.6790
118.5590
120.0860
119.3786
119.8497
119.7317
119.8497
119.1438
119.7317
120.2043
121.9950
120.6790
119.3786
121.0364
118.2096
120.3228
121.1557
120.3228
120.5602
120.6790
120.3228
120.7980
119.0265
120.5602
119.8497
119.4962
120.2043
120.7980
119.2611
122.8406
121.5146
120.9171
121.2753
120.2043
121.0364
121.6345
121.3949
119.0266
119.8497
119.4962
120.4414
119.0265
122.2359
120.0860
119.7317
120.4414
120.7980
120.9171
121.1557
121.8747
120.2043
119.8497
121.5146
120.4414
119.6139
120.2043
120.7980
120.2043
121.6345
118.7925
120.5602
120.4414
121.1557
120.4414
120.3228
121.6345
119.8497
120.6790
121.1558
120.0860
118.9095
119.9678
120.3228
120.6790
119.4962
120.0860
120.0860
118.7925
120.5602
118.5590
121.7546
119.6139
121.8747
122.9619
120.4414
120.5602
120.3228
118.6757
119.2611
121.2753
119.4961
119.1438
120.3228
120.2043
121.2752
120.9171
120.5602
119.9678
119.3786
120.0860
119.8497
119.9678
119.8497
119.7317
119.0265
119.8497
120.2043
118.9095
119.4962
120.7980
118.7925
119.6139
119.6139
119.7317
119.0266
119.8497
118.6757
118.4424
115.6811
119.8497
119.4962
119.8497
119.8497
118.7925
118.9095
119.7317
119.0266
120.4414
120.0860
119.4962
118.4424
120.6790
117.6297
119.7317
121.1558
118.7925
119.1438
118.9095
119.2611
118.2095
119.8497
118.4424
119.0266
118.9095
119.1438
120.7980
119.7317
118.9095
118.7925
118.5590
118.7925
117.2833
117.9773
120.9171
118.2096
118.9095
117.9773
117.8613
118.7925
118.4424
118.0934
119.0266
119.6139
117.6297
119.0265
117.3987
118.2095
117.1681
118.9095
118.4424
117.5141
119.6139
117.9772
118.5590
118.5590
119.3786
119.1438
117.8613
118.9095
118.6757
115.5676
115.6811
118.9095
115.9085
116.7084
117.3987
117.6297
117.8613
118.6757
116.9380
118.7925
117.6297
118.0934
116.2506
117.3987
119.1438
115.7948
116.8231
117.7455
116.7084
115.3409
118.0934
117.3987
119.3786
115.4542
117.1681
118.0934
116.5937
117.8613
116.7084
116.9380
117.2833
116.1365
113.5441
116.4792
118.0934
116.7084
116.3649
115.4542
115.4542
117.5141
119.0265
115.0017
117.6297
117.2833
116.9380
114.6636
115.4542
116.8231
115.0017
115.2277
116.3649
116.1365
115.2277
115.3409
117.1681
115.3409
115.9085
115.2277
115.3409
115.2277
115.3409
115.6811
115.5676
115.0017
115.2277
115.4542
113.6555
113.0996
113.0996
114.5511
114.5511
114.1024
113.7671
112.9888
112.8781
112.3262
112.5466
112.9888
112.2161
112.2162
112.3262
112.1062
113.2106
111.5583
111.5583
111.4491
112.1062
111.7772
111.6677
111.6677
111.0132
111.3400
110.4710
111.6677
110.9046
111.0133
109.8239
111.4491
108.1177
110.7960
110.6876
109.7165
108.1177
110.0392
109.2877
109.8239
109.9315
109.6091
111.6677
108.4355
108.3295
108.4355
108.6479
107.3800
108.3295
107.8009
108.1177
107.4850
104.7872
106.7517
107.5902
108.2236
106.2311
105.5066
107.1701
106.0236
105.7131
106.3350
105.4036
106.4391
104.2764
103.7682
104.7872
105.8165
104.0729
104.1746
103.7682
103.5656
102.0590
101.6609
101.4625
101.5617
100.8696
101.2645
101.4625
101.2645
101.1656
99.9867
100.5744
100.5744
98.3400
98.8215
99.3053
97.8608
98.5323
97.9565
97.1939
97.0990
97.5745
96.3430
97.0990
95.8734
95.9671
94.8482
95.3128
94.2935
94.5704
93.5588
93.2847
93.0114
92.1059
92.1961
91.2089
91.0305
89.3522
90.6747
91.1197
90.4088
89.6153
89.1773
88.8283
88.7413
87.1883
86.7615
85.8292
85.4085
86.5913
85.4085
85.5766
83.8271
83.6622
83.9097
83.9923
82.6791
83.2513
82.1104
81.3041
79.9497
79.6339
78.8494
79.3193
78.9275
78.6933
77.2239
77.5312
76.6124
76.6886
75.1769
75.4772
73.9122
73.9122
73.3967
73.3233
72.2299
70.7220
70.6509
69.8017
69.4504
68.7521
68.7521
67.9906
66.6913
65.9483
65.1452
65.1452
63.7583
63.2361
63.7583
62.0091
61.1801
60.6742
60.6111
59.6095
59.9212
58.1914
57.9473
57.0388
56.9786
55.8435
55.0175
54.5495
53.2195
53.2195
53.1049
52.3077
51.5187
50.5163
50.2401
49.5270
48.8746
47.8533
47.3745
47.2684
45.3346
45.3346
45.5929
44.5650
43.4508
44.0564
42.2055
41.7624
40.9330
40.2092
39.5403
38.8778
39.2556
37.8029
37.6176
36.4256
36.6076
36.1082
35.3434
34.3224
34.2343
33.8832
33.4904
32.7117
33.0999
31.8570
31.6028
30.7623
30.3461
29.6446
29.4397
28.3443
27.3861
26.9517
27.4257
27.2278
26.9123
26.2472
26.0529
25.7046
25.1285
25.0139
24.4062
24.3307
23.7670
23.3569
23.3569
23.0603
22.9126
