31.5182
31.9420
33.6647
34.4547
35.9275
36.2894
38.6427
38.5488
39.8739
41.0301
42.3538
43.5514
44.1071
44.9744
46.7933
46.9514
47.7467
48.9288
49.8553
50.4057
52.3077
53.6219
53.8527
54.9589
55.3705
56.6783
58.2525
58.8665
59.9837
60.1714
61.6892
61.6254
63.6274
64.6803
65.8139
67.3043
68.3359
68.5437
69.1704
69.6610
70.5798
71.3650
71.7963
73.3967
73.8384
74.1341
75.4021
76.0808
76.5363
76.3842
81.1437
77.6853
79.3193
80.2665
79.8706
81.5452
81.3041
82.1104
82.0294
84.0750
84.0750
84.8228
85.9136
84.6561
87.2739
86.7615
87.2739
87.9616
88.4807
89.5275
90.0553
89.3522
89.8790
91.8360
90.8525
92.4671
92.1059
91.9259
95.9671
93.8336
92.2863
93.1935
94.9409
94.0173
95.4993
94.9409
95.6862
95.9671
95.7797
96.9094
95.6862
96.9094
97.3840
98.0522
98.7250
97.8608
101.2645
99.4995
97.7653
99.1115
100.8696
100.7711
100.3781
101.5617
101.5617
101.1656
102.8597
102.6589
102.6589
102.2586
102.0589
104.0729
104.5826
104.6849
102.9603
102.8597
104.5826
104.8897
103.3634
104.2765
105.8165
104.8897
105.4036
106.4391
104.7872
106.7517
104.8897
106.9607
106.6474
106.8562
107.0654
107.8009
107.4850
106.2311
107.3799
108.1177
107.6955
108.2236
109.9315
108.9673
108.8608
108.3295
108.4355
109.6091
109.3948
109.2877
109.7165
110.1469
109.6091
109.8239
109.2877
110.4710
109.9315
111.4491
109.3948
111.1221
110.6876
110.1470
111.5583
114.4387
109.9315
111.1220
113.7671
111.7772
113.0996
110.3629
110.0392
111.3400
111.6677
112.8781
113.3217
112.6570
112.4363
113.0996
112.3262
111.8867
111.7772
111.7772
112.6570
112.6570
113.3217
114.6636
113.2106
113.9905
113.8787
111.4491
112.6570
115.1146
112.8781
113.2106
113.7671
112.1062
113.4328
115.2277
114.8889
114.2144
115.0017
115.0017
114.2144
114.7761
115.4542
115.0017
115.1146
115.1146
114.5511
114.8889
114.8889
114.5511
114.6636
113.9905
114.8889
115.0017
112.5466
113.7671
112.5466
113.4328
112.4363
112.1062
112.5466
112.2162
115.4542
111.9964
111.4491
112.4363
111.9964
110.4710
110.7960
113.6556
114.1024
111.3400
110.7960
111.5583
111.5583
110.7960
110.3629
110.4710
111.5583
110.1469
111.4491
110.2549
110.0392
111.6677
109.5019
111.0133
110.1469
110.0392
110.4710
108.9673
109.1808
111.4491
107.9064
109.0740
108.5417
108.4355
108.4355
109.5019
107.4850
107.1701
107.4850
107.6955
107.5902
106.5432
106.1273
105.3006
106.8562
106.8562
106.2311
104.5826
104.8897
105.4036
99.7915
104.2764
103.1617
103.7682
103.3634
104.7872
104.4805
102.3585
101.6609
101.3634
101.4625
102.1587
101.2645
100.6727
99.7915
101.0668
100.2801
98.3400
99.7915
99.2084
98.3400
98.5323
98.5323
98.3400
97.1939
96.9094
97.1939
97.3840
97.0990
96.8148
95.0338
96.4371
95.1267
94.7555
93.3760
92.9205
94.4780
92.6482
91.3877
91.4771
93.0114
92.1961
89.7910
90.9415
87.1028
89.0026
88.4807
89.0899
87.1883
87.3596
88.3074
86.3366
85.3246
90.1435
83.3333
83.8271
83.8271
83.3333
82.2725
82.8422
81.3844
81.2238
79.9497
79.2408
79.9497
77.9169
77.8396
77.8396
75.0272
75.2519
76.0808
75.2519
74.2823
73.9861
73.0304
72.2299
71.4367
70.5798
70.3669
69.8722
69.3803
69.5206
67.3043
66.6235
65.5457
66.2177
64.2839
64.1522
61.9450
61.9450
61.1167
60.3596
58.6818
58.8049
58.2525
57.0990
57.1593
55.1938
54.8417
53.8527
53.2195
52.7053
51.6871
50.7379
50.4057
49.8553
48.9288
48.0137
47.8000
47.2155
45.5412
45.0258
44.7182
44.4120
43.9551
42.6016
41.6643
41.5664
40.5460
40.7392
39.5879
38.7836
37.8029
36.6076
37.0649
35.8824
36.0178
35.0310
34.2783
33.4904
32.7117
32.5828
31.3916
31.6028
30.9714
30.8877
29.4806
29.1946
29.1132
28.3845
27.6641
26.7945
27.0699
26.3251
27.1883
27.9033
29.0725
29.6446
30.9295
31.5605
32.6257
34.0146
34.6315
35.9275
36.9732
36.9732
38.5020
40.2572
40.8845
42.3538
42.4528
43.8035
44.9744
45.6965
47.1097
48.1207
48.6585
49.7457
50.9601
52.0250
52.5915
52.1379
55.1938
55.6066
56.2002
57.3405
58.3749
59.3611
59.6718
61.1801
61.1801
63.6929
64.2180
65.3452
63.6929
66.5557
67.1677
67.8529
69.5908
70.3669
69.5206
71.7963
72.0851
73.6173
73.4702
73.3967
74.8031
75.9296
76.0052
77.3006
76.7649
77.9169
78.7713
79.8706
80.4254
81.4648
80.7439
82.3537
82.5162
83.5799
83.0874
84.0750
85.7449
87.1028
86.5063
86.5063
85.4085
87.0174
88.4807
88.6544
89.7031
89.2647
89.6153
92.1059
90.8525
91.6564
91.7461
92.1059
92.1059
91.8359
92.2863
94.6629
95.2197
93.9254
95.2197
95.5927
95.5927
95.5927
96.3429
96.3430
96.7202
92.5576
97.1939
95.4993
98.3400
98.8215
99.7915
99.3053
99.5968
99.4995
100.3781
100.2801
101.3634
101.1656
99.7915
101.5617
101.2645
102.4585
101.8597
101.6609
100.8696
102.9603
102.6589
102.7593
104.5826
101.0668
104.5826
104.1746
107.8009
104.8897
105.4036
105.9200
106.5432
106.4391
106.0236
107.8009
106.4391
106.6474
106.6474
106.4390
106.1273
107.1701
107.1701
107.3800
107.4850
108.1177
108.6479
108.3295
115.2277
108.9673
108.6479
108.3295
110.0392
109.9315
109.7165
109.6091
110.0392
109.8239
109.8239
110.3629
110.1470
109.9315
110.4710
111.7772
111.6677
109.8239
110.6876
112.4363
111.4491
110.2549
111.5583
111.1221
112.7675
110.5792
112.1062
112.4363
112.3262
112.1062
112.6570
112.1062
111.4491
111.7772
111.4491
111.1220
111.5583
111.8867
111.8867
112.5466
113.0996
114.1024
112.2161
112.2161
114.4387
113.8787
115.2277
113.9905
111.6677
113.0996
113.7671
113.8787
112.5466
113.4328
115.2277
112.7675
112.6570
115.2277
115.1146
115.0017
114.4387
114.7762
115.4542
114.5511
113.5441
113.4328
113.2106
113.7671
114.4387
112.9888
113.5441
108.9673
112.8781
112.7675
113.3217
112.6570
111.7772
111.4491
112.9888
112.3262
112.6570
112.4363
113.2106
110.6876
111.8867
109.0740
111.1220
111.8867
110.9046
113.0996
111.4491
110.4710
111.4491
110.7960
111.0133
108.0120
109.3947
110.9046
110.9046
110.6876
110.4710
110.3629
109.7165
108.9673
110.4710
108.1177
109.5019
108.7543
107.8009
108.2236
108.7543
107.4850
107.5902
110.1469
108.0120
108.1177
108.9673
108.1177
106.6474
105.9200
104.9923
106.3350
105.1977
102.9603
106.3350
104.7872
104.3784
105.8165
102.3585
104.4805
105.6098
103.4645
104.2765
103.4645
102.9603
102.3585
102.5587
101.7603
102.5587
102.5587
100.9681
101.1656
97.9565
99.8891
99.5968
100.1822
100.3781
99.4995
98.7250
100.1822
99.2084
97.6698
97.6698
97.6698
95.9671
98.4361
96.9094
96.9094
95.2197
95.6862
95.2197
94.6629
93.4673
94.3857
93.7419
92.3767
92.8296
91.5667
91.6564
91.4771
91.2089
90.8525
89.0899
89.3522
89.0899
88.7413
86.9320
87.0174
86.5063
87.0174
86.5063
85.8292
84.4066
84.0750
83.9097
83.9923
83.5799
82.0294
81.4648
81.0636
79.9497
80.1872
78.7713
78.3042
76.6124
77.5312
76.3083
75.4021
75.9295
73.9122
74.1341
72.3749
73.0304
71.9406
70.5798
70.7932
71.6523
69.2403
68.6826
68.4744
66.9632
66.0829
65.7468
65.5458
64.4158
64.6803
61.8810
60.6111
61.6892
60.0462
58.8049
58.7433
57.9473
57.9473
56.7382
55.0763
54.5495
53.6219
52.9334
52.4778
52.0814
50.5163
50.4610
47.5869
48.8205
48.2280
48.1744
47.1097
46.4783
45.4378
44.5650
44.3611
43.0000
41.5174
41.5174
41.3709
41.1759
39.7784
39.3503
38.3149
37.2946
37.7102
36.2894
36.0177
35.9726
36.2440
33.9708
33.4904
32.6687
32.9702
31.6451
31.8146
30.0150
29.0318
30.1803
28.7478
27.9033
28.3443
28.0233
27.2673
26.3251
26.7160
26.2861
26.9517
27.9833
29.1539
29.6035
30.6372
31.5182
32.4113
34.2783
34.4988
35.4778
36.9274
38.2682
38.8778
39.4928
40.8360
42.1561
42.2549
43.1500
44.6160
45.2315
45.5929
47.2155
48.4967
49.6363
50.9045
51.1273
51.9686
52.7053
53.3342
55.1350
55.4294
57.9473
58.6203
58.1914
59.1752
60.6742
61.3706
61.9450
63.5621
64.6803
64.8129
66.4880
66.6235
67.2359
67.7154
69.1005
70.5088
71.0786
71.7963
71.8684
72.1575
73.3233
73.6909
73.8384
75.6277
77.8396
76.4602
78.7713
78.6153
78.5374
80.1872
77.6853
80.9036
81.4648
82.3537
81.8677
83.0056
83.2513
83.6622
85.5766
84.9897
86.0825
85.8292
87.3596
87.6171
88.4807
87.9616
90.1435
90.5860
90.3203
89.9671
90.4088
91.5667
91.5667
92.3767
91.8360
93.9254
92.3767
94.3857
93.7419
95.0338
94.7555
95.2197
96.7202
97.2889
97.0990
96.4371
97.0990
96.9094
97.6698
98.4361
98.1481
98.4361
99.0148
98.9181
99.2084
99.3053
99.6941
99.9867
100.3781
99.9867
101.0668
101.2645
101.5617
101.3634
102.3585
102.3585
103.7682
102.3585
102.2585
103.8697
103.0609
102.7593
105.6098
105.3006
105.1977
104.3784
105.6098
106.3350
105.5066
105.9200
106.1273
104.8897
107.5902
101.9593
105.8165
107.5902
106.2311
106.0236
107.5902
107.9064
106.8562
107.6955
107.9064
107.9064
108.9673
108.0120
108.1177
108.1177
108.6479
108.9673
109.7165
108.0120
109.3948
109.1808
110.1470
109.1808
109.9315
108.8607
109.6091
110.5792
111.4491
111.5583
111.0132
112.1062
109.9315
111.4491
109.9315
111.1220
111.7772
111.2310
111.7772
111.6677
110.4710
111.4491
111.0132
112.1062
112.2161
112.5466
115.0017
114.3265
112.5466
111.0132
113.2106
112.6570
112.5466
112.6570
115.0017
111.9964
112.4363
112.8781
112.7675
112.6570
113.4328
112.8781
115.2277
113.0996
113.8787
113.6556
112.9888
114.3265
113.4328
113.6556
114.8889
115.0017
113.7671
115.6811
113.7671
114.7761
113.6556
112.9888
113.8787
114.7762
113.5441
113.4328
112.9888
112.4363
113.4328
113.7671
112.6570
112.4363
113.3217
112.6570
111.3400
111.8867
113.0996
111.5583
111.4491
111.5583
111.9964
112.3262
111.6677
111.4491
112.4363
110.9046
111.5583
111.2309
113.3217
111.6677
110.0392
107.9064
109.9315
109.9315
110.1470
109.1808
109.0740
109.7165
111.3400
111.4491
109.5019
109.6091
108.6479
108.8607
109.3948
108.2236
108.3295
111.3400
107.6955
108.1177
106.8562
108.0120
106.9607
106.5432
105.4036
105.3006
106.2311
104.4805
105.6098
105.0949
105.6098
104.7872
104.7872
105.1977
104.7872
102.5587
102.5587
100.3781
103.7682
103.8697
102.3585
101.7603
101.5617
101.3634
101.3634
101.4625
101.0668
100.1822
100.6727
99.7915
99.5968
99.7915
99.1115
98.1481
98.4361
99.1115
98.3400
98.9181
96.6258
96.2489
96.6258
96.3429
95.4060
95.3128
95.0338
94.8482
95.5927
93.9254
94.2013
92.1059
91.7461
92.0159
91.0305
90.4973
90.3203
90.2318
89.5275
88.2208
89.9671
88.3940
86.8467
87.1028
87.3596
85.9980
85.8292
87.1883
84.9062
84.0750
86.0825
84.4066
82.6791
82.6790
81.4648
81.3041
81.2238
79.0057
79.7916
78.8494
77.6853
77.5312
76.8412
75.8540
75.3270
74.0601
73.9861
74.3565
72.5201
72.8113
71.1501
71.0786
70.0838
69.8017
68.8217
68.8217
67.5096
67.7841
67.3727
65.2785
64.1522
63.4968
62.0091
61.8810
61.9450
60.2968
59.9212
58.6818
58.6818
57.2800
56.2598
55.9622
54.9003
53.6219
53.6795
51.9686
51.5187
51.2389
49.9101
49.7457
49.7457
48.4967
48.4967
47.2155
46.2168
45.9042
45.1800
45.0771
43.6018
42.9501
42.6513
42.3538
41.3221
39.8739
39.6831
39.1609
38.2215
37.2486
36.9274
36.0630
35.8824
34.5430
34.6315
33.6647
33.1432
32.5399
32.1123
31.2232
31.6874
30.4291
29.8089
29.6035
28.6265
28.3845
28.1435
28.5054
26.7160
25.9366
26.0917
25.9753
25.2433
25.5890
