55.1350
56.3791
58.0083
58.9281
60.7372
61.2436
61.6892
63.6929
65.4120
66.1503
68.1285
69.1005
70.3669
71.7963
71.7243
73.3967
75.0272
74.9524
76.3842
77.6853
78.1491
79.4765
80.1080
81.3844
82.9239
83.0874
82.1104
84.9062
86.8467
87.5312
88.6544
89.5275
90.6748
92.4671
93.0114
94.4780
95.3128
96.7202
97.3840
97.9565
98.7250
100.3781
101.3634
104.1746
104.5826
104.3784
105.3006
104.3784
111.1221
108.2235
109.1808
110.4710
109.7165
111.0132
112.1062
111.1221
114.7761
114.8889
115.2277
115.1146
116.9380
117.3987
118.0934
119.2611
119.8497
119.9678
121.3949
122.8406
122.8406
123.4486
124.1825
125.4166
127.7991
126.4137
128.1799
127.0413
126.5389
128.4345
129.8449
130.2325
132.3225
130.7515
132.9833
133.2488
133.1160
134.5849
133.6480
136.3450
134.1825
136.6182
139.2447
139.1051
139.8052
140.6507
141.6448
140.2272
140.6507
142.5034
143.3681
141.7875
141.0757
142.5034
143.8028
144.6768
145.9997
147.1876
146.7408
145.8520
147.7859
147.9359
150.2083
148.9912
148.5379
151.5918
149.4462
151.2831
151.4374
158.2560
152.8345
155.9957
154.2473
157.6061
156.3161
156.9595
155.1980
157.9306
155.8357
157.4441
158.0932
160.7224
159.7302
159.4011
160.0601
160.8885
161.0548
160.8884
160.8885
163.2363
163.2363
163.7449
163.9149
164.4261
165.2827
165.4547
165.1109
165.7992
168.7649
164.5970
167.8858
166.3178
168.9414
170.7194
168.0612
167.3611
169.4724
167.0125
171.4372
170.1835
171.9780
170.1835
169.1182
171.9780
170.0054
171.9780
172.1588
172.5210
171.9780
169.4723
171.7975
176.5703
171.9780
171.9780
172.3398
171.9780
180.5493
170.5405
177.8840
177.5074
171.4371
177.3194
176.5703
180.1655
179.9739
179.7827
176.5703
180.1655
179.9739
179.0200
176.3836
181.5137
181.3203
180.7417
181.5137
180.1655
184.0522
181.1272
183.2663
181.7073
184.6445
182.4846
184.0522
192.7852
183.8553
184.8425
185.0408
182.6796
186.4365
181.1272
184.2494
184.6445
184.6445
187.2402
185.4382
185.2393
186.6370
187.6437
184.4468
181.5137
187.0388
188.4541
189.8835
188.6575
186.0363
186.6369
187.6437
186.0363
187.8459
189.8835
189.6785
192.3671
189.0650
191.3271
190.9132
190.2945
193.8356
192.9946
191.3271
197.8970
193.6249
191.3271
192.7852
193.4145
192.9947
188.2511
192.3671
192.5760
193.6249
191.5345
192.1585
193.6249
192.9946
195.7455
193.8356
192.1585
194.0466
193.6249
193.8356
193.2044
197.2483
193.6249
194.8936
193.6249
195.5321
194.2579
190.0889
194.8936
195.3189
196.1733
195.9593
196.6024
195.5321
195.7456
198.9845
195.7455
194.4695
196.1733
196.8174
198.3310
198.3310
198.7663
196.1733
196.8174
199.2029
198.1139
198.3310
198.5485
200.3000
197.6805
198.9845
199.2029
198.3310
200.0799
197.6804
198.3310
200.9621
199.4217
198.5485
199.8602
198.1139
201.6272
200.9621
201.4052
201.4052
200.7411
201.1835
200.7411
200.5204
201.1835
199.2029
200.5204
201.1835
200.9621
201.4052
202.0721
212.6822
200.9621
201.4052
202.9661
200.9621
204.3170
203.1904
202.0722
202.5184
202.7421
202.0721
205.4519
202.7421
200.7411
202.2951
204.0910
204.3170
202.2952
206.5955
201.8495
203.4151
203.1904
202.5185
204.3170
206.8251
202.0722
208.2108
201.8495
204.3170
203.4151
204.7700
204.5433
202.9661
201.4051
204.3170
207.5164
205.2243
204.7700
206.8252
206.3660
208.2108
208.6754
208.4429
203.6400
205.4520
210.5481
207.7475
205.9083
209.3750
207.7475
203.1904
206.1371
208.2108
208.2108
207.7475
213.1605
208.4429
207.2856
206.8251
209.6089
207.5164
205.4520
206.5955
207.0552
203.8653
206.8251
207.2857
207.0552
203.6401
205.9084
204.3170
203.1904
202.5184
204.7700
207.0552
206.3661
201.4051
205.4520
202.7421
204.3170
204.7700
204.3170
204.7700
203.1904
201.4052
204.3170
202.5185
203.8653
202.9661
203.4151
200.7411
203.8654
201.8495
201.4051
201.8495
201.8495
197.6804
202.7421
202.7421
200.9621
202.9661
197.2483
201.6272
201.6272
200.3000
200.3000
200.5204
198.3310
198.3310
200.9621
199.8602
198.7664
197.8970
195.3189
198.7664
198.5485
199.6408
198.7664
200.9621
197.8970
197.6805
188.8611
199.6408
197.2483
199.4217
198.5485
196.3877
194.8936
196.6024
193.8356
197.6805
199.8602
196.1734
196.1734
193.8356
195.3189
194.2579
194.4695
195.3189
194.4695
194.0466
194.2579
193.8356
193.8356
194.2579
192.5760
194.4695
192.3671
194.8936
191.5345
195.5321
192.3671
192.9947
194.2579
191.9502
192.7852
199.4217
192.9947
192.1585
189.0650
189.8835
187.6437
192.5760
191.1200
190.0889
189.4737
190.9132
190.0889
189.2692
188.8611
192.7852
190.5005
188.2511
189.2692
190.5005
188.2511
188.4542
185.4382
186.6370
187.2402
187.0388
187.6437
187.8459
185.4382
187.0388
182.4846
184.6445
184.0522
184.4468
184.8425
184.4468
184.4468
183.0705
182.8749
181.1272
183.8553
181.1271
183.2662
181.7073
181.5137
181.7073
180.3573
178.6404
181.5137
179.2103
179.9739
186.2363
178.2616
180.9343
179.9739
177.5074
178.4509
177.1318
176.9443
178.4509
182.8749
171.9780
177.8840
176.0110
171.9780
171.4371
177.8840
171.9780
172.3398
171.9780
171.4371
169.4723
171.9780
171.6172
170.3619
171.2574
171.6172
168.2368
169.2951
168.2368
169.8275
168.9414
167.0125
165.9719
166.6647
167.1867
162.8983
166.4912
164.5970
164.5970
165.7993
164.7681
163.7449
164.4262
162.2249
164.4262
162.5612
160.5565
161.5550
161.2213
162.5612
160.5565
159.5655
161.7222
158.5821
158.0932
160.8885
157.7682
156.7984
155.9957
155.9957
156.6374
155.5165
154.4053
153.4605
154.8803
149.1427
151.7465
151.7465
149.9029
150.9750
151.7465
151.5918
148.5379
147.1876
148.2365
146.7408
147.3369
146.7408
144.0934
148.8399
144.3848
143.8028
143.2236
143.2235
143.9480
142.6470
145.4100
139.1050
140.7922
138.9655
139.5246
138.8262
138.4090
136.4815
137.0291
135.8007
134.9888
135.8006
132.3224
133.7814
132.0591
132.5864
129.9740
130.4917
129.5871
130.2326
129.2017
128.3071
128.1799
120.0860
125.9140
126.1636
124.1825
125.0450
121.8747
122.4774
122.9619
120.3228
121.3949
121.3949
120.7980
120.3228
117.9772
115.7948
116.8231
116.3649
115.1146
115.1146
115.0017
111.9964
112.1062
111.7772
111.0133
111.0133
108.2235
109.1808
108.2236
107.4850
106.9607
105.7131
105.6098
104.2765
103.5656
103.1617
101.0668
101.7603
100.0844
99.7915
99.1115
97.0990
98.3400
95.6862
95.6862
95.0338
94.2935
93.2847
92.1059
92.1059
91.4772
90.5860
91.0305
90.0553
89.4398
88.1343
88.3940
86.9320
86.3366
85.1570
84.8228
82.7606
82.7606
82.4349
82.6791
82.4349
80.1079
80.2665
79.9497
78.6933
78.1491
77.6853
75.8540
74.8031
74.8031
74.3565
74.5795
73.9122
72.5201
71.9406
69.8017
69.8017
69.8722
69.1005
68.4051
67.7154
67.3043
67.3727
66.0155
66.1503
65.4789
64.2839
62.9114
63.3663
62.9762
64.0864
60.8635
60.1088
59.2371
59.4852
58.8049
58.4975
57.8256
57.9473
56.9786
56.3791
56.6783
55.0763
54.7247
54.6663
53.1049
52.9334
52.4211
52.1379
51.4627
51.1831
50.5163
50.1300
49.3633
49.3089
49.5270
50.3505
51.4627
51.5748
53.1622
53.3917
54.6079
55.2526
56.4388
57.8256
58.0083
60.4852
60.7372
61.2436
63.1711
63.6929
65.4120
66.1503
67.5781
68.1976
69.1005
70.3669
70.7932
72.5201
72.9573
73.9861
74.8031
76.0808
76.1566
76.3842
77.3774
78.2266
75.4020
82.3537
83.0874
83.7446
84.0750
85.5766
87.4454
87.3596
88.0479
90.3203
91.1197
91.2983
91.8359
93.7419
94.9409
95.1267
97.3840
97.4792
97.8608
98.8215
100.4762
100.7711
102.0589
102.0590
104.2764
105.6098
105.9200
106.7517
108.2235
108.1177
109.8239
110.5792
109.8239
113.2106
111.7772
113.3217
114.6636
115.1146
116.3649
116.2506
117.5141
118.9095
119.2611
120.2043
122.1154
122.3566
122.5983
122.3566
124.4283
124.3053
126.5389
128.3071
126.5389
127.4196
127.9259
129.2016
130.2325
130.4917
133.7814
132.0591
132.7185
131.7964
133.5148
133.5148
134.9888
135.9365
137.3038
136.8919
134.4506
138.2703
139.5246
139.6648
140.6507
141.9303
140.5094
143.8028
143.5128
143.0792
143.6577
145.2630
145.8520
146.4438
146.8896
146.2956
146.8896
148.5379
148.6888
148.3871
151.1290
148.3871
150.6678
152.6785
151.9013
147.9359
155.1980
152.6785
152.6785
154.0896
155.8358
154.2473
155.3571
155.1980
158.7455
158.0932
158.7455
158.0932
159.8950
160.5565
159.7301
161.7221
162.2249
161.8895
161.0548
162.2249
163.5752
163.7449
163.9149
163.7449
163.7449
165.7993
164.9394
166.6647
164.7681
168.7649
165.9719
168.7649
168.9414
167.8858
169.1182
167.7107
168.2368
171.7975
165.4547
170.5405
170.3619
171.4372
171.2574
171.4372
171.9780
171.9780
171.4371
171.6172
172.3398
171.2573
172.1588
170.7194
171.6172
176.3836
170.8985
176.9444
172.3398
177.3195
177.6956
178.4509
178.0727
177.5074
176.7572
178.8300
177.5074
182.2899
179.7826
179.0200
181.1272
180.9343
177.5074
180.9343
180.5493
180.7417
181.1272
181.9013
181.5137
181.3203
183.8553
184.0522
183.0704
183.0704
184.6445
182.0954
183.0704
185.0408
184.2494
183.8553
185.2394
186.6370
185.2393
185.6373
186.6369
186.2363
186.4365
187.8459
186.2363
187.6437
191.1200
188.2511
187.8459
186.8378
187.4418
188.2511
187.8459
188.6575
187.6437
189.0650
187.2402
189.2692
190.5004
190.0889
190.0889
193.6249
191.3271
192.3671
193.4145
194.0466
190.0889
193.2045
192.3671
192.9947
194.4695
193.2045
191.9502
191.5345
194.0466
193.6249
198.5485
194.6814
194.2579
192.7852
194.6814
193.4145
194.6814
192.1585
194.4695
194.0466
192.5760
197.2483
194.2579
198.9844
197.0327
195.5321
197.0327
197.2483
192.1585
196.1734
195.1061
196.3877
196.6024
193.4145
194.8936
195.9593
195.5321
197.4642
194.0466
195.5321
191.5345
195.9593
198.1139
198.5485
197.2483
201.1835
199.8602
197.8970
197.2483
196.8174
198.7663
193.2044
198.1138
197.4642
200.3000
198.7663
199.4217
200.3000
201.8495
199.6408
198.1138
198.1138
200.9621
201.4051
198.7664
200.0799
201.6272
201.1835
199.8602
201.1835
200.5204
200.9621
201.1835
199.8602
201.1835
202.2952
201.8495
203.1904
203.4151
201.1835
201.6272
203.4151
204.3170
203.1904
199.8602
203.6400
199.8602
202.0722
202.9661
203.8653
203.1904
203.4151
204.5433
207.0552
200.7411
202.5185
204.3170
203.8654
204.0910
206.1371
204.7700
202.9661
204.9970
204.5434
203.6400
203.8653
198.9845
204.3170
205.9084
203.1904
204.3170
206.3660
206.3660
205.6800
208.6754
204.0910
207.2857
207.7475
205.6800
207.0552
207.5164
204.0910
207.5164
206.3660
204.7700
207.2856
207.7475
206.8251
207.7475
207.0552
208.6754
205.9084
207.5164
205.9084
204.3170
206.5955
203.4151
205.6800
207.0552
206.1371
205.2243
203.6400
203.8654
203.8654
203.6400
204.9970
203.6401
203.1904
203.4151
205.9083
207.5164
203.1904
204.7700
201.1835
200.9621
202.9661
201.8495
202.7421
202.7421
203.4151
202.5185
198.9845
199.8602
201.6272
200.3000
202.0722
200.0800
199.6408
200.0799
200.3000
201.1835
201.4052
201.1835
201.1835
197.8970
198.7664
198.9845
201.8495
199.8602
197.8970
198.5485
202.5185
197.4642
198.5485
198.3310
196.8174
198.5485
199.4217
197.8970
200.0800
197.2483
197.8970
198.7664
197.2483
196.8174
194.0466
196.8174
194.6814
196.3877
196.3877
194.4695
198.7664
194.0466
203.1904
195.3190
197.0326
195.1062
197.4642
194.4695
194.2579
193.8356
194.6814
193.6249
192.5760
194.2579
193.4145
192.7852
193.6249
193.4145
191.7422
192.7852
182.0955
194.2579
192.1585
190.5005
192.9947
191.5345
190.0889
190.7067
190.9132
193.4145
189.0650
191.5345
192.1585
191.7422
187.8459
188.4541
197.4642
185.6373
189.8835
188.4542
187.6437
186.6369
187.8459
187.8459
186.8377
184.6445
187.2402
186.8378
186.2363
187.8459
181.9012
187.6437
186.2363
184.4468
188.0484
185.0408
184.4468
183.8553
185.0408
184.6445
180.3573
183.6587
180.7417
181.9013
183.8553
182.0955
168.7649
181.5137
181.5137
178.6404
171.6172
181.1272
179.7826
180.1655
181.1272
182.2899
180.1655
177.8840
179.4008
171.4371
176.1972
177.6956
178.8301
177.6956
177.8840
171.4371
171.6172
170.7194
171.7975
172.1588
171.9780
172.1588
171.9780
169.6498
173.0662
170.8985
170.5405
171.0778
171.2573
169.6498
169.4724
168.4126
171.9780
169.4724
166.4911
168.0612
165.7993
168.7649
167.3611
165.4547
166.4912
166.3179
170.1835
165.2827
164.4262
162.8983
163.4056
164.7681
161.2213
162.2249
160.3908
160.3908
159.5656
161.5550
160.0601
161.8895
157.7682
157.7682
155.8357
159.2369
159.2369
156.4767
157.7682
154.7218
153.6175
156.1558
152.5227
152.5227
152.9907
152.9907
152.0564
149.2944
150.6678
148.9912
149.9029
147.9359
150.0555
148.6888
148.5379
147.1876
142.9350
147.0385
145.9997
145.2630
145.8520
143.8028
143.8028
142.9350
142.7909
140.5094
141.5023
141.0757
141.0757
140.0863
138.6870
138.5479
136.0725
136.3450
137.4413
134.7194
135.6649
135.3940
134.0486
134.7194
133.1160
132.3224
131.2728
130.6216
129.9740
128.0529
127.9259
130.1032
127.5460
127.0413
126.2886
127.0413
124.6746
123.8150
122.9619
122.9619
122.4774
120.0860
121.8747
120.6790
118.4424
119.4962
118.9095
119.0265
117.9773
116.9380
115.4541
115.1146
114.4387
113.4328
112.3262
112.8781
113.4328
111.3400
110.3629
110.4710
108.4355
107.5902
107.3800
106.7517
106.4391
105.5066
104.8897
102.0589
103.5656
100.9681
100.4762
100.9681
99.4995
98.4361
99.3053
97.0041
96.1548
95.3128
94.1093
94.3857
94.3857
92.1961
91.3877
90.6747
91.1197
90.8525
89.4398
89.3522
89.0027
87.2739
87.1028
88.3074
84.0750
84.5728
83.9097
82.5976
80.9036
82.1914
81.2239
80.1872
78.8494
78.4596
78.8494
78.6933
76.0808
76.0052
75.4020
74.5051
74.5795
73.8384
73.5437
72.2299
71.1501
70.0838
70.3669
69.3803
69.1005
68.5437
68.1976
66.9632
67.5781
65.6797
64.8792
64.7466
64.6803
63.9550
63.6929
61.9450
61.8810
60.9267
60.2968
60.3596
59.1134
58.8665
57.9473
57.8864
56.9184
57.0990
55.6066
55.9622
56.1406
54.6663
54.8417
53.5642
53.3917
52.7053
52.0250
51.6309
51.5187
50.8489
51.3507
49.9650
49.1458
48.9288
48.4429
49.1458
48.6585
50.9045
50.7379
51.6309
52.6483
54.8417
54.4912
55.2526
57.0388
57.7648
59.0516
59.4231
60.9267
61.4979
62.0091
67.3727
65.0786
66.0155
67.3726
69.0307
68.6131
69.5206
70.6509
71.4367
72.4474
73.6909
74.2823
75.4772
75.7785
76.4602
78.4596
78.9275
80.0288
80.4254
81.3041
83.0874
84.1578
85.6607
85.9136
86.5063
89.0027
89.7031
90.4973
91.4772
91.5667
93.1024
94.1093
94.7555
96.5314
96.7202
97.5745
97.1939
100.0844
100.4762
100.2801
101.4625
101.9593
105.7131
104.6849
105.7131
107.9064
107.8009
108.5417
109.6091
110.7960
112.2162
111.6677
113.5441
114.1024
113.5441
116.3649
117.0530
116.5938
118.0934
118.4424
119.8497
119.3786
122.4774
121.6345
122.3566
122.8406
123.4486
124.4283
124.1826
126.0387
127.6725
127.6725
129.2016
128.5620
129.5872
129.9740
130.6216
131.9277
132.9834
131.9277
132.0592
135.1237
136.2087
137.3038
136.3450
134.9888
136.7550
139.3846
139.3846
139.8052
140.2272
141.5023
141.7874
142.9350
142.6471
145.2630
142.7909
143.8027
145.4100
145.8520
146.4438
147.0385
148.0862
148.5379
147.4864
148.2365
151.2831
150.0555
150.9751
150.2083
151.7465
151.2831
153.4605
153.4605
153.9320
154.4053
153.9320
154.4053
155.6760
156.4767
157.1208
158.5821
158.9091
152.2117
158.4189
159.4011
158.9091
161.0548
160.5565
161.0548
162.2249
160.8884
161.8895
162.8983
162.8983
163.9149
165.4547
165.6269
168.0612
165.1109
164.2555
165.6268
165.4547
167.3611
165.9719
168.9414
168.0612
169.2952
168.9414
169.1182
169.8275
169.6498
168.7649
171.4372
171.6172
171.4371
171.7975
172.1588
171.2573
169.2952
171.6172
171.4371
171.4371
171.9780
171.9780
171.6172
170.3619
176.7572
176.7572
177.1318
172.1588
176.3836
176.1972
178.4509
177.1318
178.6403
178.6403
178.0727
180.1655
178.2617
179.0200
181.1272
179.9739
185.0408
180.5494
180.5493
180.7417
182.8749
182.2899
183.0705
182.0955
185.2394
184.0522
183.6587
184.2494
182.6797
186.8377
184.6445
185.0408
187.0388
184.6445
188.2511
184.8425
186.6370
186.6370
185.4382
185.8366
184.8425
188.4541
187.6437
187.2402
187.4418
187.2402
188.2511
186.4364
187.4418
187.2402
189.2692
189.4737
188.8611
191.3271
191.3271
189.2692
190.7067
191.3271
190.9132
189.0650
191.5345
193.4145
191.5345
188.8611
192.1585
192.3671
191.1200
191.9502
195.9593
191.1200
194.0466
193.4145
195.7455
194.4695
195.1061
194.2579
193.4145
195.7455
195.5321
194.2579
192.7852
194.6814
196.6023
198.7663
194.0466
194.0466
193.4145
194.4695
196.3877
196.6024
195.5321
198.1139
192.9946
196.8174
201.1835
196.6024
198.3310
194.2579
196.6024
197.4642
195.1062
197.2483
195.3189
193.8356
198.5485
198.3310
194.8936
193.8356
196.6024
197.6804
198.9845
198.3310
197.0326
196.6024
197.4642
199.8602
197.2483
198.7663
199.2029
187.0388
200.0799
200.5204
198.9845
200.9621
199.2029
199.4217
201.4052
202.5185
201.1835
200.9621
200.7411
200.3000
200.5204
201.1835
200.3000
203.4151
202.7421
199.6408
202.7421
200.5204
201.4052
201.1835
202.5185
200.5204
202.2952
202.2952
201.1835
200.3000
205.4520
202.0721
201.4052
204.7699
208.6754
205.6800
201.6272
205.4520
201.8495
204.9970
203.6400
203.1904
205.6800
200.0800
205.4520
201.6272
204.0910
205.2243
205.2243
205.4520
204.5434
202.7421
207.7475
208.6754
203.6401
204.9970
207.5164
206.1371
203.4150
204.9970
205.9083
209.3750
204.3170
203.1904
204.7700
205.6800
204.9970
206.1371
207.0552
203.4151
207.2857
207.0552
206.1370
208.6754
206.5955
207.9789
203.1904
206.8252
204.9970
206.1370
201.1834
205.6800
205.9083
210.0778
204.3170
202.0721
204.7700
207.2857
206.1371
204.7700
202.7421
205.6800
204.7700
204.0910
200.5204
202.9661
203.1904
202.7421
202.5185
201.1834
203.1904
202.9661
201.4052
202.5185
202.5185
204.3170
199.6408
200.0799
202.9661
200.9621
200.3000
200.9621
200.0799
200.9621
197.4642
198.3310
199.4217
200.9621
198.9845
199.2029
200.3000
198.3310
197.0326
197.6804
198.1139
198.1138
197.8970
199.4217
199.8602
197.4642
197.2483
197.2483
199.2029
198.3310
197.6805
191.1200
197.2483
197.4642
196.6024
183.2662
197.8970
198.1139
197.2483
196.1733
194.4695
197.2483
195.5321
197.4642
193.4145
195.3189
194.2579
194.2579
197.4642
190.5004
194.2579
193.4145
195.7455
192.7852
195.5321
195.3189
193.4145
192.5760
191.7422
191.9502
194.2579
192.1585
191.3271
187.8459
191.3271
190.2945
191.3271
190.7067
192.7852
190.0889
190.9132
190.0889
188.6575
187.2402
188.2511
191.3271
187.2402
189.8835
188.6575
188.2511
188.4541
186.4365
189.2692
191.3271
188.0484
186.6370
188.0484
186.8377
185.0408
186.6370
185.2393
184.8425
185.0408
185.6373
184.6445
185.4382
186.2362
184.6445
183.2662
185.0408
181.1271
181.3203
188.0484
181.5137
182.2899
180.3573
180.5493
182.4846
183.4624
178.2616
178.6403
180.3573
181.1272
180.7417
179.9739
177.5074
177.5074
177.1318
176.5703
176.3836
176.3836
172.3398
177.1318
177.6956
176.3836
171.9780
171.4371
171.7975
171.6172
172.1588
171.9780
170.8985
171.9780
172.1588
170.7194
172.3398
171.4371
170.7194
191.1200
168.7649
168.9414
169.2952
171.0778
167.5358
168.2368
167.1867
167.7107
165.1109
165.9719
164.2555
161.7222
164.0851
165.2827
162.7296
162.8983
161.7222
161.2213
162.2249
161.0548
162.5612
158.9091
158.5821
160.7223
158.0932
158.2559
159.8950
156.9595
158.4189
156.6374
155.3571
155.1980
160.0600
156.1558
154.8803
153.3037
152.9907
152.6785
152.3671
151.1290
152.3671
150.2083
149.9029
152.0564
149.5983
148.6888
149.9029
147.9359
148.2365
147.6361
147.0385
147.3369
145.5571
143.6577
143.6577
143.6577
143.0792
142.7909
144.5307
140.5094
141.6448
139.8051
138.9655
139.2448
138.5479
137.9933
134.4506
136.0725
137.1663
136.3450
134.4506
134.5849
133.7814
133.5148
132.7185
132.5864
130.6215
130.7515
130.8816
128.5620
128.3071
126.5389
127.7991
125.7895
125.5408
126.2886
125.0450
124.0599
124.3054
123.8150
122.1154
122.7194
121.0364
120.4414
119.8497
119.7317
118.2095
117.9772
117.3987
116.0224
115.0017
115.1146
115.4542
113.2106
113.0996
111.7772
111.1221
110.1469
110.2549
109.9315
108.3295
106.4390
106.6474
106.3350
104.7872
104.2765
104.4805
102.1587
102.0590
100.8696
101.5617
99.3053
98.8215
98.3400
98.7250
97.8608
95.5927
95.7797
94.2935
94.2935
93.7419
92.7389
92.3767
91.2089
90.8525
90.3203
88.4807
88.5675
89.5275
87.0174
86.7615
83.7447
84.4897
84.6561
84.1578
83.0056
82.1914
81.3041
79.8706
80.2665
79.1624
78.6933
76.9176
77.2239
77.3006
75.3269
75.4021
75.1769
73.7646
73.2500
73.0304
72.1575
71.4367
70.5087
70.5088
70.2960
69.7313
68.2667
67.9906
67.3043
66.6913
65.6127
65.6127
65.1452
63.8894
63.4315
63.1711
61.3071
61.6254
60.9900
60.9900
59.9212
58.8049
58.8049
58.4362
57.8256
57.1593
56.7982
55.5475
55.5475
55.0176
54.3747
53.6795
53.4492
52.9334
53.2195
52.0814
51.4627
50.8489
50.1850
49.5816
50.1300
49.3634
48.5506
48.4429
47.8000
48.2280
47.2685
