61.4979
62.8466
64.4158
66.2852
66.2177
67.0994
68.6131
69.7313
72.0128
71.0786
73.0304
74.2823
74.8777
76.3083
76.6124
78.9275
80.1079
81.0636
82.5162
83.2513
83.8271
84.9897
85.7449
86.9320
88.3940
92.1059
89.2647
91.5667
91.6564
93.8336
94.2013
95.6862
96.1548
98.0522
97.2889
99.9867
99.8891
101.2645
101.6609
103.8697
105.5066
106.0236
108.0120
108.0120
108.7543
109.2877
111.4491
111.4491
111.7772
113.2106
112.6570
113.4328
115.6811
116.7084
117.3987
118.4424
119.1438
118.9095
121.5146
123.8150
122.3566
123.4486
123.6927
123.3267
126.4137
126.7899
128.0529
127.6725
128.6897
130.6216
129.5871
131.6653
132.1907
135.3940
133.9149
134.3165
134.7194
129.8449
137.1663
136.2087
139.1051
138.1317
139.8051
140.2272
140.3682
140.6507
144.2390
143.9480
143.5128
144.0934
144.5307
145.9997
146.4438
147.7859
147.7859
149.9029
148.3871
148.5378
150.8213
151.2831
143.6577
151.7465
150.9750
152.0564
152.9907
153.3037
152.8345
154.8803
155.6760
156.6374
157.4442
158.2560
158.5821
157.7682
158.9091
159.4011
159.4011
160.2253
160.3908
161.2213
160.8885
163.9149
161.5550
159.5655
164.0851
163.2363
163.9149
164.5970
166.1448
164.9394
166.6647
165.6269
165.6268
167.0125
169.2952
167.0125
169.1182
168.5886
169.8275
168.7649
170.0054
169.6498
170.1835
171.0778
170.3619
172.3398
172.1588
172.1588
172.7025
171.9780
172.7025
178.8301
171.9780
172.1588
176.3836
178.4509
179.2103
176.1972
177.1318
178.6404
177.8840
181.1272
179.9739
179.7826
179.9739
181.5137
180.1655
180.1655
182.2899
182.8749
182.4846
183.2663
183.2663
183.4624
183.2663
182.4846
183.6587
183.2662
184.6445
183.6587
183.2663
185.6373
185.6373
186.4365
185.0408
184.2494
187.4418
184.8425
186.0363
187.0388
189.0650
187.4418
188.6575
190.2945
188.4541
187.8459
189.6785
189.4737
190.0889
189.2692
190.9132
190.5004
188.8611
190.9132
190.5005
189.8835
190.5004
192.7852
192.1585
193.8356
191.1200
194.4695
191.9502
190.7067
194.4695
194.0466
193.6249
193.8356
194.0466
194.4695
194.0466
194.6814
193.6249
197.2483
193.4145
195.5321
195.1061
194.2579
197.2483
198.3310
194.4695
197.0326
197.6805
197.6804
197.4642
197.8970
198.9845
195.9593
198.9845
197.8970
199.4217
199.4217
198.3310
201.1835
200.0800
200.9621
199.8602
200.7411
200.5204
200.5204
199.4217
200.9621
198.9845
201.6272
201.8495
200.9621
197.4642
201.8495
200.3000
200.9621
204.0910
198.5485
200.9621
201.8495
202.5184
201.1834
204.3170
201.6272
201.1835
202.2952
201.4052
202.5184
197.2483
202.7421
203.8653
204.3170
203.6400
205.4520
203.6400
220.0128
205.4520
204.9970
202.9661
204.5434
205.2243
205.4520
201.1835
205.6800
208.6754
205.6800
206.5955
209.8432
208.6754
202.9661
206.8251
210.3128
205.2243
208.2108
205.6800
205.4520
206.3660
206.8252
204.3170
207.9790
207.0552
206.1371
206.3660
213.8806
208.6754
206.8251
208.4429
207.2856
206.8252
207.2857
208.9083
205.6800
207.5164
206.5954
206.1371
207.9789
197.6805
207.5164
208.4429
205.9084
208.9082
208.4429
208.4429
207.9789
208.2108
209.6089
209.1415
208.9083
207.5164
210.0778
210.5481
209.3750
208.9083
210.7838
207.7475
218.5193
206.3661
209.6089
208.4429
217.5314
209.6089
209.8432
209.1415
207.2856
207.7475
209.1415
212.4436
212.4436
214.8459
209.6089
212.4436
214.6040
212.6822
212.4436
209.8432
212.4436
211.2562
213.4002
209.1415
211.2562
209.6089
211.4930
211.9676
214.1214
213.1604
218.5193
214.6040
210.7837
211.7301
217.5314
212.4436
212.6822
214.3625
216.3051
216.7945
215.5738
216.0609
213.1605
215.0881
216.5496
215.8172
217.5314
213.1605
215.0882
214.1214
211.7301
218.0246
214.8459
212.9212
212.4437
217.7778
210.7838
213.4002
215.5738
218.2718
215.8172
217.0397
215.5738
218.7672
217.2854
213.6402
215.3308
215.8172
212.9212
215.8172
212.2054
216.0609
215.3308
218.7672
210.5480
219.5134
215.3308
217.5314
215.0881
215.8172
215.8172
216.3051
214.6040
216.0609
223.0421
215.0881
211.0198
215.8172
219.0156
216.3051
222.5333
214.8459
214.1214
216.7945
222.0260
214.3625
214.6040
213.6402
212.6822
216.3050
216.3051
219.7629
220.2630
215.3308
216.5496
222.2794
222.2794
219.5134
215.8172
216.0609
215.5738
216.7945
219.5134
220.2631
216.3051
216.0609
219.0156
223.2972
217.5314
217.5314
216.3051
215.3308
217.0397
218.5193
219.0156
218.2717
220.2631
217.7778
217.5314
218.2717
219.5134
218.7673
217.0397
218.0246
217.5314
218.5193
217.0397
220.2631
224.3215
218.5193
219.0156
217.7778
219.2643
216.0609
217.2853
221.2681
219.0156
217.7778
219.0155
219.0156
220.0128
219.0156
220.2631
217.5314
221.0163
217.7778
221.0163
219.5134
219.2643
217.0397
217.5314
220.0128
219.0155
220.5137
222.5333
218.7672
218.5193
220.5137
217.7778
220.5137
219.2643
217.7778
222.5333
219.2643
220.2631
220.5137
220.7648
221.2681
220.2630
221.7730
218.7672
219.7629
220.5137
222.0260
221.2681
219.5134
222.5333
223.8085
221.7730
219.5134
223.0422
220.0128
220.2630
218.5193
222.2795
218.5193
222.2794
220.2631
222.5333
221.2681
220.7648
223.0421
222.5333
223.2972
219.7629
221.0162
220.7648
222.5333
221.2681
224.8360
223.8085
222.0260
222.7875
220.2631
219.2643
221.0162
221.5203
222.5332
222.7875
221.7730
220.7648
222.7875
221.2681
221.7730
223.8085
223.8085
221.0163
221.5203
222.7875
220.2631
219.5134
221.0163
224.0648
220.7648
222.2794
221.0163
222.2794
224.3215
222.0260
223.5526
220.5137
223.0421
221.0163
219.0155
224.3215
219.5134
222.0260
224.3215
219.2643
222.5333
221.2681
221.2681
222.0260
224.8360
223.0422
223.2973
223.2972
224.0648
223.0422
224.3215
219.7629
219.7629
223.2972
223.0421
222.7875
220.2631
221.0162
221.5203
223.2973
223.0422
221.0163
220.5137
221.7730
219.7629
224.3215
223.5527
222.0260
224.3215
224.8360
224.5785
223.2972
221.2681
222.7875
220.0128
223.2972
220.0128
223.8085
221.2681
218.0246
223.2973
222.0260
222.5333
219.0155
223.2972
222.5333
223.2972
220.2631
222.7875
224.8360
222.2794
222.5333
219.0156
224.3215
223.5527
223.8085
222.2794
224.0648
223.5527
227.1717
221.7730
223.5527
224.8360
222.2795
223.2972
222.2794
223.8085
223.8085
224.3215
223.2973
221.5203
226.1295
217.5314
221.5203
224.5785
220.7648
222.5333
224.5785
225.3522
224.8360
224.3215
221.7729
226.6498
221.5203
221.0163
222.2794
222.0260
223.8085
223.5527
222.2795
223.5527
223.5526
220.0128
221.5203
224.0648
223.5527
215.8172
220.0128
224.8360
223.0421
224.5785
222.2794
223.0421
223.8085
223.8085
224.8360
224.0648
221.5203
224.3215
223.0421
224.8360
223.5526
224.8360
223.2973
221.5203
223.5527
223.2972
223.8085
224.0648
220.5137
223.0422
222.0260
223.0422
223.2972
223.0421
224.0648
225.6109
225.6109
223.8085
224.3215
223.8085
225.3522
224.0648
223.8085
225.6109
223.2972
216.5496
223.8085
225.3522
225.0939
223.2973
223.2972
224.3215
223.8085
223.2972
224.5785
222.0260
224.8360
223.8085
222.5333
224.5785
223.0421
223.0422
223.8085
227.6954
223.5527
224.8360
222.0260
223.0421
226.3894
223.2972
222.2794
222.7876
225.8700
224.5785
223.8085
224.0648
223.0422
224.5785
223.8085
224.8360
225.3522
215.8172
225.0938
224.0648
223.8085
222.7876
225.0939
221.5203
224.0648
225.8700
225.3522
221.7730
223.5527
220.5137
224.0648
222.2794
222.5333
222.2794
223.2972
227.1717
221.7729
223.8085
223.2972
225.0939
222.7875
225.8700
222.0260
223.8085
224.3215
220.5137
220.2630
223.2973
223.8085
225.0939
221.0163
223.0421
224.0648
220.0128
223.2972
221.7729
222.5333
223.2972
224.3214
221.7729
222.5333
221.0162
223.2973
222.5333
221.2681
221.2681
223.5527
221.2681
222.5333
222.5332
225.3522
225.3522
222.7876
223.5527
222.0260
220.0128
217.2853
224.0648
224.5785
223.8085
222.5333
222.5333
222.7875
223.8085
218.2718
224.0648
221.0163
221.0162
222.5333
222.5333
221.2681
221.5203
222.2794
220.0128
222.2794
214.6040
220.7648
221.7729
222.2794
219.0155
222.7875
220.7648
223.5527
221.0163
220.0128
223.8085
231.6766
230.0726
220.5137
223.2972
223.8085
220.0128
223.8085
222.2794
224.3214
223.2972
219.5134
219.5134
219.2643
221.2681
223.8085
221.5203
223.0421
221.5203
219.5134
223.5527
221.0163
222.2794
219.2643
220.0128
219.0155
220.0128
218.7672
223.8085
221.0163
220.5137
220.0128
222.5333
219.7629
219.2643
222.5333
220.2631
221.7730
222.5332
222.5333
217.7778
224.3215
218.0246
221.7730
220.2631
220.0128
222.5333
220.2631
223.8085
220.2631
218.7673
219.7629
220.7648
220.2630
221.7730
221.7730
218.7673
219.5134
217.5314
218.7672
220.5137
220.5137
219.7629
220.7648
220.7648
219.5134
219.7629
219.2643
219.0156
221.0163
220.5137
221.2681
220.2631
220.2631
219.2643
220.0128
220.0128
221.0162
217.7778
222.7875
218.5193
218.5193
218.5193
220.2631
219.0156
224.0647
219.0155
221.7730
218.2718
218.7673
220.2631
219.2643
217.5314
216.3051
216.3050
215.5738
217.5314
216.0609
218.2718
220.5137
222.5333
217.2854
217.7778
220.7648
218.5193
218.0246
218.7673
219.0156
216.5496
218.2718
218.0246
218.5193
217.7778
218.5193
215.0882
223.0421
219.5134
218.7673
219.0156
217.7778
217.0397
215.5738
216.0609
222.0260
216.0609
218.2718
215.3308
216.3051
220.7648
217.5314
217.2854
216.3051
217.5314
216.5495
217.2854
212.4436
214.1214
216.0609
215.8172
216.5496
217.2853
217.0397
216.5496
218.0246
218.2718
213.8806
215.3308
214.6040
217.0397
215.8172
213.4001
217.0397
216.0609
216.3051
217.5314
217.2854
216.3051
214.6040
217.2854
214.6040
217.2854
217.7778
215.0881
217.5314
217.2854
215.0882
214.8459
216.0609
216.0609
214.8459
213.4001
218.0246
220.0128
212.2054
215.5738
215.3308
213.4001
214.3625
214.8459
215.3308
214.1214
218.0246
214.1214
216.0609
212.9211
213.6402
215.5738
212.6822
211.7301
215.3308
216.7945
213.8805
215.8172
214.6040
216.0609
214.8459
212.6822
211.9676
210.7837
210.3127
211.0198
213.1604
215.5738
211.0198
214.1213
213.6401
210.3127
214.6040
213.4001
216.3051
213.4001
210.7837
211.0198
213.1604
209.8432
205.6800
214.1214
210.3127
213.6401
211.7301
211.0198
210.7838
211.0198
211.0198
211.4930
209.8432
210.0778
209.8432
214.1214
211.9676
210.5481
207.5164
208.9083
211.2562
209.8432
210.3128
208.4429
209.6089
208.9083
208.4429
204.9970
210.0778
209.3750
208.2108
208.2108
208.4429
207.2856
209.1414
208.6754
202.5185
207.9789
208.9083
207.2857
208.2108
207.5164
207.0552
208.9083
203.6401
208.4429
204.9970
207.2857
214.6040
207.2857
209.6089
207.7475
206.5955
205.4520
207.9790
205.9084
205.4520
205.6800
212.9212
204.3170
207.0552
202.7421
201.6271
203.8653
203.6400
204.9970
204.7699
203.6400
204.5434
203.6400
202.5185
201.8495
204.0910
200.3000
204.0910
203.6400
201.6272
202.0722
204.0910
202.2952
202.2951
203.8653
202.0722
204.0910
206.1371
203.4151
203.1904
200.5204
208.9083
201.6272
201.1835
200.3000
200.5204
201.6272
200.9621
200.7411
201.1835
200.3000
199.8602
200.9621
202.0722
201.1835
199.6408
197.0327
200.3000
200.3000
199.8602
200.0799
198.5485
198.1138
200.7411
199.2029
196.3877
194.8936
196.8174
197.4642
195.9593
194.8936
196.8174
198.1139
197.2483
197.2483
195.7455
196.1733
194.2579
197.6805
192.9946
195.5321
196.8174
197.2483
193.6249
194.0466
194.0466
194.6814
194.2579
191.7422
195.1062
193.4145
192.3671
193.6249
194.2579
194.0466
189.8835
195.1061
193.2044
192.9947
194.0466
194.0466
194.0466
193.2045
192.3671
191.7422
191.7422
191.9502
193.8356
189.6785
190.0889
188.2511
190.5004
190.0889
189.0650
188.2511
188.2511
193.8356
188.2511
187.4418
187.4418
187.6437
186.6370
187.8459
187.2402
187.6437
187.4418
185.6373
187.0388
186.4365
185.8367
185.0408
187.6437
184.4468
184.2494
184.2494
180.9343
181.3203
181.3203
184.2494
183.0705
182.0954
180.9343
181.5137
181.7073
181.3203
183.0705
181.1272
180.1655
180.5494
181.3203
179.4008
179.5916
179.0201
178.8301
176.1972
179.5916
178.4509
171.0778
176.9444
177.6956
171.4371
171.4371
172.7025
171.9780
177.8840
172.1588
172.5210
171.9780
171.6172
166.6647
171.2573
170.1835
171.6172
170.8985
169.4723
169.8275
170.0054
170.0054
160.8885
172.1588
169.1182
168.0612
168.0612
167.3611
168.2368
166.4912
171.0778
167.7107
166.6647
166.1448
164.7681
164.9394
165.4546
163.7449
163.2363
163.9149
162.2249
162.2249
162.7297
163.0672
160.5565
161.0548
161.0548
159.2369
159.8950
160.7224
159.0729
157.7682
156.7984
156.7984
156.9595
158.2560
156.1558
153.6175
155.9957
154.2473
155.6760
155.8358
154.5634
152.8345
150.6678
151.1290
150.0555
150.2083
151.7465
149.2944
149.2944
147.6361
149.2944
148.8399
145.7045
144.6768
145.9997
146.2956
145.9997
144.8231
144.6768
143.6577
142.6471
142.0733
141.9303
140.3682
141.2177
139.5246
140.3682
139.5246
139.1051
139.2448
137.9933
136.4815
136.3450
134.8540
136.2087
135.1237
134.0486
132.7185
132.7185
130.8816
132.4543
130.7515
130.6216
129.8449
128.1799
132.5863
128.6897
126.6643
126.5389
127.5460
125.4166
125.2926
124.7979
124.4283
123.9374
123.0834
122.4774
122.7194
121.3949
119.2611
120.4414
119.4962
118.9095
118.5590
117.3987
115.1146
116.3649
116.1365
116.9380
113.8787
114.6636
113.2106
112.8781
111.3400
111.5583
110.6876
111.4491
109.3948
110.0392
109.7165
107.8009
108.2235
107.4850
106.0236
105.1977
103.3634
102.8597
102.5587
102.1587
101.8597
100.2801
100.1822
99.7915
98.2440
96.7202
98.2440
97.4792
97.1939
95.4993
95.4060
94.8482
95.7797
86.7615
92.8296
92.7389
92.1059
91.3877
89.7031
89.7031
88.4807
88.4807
86.8467
87.7892
85.9980
85.8292
85.6607
84.2407
84.0750
83.4155
83.0056
81.8677
82.9239
79.9497
80.0288
80.0288
79.6339
78.6153
77.8396
77.1472
76.9176
75.6277
75.1020
74.0601
72.8113
72.2299
72.3749
72.1575
71.7963
70.7220
70.2252
69.8017
69.5205
69.5206
68.4744
66.8951
65.8811
67.5781
67.3726
65.4120
65.1452
65.0786
64.8792
63.8894
61.8810
62.0732
62.0091
61.5616
60.9267
60.9267
59.6095
59.2991
59.1134
58.2525
58.6203
57.4009
56.4986
56.7382
56.0216
55.7842
54.9003
54.9003
55.0763
54.9003
55.8435
56.3791
57.5220
57.7648
59.2991
60.6742
60.3596
62.0091
61.8810
64.2839
65.0121
66.2852
66.5557
68.4051
68.8217
70.2252
70.2252
72.3023
72.8113
73.9122
75.1020
76.1566
76.9176
78.7713
79.4764
79.9497
81.1437
82.4349
82.7606
83.0056
84.4066
85.5766
86.5063
87.9616
91.2089
89.5275
91.2983
91.9258
92.7389
93.7419
95.0338
95.9671
97.0990
97.4792
98.4361
99.0148
100.5744
101.4625
102.3585
103.8697
104.7872
105.9200
105.4036
107.6955
107.6955
108.1177
107.9064
109.8239
112.4363
111.9964
113.2106
113.3217
115.2277
116.2506
118.0934
118.3259
119.6139
121.0364
120.0860
120.7980
122.1154
120.9171
124.0599
124.4283
124.0599
124.3054
126.9155
130.2326
128.0529
129.2017
128.9454
128.9454
130.8816
131.1423
131.5343
133.7814
131.1422
137.0291
136.8919
136.7550
137.1663
138.4090
138.8262
139.3846
140.9339
140.9339
139.3846
141.0757
143.3681
144.5307
142.6470
142.5034
144.6768
142.9350
147.4864
147.0385
148.5379
148.3871
148.6888
149.9029
148.8399
153.6175
150.6678
152.0564
151.1290
153.7746
153.3037
156.6374
159.2369
154.2473
156.3161
155.8357
157.6061
158.4189
161.2213
158.9091
159.5656
162.5612
158.5821
160.7223
160.8884
161.8895
161.3880
162.8983
162.5612
162.5612
166.6647
168.2368
164.5970
164.4262
164.0851
167.1867
167.3611
166.8385
167.3611
168.7649
169.2951
167.3611
169.4724
168.9414
169.4724
171.6172
172.1588
172.1588
171.9780
173.0662
170.7194
172.1588
172.5210
172.1588
171.2574
177.6956
172.3398
177.5074
171.6172
171.9780
172.1588
178.6404
171.4371
178.0727
178.8301
177.8840
178.8300
177.6956
177.3195
179.2103
182.4846
181.7073
181.3203
181.3203
184.4468
179.5916
184.0522
183.2662
180.7417
184.6445
181.3203
184.0522
183.2663
183.4623
184.6445
185.4382
186.4365
184.6445
184.2494
185.8367
186.8377
194.8936
190.7067
186.4365
188.8611
187.8459
188.2511
187.0388
187.8459
188.2511
188.6575
189.4737
189.2692
189.8835
188.0484
188.2511
190.7067
190.9132
191.7422
191.7422
190.0889
190.7067
192.1585
193.8356
193.4145
191.9502
193.4145
194.4695
187.0388
194.0466
192.7852
193.2044
194.0466
195.1061
194.0466
193.6249
194.0466
193.4145
196.6024
194.4695
194.4695
195.3189
196.6024
194.6814
195.3189
197.2483
197.6805
197.2483
193.6249
197.2483
197.4642
197.2483
198.1138
198.5485
198.1139
197.0326
194.8936
197.4642
198.1139
198.3310
198.9845
199.2029
199.4217
200.5204
201.1834
200.9621
205.2243
201.4052
200.7411
201.4052
199.2029
200.5204
200.3000
202.5185
202.0722
202.9661
200.0799
202.9661
204.7700
202.2952
202.2952
204.3170
203.1904
200.3000
203.6400
202.0721
203.4151
204.0910
204.3170
202.7421
203.1904
202.5185
203.4150
206.5955
204.7699
203.4151
203.1904
202.9661
205.6800
205.6800
203.4151
206.3661
207.7475
204.3170
207.5164
206.1371
203.6401
207.2857
207.9790
209.3750
208.2108
205.4520
207.9790
208.4429
205.2243
208.4429
208.6754
206.5955
206.8252
208.2108
202.5185
208.2108
207.5164
207.7475
208.6754
206.3661
205.2243
208.2108
208.4429
207.5164
208.2108
209.1415
208.6754
208.2108
207.9789
210.7837
207.2857
208.4429
211.9676
207.5164
208.4429
209.6089
207.7475
212.2054
207.5164
208.4429
206.3661
211.9676
211.0198
209.3750
210.0778
211.0198
212.2054
212.6822
209.8432
215.5738
212.2054
209.8432
211.2562
210.7838
210.3128
213.8806
210.7838
211.7301
209.6089
212.4436
213.6401
212.4436
211.4929
213.1604
214.6040
212.4436
214.3625
209.3750
213.1604
211.4929
212.9211
211.9676
212.6822
212.4436
214.3625
215.8172
214.6040
214.8459
215.3308
215.5738
213.8806
213.8806
212.9212
215.5738
215.5738
211.4929
216.3051
215.0882
213.6402
211.0198
214.3625
213.6402
211.7301
215.8172
216.5496
214.6040
215.3308
213.6402
216.3051
216.5495
215.0882
216.3051
216.0609
227.1717
214.6040
214.3625
216.3051
214.3625
213.6402
213.4001
212.6822
213.4002
215.8172
215.8172
215.0881
217.5314
214.3625
214.6040
212.6822
217.0397
216.0609
217.0397
215.8172
216.5496
216.0609
215.8172
215.3308
213.6402
216.7945
219.2643
219.7629
214.8459
215.8172
214.6040
216.5496
214.6040
216.0609
215.0881
216.5496
216.3050
215.3308
218.0246
216.5496
215.8172
217.7778
217.5314
219.5134
212.9211
215.0881
218.0246
218.7673
215.5738
215.8172
215.3308
217.5314
218.5193
217.7778
218.0246
214.8459
217.0397
215.8172
220.0128
217.2853
215.8172
219.5134
219.0155
218.0246
216.7944
217.0397
221.5203
214.8459
217.2854
218.5193
219.2643
216.3050
217.2854
220.0128
220.2631
217.5314
220.5137
220.0128
221.0163
217.7778
216.0609
219.5134
219.2643
220.5137
218.0246
220.0128
220.0128
217.7778
218.0246
217.2854
215.8172
217.5314
218.2718
219.5134
218.0246
223.0421
217.5314
218.0246
220.5137
221.5203
218.7673
219.5134
220.2630
218.2718
221.5203
218.5193
218.2718
220.7648
221.2681
216.5495
218.7672
222.0260
220.5137
218.7673
221.7730
219.2643
219.5134
221.0163
218.5193
220.5137
220.2630
218.7673
220.2630
223.0422
221.5203
222.5332
224.0648
221.0163
218.0246
219.7629
220.5137
220.7648
222.7875
220.2631
219.7629
220.2631
223.8085
222.7875
220.5137
219.0156
220.7648
221.5203
220.5137
220.7648
219.5134
217.7778
220.5137
219.5134
220.5137
221.5203
221.7730
221.0163
225.6108
219.5134
221.0163
220.5137
220.2630
220.5137
222.0260
221.2681
219.5134
220.7648
222.2794
224.5785
222.0260
217.7778
221.7729
225.0939
223.5526
218.7672
222.0260
221.5203
222.0260
219.7629
220.2630
222.2794
222.5332
220.7648
224.3215
222.2794
218.5193
220.0128
222.2794
219.2643
220.5137
221.7729
220.7648
223.8085
225.6109
221.7729
220.0128
222.7875
223.0421
221.2681
222.5333
223.2972
222.7876
221.5203
223.0421
224.5785
221.7729
220.7648
224.5785
223.8085
218.2717
222.5333
223.8085
221.5203
222.0260
219.0155
223.0422
223.5527
222.0260
222.0260
220.0128
223.0422
225.6109
223.0422
223.8085
222.2794
224.0648
221.5203
222.2794
224.8360
222.0260
221.5203
220.5137
224.0648
221.7730
221.2681
222.5333
223.0421
223.2972
221.7729
220.0128
222.2794
223.2973
221.7730
220.7648
224.0648
224.3215
223.2972
224.8360
224.0648
223.2973
224.3215
215.3308
221.5203
223.0422
226.9105
223.0422
222.7876
225.0939
221.7730
224.5785
221.7730
221.2681
219.7629
222.0260
221.5203
221.7730
221.0163
223.2973
223.0422
221.5203
221.2681
222.0260
224.8360
224.0648
223.5527
229.2763
221.5203
228.2207
224.5785
232.7547
222.7875
220.7648
225.0939
224.0648
222.2795
224.0648
221.7729
223.8085
222.0260
220.0128
223.8085
221.0162
224.0648
224.5785
223.8085
220.5137
219.5134
223.0422
225.0939
223.2972
224.0648
227.4333
223.8085
225.8700
220.2630
223.8085
224.3214
212.4436
223.8085
220.7648
224.3215
222.7876
222.5333
226.1295
224.0648
222.5332
225.0939
223.0421
224.8360
223.2972
224.5785
223.8085
225.3522
232.7547
225.0938
224.8360
229.5413
225.0938
224.3215
224.5785
225.0939
223.8085
225.0939
225.6109
225.0939
225.0939
219.0155
223.8085
225.0939
221.7730
226.9105
223.2972
224.3215
223.0421
223.2972
224.5785
222.7876
223.8085
221.0163
224.0648
223.8085
224.0648
222.5332
223.8085
224.3215
224.3215
224.0648
222.7876
223.5527
224.5785
224.8360
224.5785
224.3215
223.2972
224.3214
224.0648
221.5204
224.3215
223.5526
224.3215
222.5333
223.8085
223.2972
226.1295
222.7876
224.3215
226.6497
224.8360
220.0128
222.5333
224.3215
227.1717
219.7629
222.7876
223.0421
222.7876
222.2795
224.3215
225.6109
223.5527
219.5134
224.3215
221.7730
223.5527
222.0260
222.2794
222.5333
223.2973
224.0648
221.7729
223.2972
221.5203
223.0421
223.0421
222.2794
222.7876
221.7730
223.5526
221.5204
221.5203
220.5137
221.2681
222.0260
219.7629
222.2794
221.2681
222.5332
223.8085
222.0260
220.5137
222.7876
224.8360
223.8085
221.2681
222.5333
223.2972
221.7730
221.2681
223.2972
221.0163
218.2717
220.0128
226.6498
222.0260
221.2681
221.2681
222.5333
221.0162
223.8085
221.7729
221.2681
222.7875
219.5134
220.5137
221.7729
218.7672
218.7672
222.7875
218.5193
222.0260
221.7730
218.5193
219.7629
220.0128
223.5527
221.0162
222.2794
223.5527
216.7945
220.5137
220.2630
221.2681
223.5527
218.7672
223.8085
222.0260
220.0128
220.7648
222.7875
220.5137
221.0162
223.0421
221.7729
222.2794
217.0397
220.7648
222.0260
220.5137
221.7730
220.7648
224.3215
219.0156
219.2643
220.2631
221.0163
219.5134
219.5134
222.7875
222.0260
220.7648
220.5137
220.5137
221.5203
220.0128
221.7730
220.0128
218.7672
221.0163
220.5137
218.5193
216.0609
217.0397
223.8085
219.5134
222.2794
219.7629
220.7648
218.2718
220.0128
219.7629
219.5134
221.2681
221.0163
218.7672
213.6402
221.5203
220.2631
220.2630
219.2643
218.2718
219.5134
220.2631
220.5137
223.0421
219.0156
219.0156
218.0246
220.7648
219.5134
219.2643
219.2643
220.0128
220.5137
218.7673
217.2853
218.5193
218.7672
219.0156
212.2054
217.2854
218.5193
221.0162
220.0128
221.7729
216.7944
220.0128
219.7629
216.5495
215.0881
218.5193
218.0246
217.7778
216.7945
217.0397
215.0881
216.7944
220.5137
219.0155
219.2643
215.8172
216.0609
217.2853
215.0881
217.0397
215.5738
217.2854
219.5134
217.5314
215.3308
214.8459
215.8172
213.6402
215.3308
218.0246
216.5496
214.6040
218.0246
218.2718
216.7944
216.5496
219.0156
215.8172
217.5314
214.3625
218.2718
216.5496
217.2854
214.8459
217.2854
212.6822
215.3308
216.0609
215.8172
218.0246
216.3051
214.6040
216.3051
216.3051
215.8172
214.1214
214.8459
215.8172
213.8806
215.5738
213.1604
215.0881
215.5738
211.7301
214.3625
215.8172
216.0609
215.8172
214.1214
211.2562
214.6040
213.4001
216.0609
212.2054
212.2054
212.6822
215.0882
215.8172
215.3308
213.1605
213.4001
213.6402
215.0881
213.6402
213.8806
211.9675
212.4436
213.8806
213.8806
212.9211
214.1214
214.1214
212.6822
212.2054
213.1605
214.1214
212.6822
214.1214
211.4929
211.2562
214.8459
213.4001
213.8806
214.6040
214.6040
214.3625
215.0881
211.4929
211.7301
211.4929
211.9676
211.4930
213.4001
211.9676
213.1605
210.7837
211.2562
213.6402
211.7301
212.9211
211.4930
212.2054
211.9676
213.1604
211.7301
211.0198
211.7301
215.0881
209.6089
212.6822
210.7837
204.0910
208.4429
210.5480
208.4429
209.1414
212.2054
208.4429
208.2108
210.3127
202.5185
208.4429
208.6754
208.2108
211.2562
209.8432
207.9790
209.1414
206.1370
207.5164
209.1414
207.9789
207.5164
208.2108
208.6754
204.0910
204.5434
209.3750
206.8251
207.5164
200.7411
205.4520
207.2857
204.5433
205.9084
201.6272
205.2243
203.1904
206.3661
207.5164
206.5955
214.3625
198.3310
204.9970
203.6400
206.5955
201.1834
204.7700
202.2951
203.1904
204.3170
203.8653
203.4151
205.2243
204.5434
203.8653
202.2952
201.6271
206.8251
203.6400
202.9661
202.9661
203.8653
201.1834
203.1904
200.9621
203.6400
202.0722
198.9845
199.4217
201.4052
203.1904
201.6272
200.9621
200.7411
205.2243
202.2952
201.4052
200.9621
198.9845
200.7411
198.9845
198.9845
201.1835
200.7411
198.3310
198.7664
198.1138
196.8174
197.8970
196.8174
198.5485
200.9621
197.2483
194.0466
198.7663
199.8602
196.6024
200.9621
198.9845
194.8936
197.4642
196.1734
202.0722
197.6805
194.4695
195.9593
194.2579
194.2579
193.4145
194.2579
193.6249
194.6814
195.3189
197.0327
193.6249
194.4695
194.8936
195.1061
194.0466
190.9132
192.7852
192.5760
194.0466
194.0466
193.8356
189.6785
193.2045
191.9502
189.6785
191.7422
188.8611
192.1585
191.7422
190.2945
189.6785
191.3271
190.5004
191.1200
190.0889
191.1200
187.4418
189.6785
188.0484
188.6575
186.4365
187.0388
188.6575
187.6437
186.2363
186.6370
186.2363
185.6373
186.8377
184.8425
185.6373
186.0363
187.6437
184.8425
184.8425
183.4623
187.0388
184.0522
182.0954
184.4468
185.0408
183.4624
183.8553
181.7073
183.8553
181.1271
182.0955
181.5137
182.4846
183.4624
183.2663
183.6587
181.5137
180.3573
180.1655
180.5493
181.1272
180.1655
179.2103
178.0727
177.1318
178.0727
178.6404
171.4371
171.9780
171.9780
176.0110
172.8842
178.6404
171.9780
172.3398
171.4371
170.0054
172.5210
171.2573
171.6172
172.3398
171.9780
167.0125
170.0054
167.8858
167.5358
169.4724
170.3619
168.4126
165.6269
167.8858
169.1182
168.2368
167.5358
163.7449
165.6268
165.6269
165.9719
164.4262
163.4056
160.7223
164.2555
165.1109
162.2249
161.3880
164.0851
162.5612
162.3930
160.0601
161.0548
159.4011
159.2369
156.4767
166.3178
160.7224
158.7455
158.0932
158.7455
156.9595
155.3571
151.9013
154.5634
155.0391
155.3571
153.6175
152.5227
157.6061
152.3671
152.5227
149.1427
151.1290
151.4374
148.9912
150.0555
149.5983
148.3871
150.3613
147.1876
147.4864
147.0385
146.1476
147.9359
143.5128
146.8896
144.0934
145.8520
143.3681
142.7909
143.6577
143.0792
141.5023
141.2177
142.0733
141.5023
140.0863
141.2177
139.9457
139.6648
134.7194
137.4414
134.1825
137.0291
133.2488
133.2487
136.6182
131.4035
132.4543
132.5864
131.2728
132.1907
131.0118
128.8174
127.6725
129.3300
125.2926
128.1799
126.5389
126.1636
126.9155
125.4166
124.0599
122.4774
123.9374
122.4774
120.4414
121.5146
120.4414
121.1557
118.6757
121.0364
118.6757
116.9380
117.8613
116.8231
116.0224
115.0017
115.4542
113.9905
112.8781
113.0996
112.6570
110.9046
111.6677
108.5417
109.6091
108.8607
108.0120
107.6955
107.8009
106.9607
104.9923
105.6098
106.4391
104.4805
103.1617
102.1587
101.2645
102.5587
100.2801
99.5968
99.4995
98.4361
97.6698
96.9094
96.6258
96.3430
95.7797
94.6629
93.1935
98.2440
93.1935
91.5667
92.0159
91.0305
90.4973
89.8790
88.9155
87.8754
87.5312
84.7394
86.9320
86.7615
85.6607
85.0733
84.0750
82.5162
83.0056
80.7439
81.3041
81.7870
79.3193
79.6339
79.7917
78.3042
77.9169
77.9942
76.3083
76.4602
75.5524
75.7031
74.4308
74.1341
73.9122
72.8843
72.6656
71.8684
71.6523
70.2252
69.9427
69.5908
68.9610
69.2403
68.1976
67.3726
66.8272
66.6913
65.7468
65.4120
64.6803
64.8792
63.4968
61.8810
61.8170
61.9450
61.7531
59.9837
60.2968
60.0462
59.7341
59.0516
57.7040
57.5826
57.7040
56.0811
56.3791
55.8435
55.1350
53.9684
55.0176
55.1938
54.7247
52.9334
53.0477
53.8527
53.4492
54.6079
55.0763
55.9622
56.4986
57.7648
58.7433
59.3611
60.5482
60.8003
61.8810
64.0207
64.6803
65.4120
64.6803
67.2359
70.8645
68.9610
69.7313
71.0786
74.1341
72.5201
73.7646
75.4021
76.2324
76.6886
77.3774
78.6933
79.5552
81.1437
81.6257
83.4976
83.6622
84.4066
86.9320
86.4214
88.2208
88.3073
89.8790
90.5860
91.9259
92.7389
95.4993
94.7555
94.5704
95.9671
97.1939
97.3840
98.6286
99.8891
100.7711
101.2645
102.0590
101.6609
104.9923
106.2311
107.0654
107.6955
108.0120
110.4710
109.5019
110.2549
111.5583
112.4363
113.0996
114.3265
115.3409
117.6297
117.5141
120.5601
118.6757
119.7317
119.8497
121.5146
121.6345
122.4774
123.3267
122.3566
124.1825
126.4137
126.4137
127.4196
128.0528
128.5620
128.8174
128.6897
131.5343
131.1422
132.4543
134.8540
132.7185
134.3165
134.8540
135.9365
135.6650
135.1237
139.1051
128.3071
139.3846
139.2448
140.9339
142.2165
142.0733
143.9480
142.5034
144.2390
144.6768
144.0934
145.1162
146.5922
147.9359
148.8399
145.7045
148.3871
148.6888
150.8213
151.2831
152.8345
151.5918
153.1471
153.4605
153.4605
153.1471
154.4053
157.4441
156.7984
156.7984
157.4442
157.4441
158.0932
158.9091
158.2560
158.7455
160.8885
159.5656
161.8895
160.7224
161.7221
163.5752
162.8983
164.5970
163.7449
163.9149
163.4057
165.7993
165.6269
167.3611
167.3611
167.8858
168.7649
166.8385
169.1182
169.2952
168.7649
170.0054
169.8275
169.4723
170.7194
171.2574
169.8275
171.4371
172.8842
172.3398
171.9780
171.9780
172.3398
177.8840
175.6395
172.5210
171.9780
178.0727
172.7025
176.5703
171.6172
179.0201
178.2617
179.0200
176.3836
178.8301
179.9739
178.0727
180.3573
179.2103
179.4008
181.5137
181.5137
181.9013
183.2663
185.0408
181.5137
171.6172
184.8425
182.4846
183.2662
185.2394
184.8425
185.2394
181.7073
184.4468
184.4468
186.0363
187.0388
186.2363
185.6373
186.4365
187.6437
187.2402
187.0388
187.2402
187.8459
188.2511
187.4418
189.6785
189.6785
189.4737
189.2692
189.4737
190.5004
188.8611
190.0889
188.6575
187.0388
191.3271
188.6575
190.5005
189.8835
193.4145
191.9502
191.5345
191.7422
194.4695
194.0466
193.4145
194.8936
192.9947
198.1139
196.3877
193.4145
194.4695
194.6814
194.8936
194.2579
192.9947
196.6024
195.1061
195.9592
196.6024
197.6805
196.3877
196.6024
197.4642
196.6024
195.5321
195.7455
197.6805
197.4642
197.4642
198.7664
198.5485
197.8970
200.7411
199.2029
198.5485
195.3190
201.6272
199.6408
200.3000
188.6575
200.0800
200.0800
201.1835
199.8602
199.8602
200.9621
200.9621
200.9621
194.2579
202.5185
197.0326
201.8495
199.8602
201.1835
200.0799
201.8495
202.2952
203.8653
202.2952
204.5433
201.6271
204.0910
200.9621
204.9970
201.4051
202.7421
204.0910
202.5185
199.6408
203.4151
203.1904
203.8653
202.7421
203.8653
204.3170
204.7700
201.8495
205.6800
206.1371
204.5434
205.4519
204.0910
205.4520
205.4520
205.6800
207.7475
208.2108
207.9790
207.0552
206.3660
209.3750
205.2243
209.1415
208.4429
208.2108
206.3661
207.7475
205.4520
206.1371
209.6089
207.9790
207.7475
209.3750
208.2108
207.7475
208.6754
207.9789
207.9790
208.4429
209.1414
208.2108
210.0778
209.3750
207.9789
208.6754
209.1415
208.4429
208.4429
209.1415
208.9082
211.7301
211.2562
208.2108
211.9676
210.5481
208.2107
207.9790
211.4930
213.4002
209.6089
212.2054
210.5480
209.6089
208.6754
212.4436
209.8432
209.8432
213.6402
210.5481
211.4929
213.8806
210.3127
211.2562
211.2562
212.9211
211.9676
212.4436
212.4436
211.9675
208.9083
211.2562
211.9676
215.3308
213.4001
214.3625
211.4930
211.9676
213.4001
213.1605
213.1605
214.8459
214.6040
214.3625
213.4002
215.8172
213.6402
213.4001
213.6402
215.5738
213.6402
215.3308
214.1214
213.4001
213.4001
215.0882
214.1214
215.0881
214.6040
217.2854
216.3051
215.3308
216.0609
214.3625
215.0881
215.0881
215.8172
214.8459
216.0609
214.3625
217.5314
214.1214
213.6402
215.8172
216.0609
218.5193
216.7945
217.0397
213.6402
213.8806
217.0397
216.7945
216.7945
217.0397
217.2854
208.2108
216.3051
216.5496
215.8172
220.7648
215.0881
215.8172
217.5314
216.7945
218.2717
215.8172
215.8172
217.7778
214.3625
216.3050
216.0609
228.7477
215.0881
219.5134
217.7778
218.0246
216.3051
215.3308
218.7673
217.2854
217.2854
215.3308
219.5134
218.7673
214.8459
217.7778
217.7778
216.7944
215.8172
217.7778
215.3308
216.7944
218.2718
217.2854
218.2718
236.0314
211.0198
217.5314
220.0128
215.0881
217.7778
217.0397
216.7945
217.0397
217.2854
218.5193
214.3625
219.5134
220.2631
218.0246
219.0156
214.1214
220.5137
219.5134
217.5314
218.7672
208.4429
229.5413
217.7778
220.5137
222.0260
219.2643
220.0128
218.0246
219.0155
218.0246
219.7629
219.2643
218.2718
219.2643
220.0128
220.5137
220.0128
222.0260
220.0128
223.5527
220.0128
220.7648
219.2643
216.0609
217.5314
220.2631
222.2794
221.2681
220.0128
219.0156
219.5134
218.5193
215.0882
220.2631
220.0128
221.2681
223.2972
219.7629
221.2681
217.5314
221.7730
219.2643
220.0128
222.2794
222.7875
220.2630
216.7945
219.7629
220.7648
220.7648
217.5314
217.5314
220.2631
219.5134
222.0260
218.0246
220.5137
219.0155
221.0162
222.5332
224.3214
220.7648
221.2681
220.0128
221.2681
218.7673
222.2794
223.2972
221.7730
222.2794
221.2681
221.5203
221.2681
220.2630
221.7729
220.5137
223.8085
221.7729
221.0162
224.5785
220.5137
224.0648
221.5203
220.2631
221.7730
221.0163
223.8085
220.7648
222.7876
223.0421
224.0647
221.0163
224.8360
224.0648
223.5527
223.5527
221.5203
221.5203
224.3215
222.5333
219.2643
223.2972
221.0162
222.5333
226.1294
218.7672
225.6109
224.0648
223.8085
223.0421
221.0163
223.2973
220.5137
221.0162
223.2973
223.0421
222.5333
224.0648
222.7875
223.5526
222.5333
223.2972
224.5785
224.8360
222.0260
220.0128
221.5203
222.7876
221.2681
222.2794
223.5526
224.5784
223.8085
224.8360
222.7875
224.0648
222.2794
222.0260
221.5203
222.0260
227.1717
223.0422
229.8067
223.8085
227.9578
221.7729
222.2794
222.5333
223.8085
221.5203
223.0421
222.7876
223.8085
224.5784
224.3214
223.5526
224.3215
223.0421
223.5527
221.7730
225.3522
221.5203
222.7875
223.5527
225.0938
225.6109
221.2681
223.8085
223.2972
225.0939
224.3215
222.7876
221.0163
223.5526
223.5527
223.5527
225.0939
223.0421
228.7477
221.5204
224.0648
222.0260
222.0260
224.0648
223.5527
224.0648
221.5203
220.2630
224.0648
223.8085
222.7875
218.5193
205.2243
223.8085
223.2973
219.7629
222.2794
220.0128
223.0421
223.8085
220.5137
224.5785
222.2794
223.8085
223.2972
223.5527
222.0260
223.2972
224.3215
225.6109
224.8360
224.3215
223.5527
223.2973
225.3522
223.0422
222.7875
223.2972
222.5333
227.4333
223.5527
224.3215
224.5785
223.0422
222.0260
222.2794
222.7876
223.8085
224.3215
219.0155
223.8085
224.0648
223.2972
224.0648
225.8700
224.0648
224.5785
223.2973
220.2631
223.2972
222.7876
226.3894
222.2794
225.0939
223.0421
223.8085
225.6109
224.5785
224.8360
222.2794
224.8360
225.3522
224.3215
220.5137
219.0155
224.0648
222.5333
223.8085
223.8085
223.0421
224.8360
223.5527
221.7730
223.5527
226.3894
224.3215
222.7876
223.2973
224.3215
222.5333
223.8085
224.0648
226.6498
224.3215
222.0260
224.0647
221.0162
224.0648
223.8085
222.5333
225.0938
223.5527
222.5333
223.0421
223.0421
222.5333
222.0260
220.7648
219.2643
224.8360
223.5527
223.8085
224.0648
225.3522
223.8085
223.8085
221.2681
223.5527
224.8360
223.5527
223.0422
223.5527
223.5526
224.0648
218.0246
223.5527
225.0939
222.7875
222.0260
222.5333
222.2794
219.2643
223.0421
223.5526
223.5526
219.7629
223.8085
223.5526
221.7729
223.0421
223.5527
223.5526
224.3215
223.0421
222.2794
223.5527
218.5193
223.0422
222.0260
222.0260
223.0421
222.2794
220.2631
220.2631
221.7730
221.5203
228.4839
223.0421
220.7648
223.5526
221.5203
222.0260
222.0260
222.0260
223.8085
221.7730
224.5784
220.2631
222.5333
222.5333
221.5203
221.5203
223.0421
221.2681
222.2794
219.5134
222.0260
222.2794
220.2630
220.5137
222.5333
220.2631
222.5333
220.5137
218.7672
221.2681
219.2643
221.0163
220.2631
224.5785
220.7648
221.5203
225.0939
219.2643
221.2681
220.7648
220.2631
222.0260
223.2972
220.2631
220.2631
220.2631
220.7648
223.0421
220.7648
220.0128
223.0421
222.2794
216.7944
219.5134
222.7875
220.5137
217.5314
220.0128
220.0128
221.2681
218.7673
223.2972
220.2631
220.5137
221.5203
216.5495
218.7673
219.0156
220.5137
221.5203
221.2681
219.2643
221.0163
220.5137
218.7672
220.2630
218.5193
220.2631
221.2681
219.7629
218.5193
223.2972
224.3215
218.7672
221.7730
217.7778
220.2630
220.2630
220.2631
221.0163
222.2794
217.2854
220.0128
219.0156
223.8085
221.5203
220.2630
220.7648
225.3522
218.7672
217.7778
216.7945
219.5134
219.5134
221.0163
218.5193
220.0128
218.0246
218.2718
218.5193
216.7944
220.0128
217.5314
217.5314
218.5193
219.5134
220.0128
219.5134
218.0246
219.7629
217.5314
218.7673
218.2718
214.8459
216.0609
218.7673
214.3625
219.2643
218.0246
213.1605
217.2854
220.2631
218.7673
217.7778
219.7629
217.2854
217.2854
217.0397
217.0397
217.5314
215.0881
217.5314
218.5193
215.8172
218.5193
219.0156
215.3308
218.0246
216.5496
216.7945
214.6040
216.5496
219.0156
217.0397
215.5738
213.4001
217.0397
219.5134
211.2562
213.1604
218.7673
218.5193
214.6040
209.3750
215.0881
216.0609
216.0609
216.0609
216.0609
214.8459
215.3308
211.0198
222.2794
212.9211
216.3051
216.3051
214.8459
214.8459
215.3308
216.0609
217.7778
216.5496
213.1604
215.5738
218.7673
214.6040
213.4001
216.5496
213.8806
216.0609
216.7945
212.6822
212.4436
212.6822
216.0609
211.2562
213.6402
211.2562
214.1214
217.0397
213.8806
217.0397
211.4930
213.6401
213.1604
211.9676
214.6040
211.4930
212.4436
215.5738
214.1213
213.6402
211.9675
212.4436
212.2054
210.3128
208.9083
214.8459
213.1604
211.4929
209.6089
213.1604
213.1604
211.9676
212.9211
211.9676
211.7301
212.4436
209.8432
212.9211
210.7837
223.8085
209.8432
204.9970
211.2562
211.9676
210.7838
207.2857
212.2054
209.1415
206.5955
216.0609
209.1415
208.4429
213.6401
206.8251
209.3750
208.2108
202.7421
209.6089
211.2562
205.6800
212.4436
209.8432
208.6754
208.4429
211.2562
209.1415
208.9083
208.4429
206.8251
208.4429
206.1371
206.1371
210.7837
208.2108
207.7475
204.3170
207.7475
207.0552
206.8251
218.0246
211.0198
207.0552
207.5164
204.7699
203.8653
204.9970
204.5433
207.5164
204.3170
206.5955
206.1370
208.2108
206.1371
205.6800
206.8252
207.2857
206.1371
207.2857
204.5434
204.5434
207.2857
202.9661
205.2243
203.8653
204.0910
202.5185
204.7700
204.3170
204.3170
203.1904
204.9970
203.8653
204.9970
204.3170
204.5434
204.0910
202.7421
201.4052
201.1835
203.8653
201.8495
200.3000
201.4052
201.6272
202.2952
201.4052
203.6400
201.1835
200.9621
201.6272
200.5204
200.5204
199.8602
185.8366
201.1835
200.3000
199.8602
197.0326
198.7663
199.2029
197.8970
197.6805
198.5485
197.4642
198.9845
198.5485
200.0800
197.6804
196.3877
196.6024
198.7664
195.5321
197.2483
197.2483
206.3661
197.8970
197.6805
194.8936
197.0326
193.8356
195.1061
192.5760
197.2483
196.6024
196.6024
196.6024
192.3671
194.2579
190.9132
194.0466
194.0466
194.2579
197.6805
191.7422
192.7852
193.6249
192.9947
195.3189
192.9947
193.6249
191.7422
192.5760
190.0889
190.5005
192.1585
190.5004
187.6437
191.7422
188.2511
189.8835
189.8835
187.8459
191.1200
190.5005
194.4695
188.8611
187.4418
187.6437
187.6437
190.9132
187.6437
187.0388
187.4418
187.2401
185.8367
187.4418
190.0889
184.8425
183.8553
184.0522
184.8425
185.2393
185.2394
186.8377
184.0522
183.6587
183.8553
181.3203
182.6797
182.8749
181.5137
181.3203
179.9739
176.3836
179.2103
180.9343
182.4846
181.3203
178.0727
180.5494
179.5916
179.7826
177.6956
180.1655
177.1318
179.2103
171.4371
175.2689
181.3203
172.3398
172.3398
172.1588
171.9780
171.4371
177.3195
172.1588
171.6172
171.9780
171.9780
171.9780
169.6498
171.2573
172.5210
171.4371
169.1182
171.9780
171.9780
170.1835
169.2952
170.3619
171.2574
168.9414
167.0125
167.0125
170.0054
165.4547
166.6647
164.9394
167.0125
164.7681
163.9149
167.0125
164.0851
162.8983
163.9149
164.4261
166.1448
162.3930
162.2249
154.8803
161.7221
163.9149
158.2560
159.7302
159.2369
160.2253
159.5656
159.5656
157.9306
157.2824
156.9595
155.6760
156.7984
158.0932
155.3571
154.5634
153.6175
153.9320
153.9320
152.3671
153.1471
151.7465
152.5227
150.8213
153.3037
151.1290
150.8213
148.0861
148.6888
148.0862
146.8895
146.7408
142.7909
142.7909
144.2390
144.5307
146.2956
144.3848
144.6768
143.8028
143.6577
141.5023
142.2165
143.2235
138.8262
140.3682
138.6870
139.3846
142.0733
137.3038
134.9888
138.5479
134.9888
134.1825
135.2588
134.8540
133.1160
132.5864
132.3225
130.2325
131.7964
130.7515
130.2326
128.3071
128.1799
128.8174
127.7991
127.9259
126.7899
126.9155
126.0387
125.5408
123.5706
123.8150
123.9374
122.9619
123.3267
123.4486
120.9171
121.7546
123.4486
111.2310
118.4424
118.4424
118.7925
116.8231
116.2506
116.7084
114.2144
114.3265
112.9888
112.6570
113.5441
111.3400
113.2106
111.9964
108.9673
108.7543
109.8239
106.8562
106.9607
104.3784
105.7131
105.8165
105.5066
106.0236
101.4625
100.6727
103.0609
100.3781
99.8891
99.8891
100.1822
98.9181
97.7653
96.2489
96.6258
95.4993
95.8734
95.4060
93.8336
94.2013
92.8296
93.1024
92.7389
91.1197
89.8790
91.0305
89.6153
87.8754
88.3074
87.1028
87.7892
85.6607
85.1570
85.1570
84.7394
82.1914
82.7606
82.2725
81.7870
81.6257
80.3459
79.9497
80.0288
78.6933
77.7624
76.9176
76.9176
76.4602
75.4772
74.8777
74.4308
74.2081
75.1769
71.8684
72.0128
71.7243
71.6523
70.7932
70.6509
70.0132
69.4504
69.0307
68.1976
68.1285
67.3043
66.4204
67.2359
66.1503
65.8811
65.0786
64.8792
64.0864
63.4315
61.5616
61.2436
63.5621
60.7372
60.7372
60.2341
59.8588
58.7433
59.3611
57.5826
57.2196
56.5585
56.4986
55.0176
55.7250
55.3115
55.0763
54.2003
52.7622
53.4492
52.8192
52.6483
52.3077
51.2948
51.8558
51.4627
