57.3405
58.6203
60.0462
58.8665
61.6892
63.8894
64.0864
65.5458
66.0155
66.9632
68.8913
69.8722
70.6508
71.1501
72.8113
75.5524
75.2519
76.0808
76.8412
78.3042
78.8494
80.1872
81.3041
82.1914
84.0750
84.9897
85.4085
87.1028
88.0479
89.9671
87.1883
91.0305
91.2982
92.2863
93.8336
94.9409
96.3430
96.4371
97.2889
99.2084
100.8696
100.8696
101.5617
101.8597
104.1746
104.7872
106.8562
108.1177
109.1808
109.6091
108.9673
111.0133
111.5583
112.3262
113.2106
113.6556
114.1024
115.1146
117.1681
118.7925
118.7925
119.4961
120.0860
119.4961
121.2753
123.2050
124.1825
125.1687
125.2926
126.1636
127.5460
129.0734
128.1799
129.0734
128.1799
131.1423
130.6215
130.8816
133.5148
132.8509
134.4506
136.0725
135.1237
136.0725
136.4815
139.5246
138.4090
139.1050
139.5246
142.0733
141.6448
142.2165
143.6577
142.6470
142.3599
145.7045
145.1162
147.0385
146.8896
148.2365
149.4462
148.3871
147.1876
149.7505
149.4462
150.3613
152.5227
152.2116
153.1471
153.9320
154.0896
154.4053
154.4053
154.5634
155.8358
155.9957
158.7455
158.2560
157.9306
158.2560
158.2560
159.8950
159.8950
161.8895
160.8885
161.0548
164.4262
162.0571
164.0851
163.4057
163.9149
164.4262
163.0672
164.4262
164.5970
165.7993
168.2368
166.4912
163.7449
168.4126
169.4724
168.7649
169.4724
169.6498
169.8275
170.5405
169.8275
169.8275
171.9780
171.9780
171.2573
171.9780
172.3398
172.3398
171.6172
171.6172
171.9780
171.9780
171.9780
172.7025
177.8840
171.6172
176.7572
177.1318
179.4008
179.9739
179.9739
180.1654
186.4364
179.7826
179.4008
180.5493
184.0522
181.5137
182.4846
182.0955
180.9343
181.3203
183.0705
182.0954
181.9012
183.2663
184.2494
184.4468
185.2394
185.4382
185.0408
184.8425
190.0889
186.0363
186.4364
186.4365
187.6437
186.4365
187.6437
186.2362
189.0650
187.6437
187.0388
189.0650
189.8835
189.6785
189.8835
191.5345
188.0484
189.8835
190.9132
190.2945
188.8611
188.2511
188.4542
192.5760
192.1585
190.7067
192.3671
190.5005
192.5760
193.4145
192.9947
195.1061
191.1200
194.2579
192.3671
194.0466
195.5321
194.4695
195.9593
193.4145
194.4695
200.5204
194.4695
196.3877
194.6814
197.2483
197.6805
196.1733
197.4642
196.1734
191.9502
197.0327
196.3877
198.3310
196.8174
198.7664
198.5485
200.5204
197.6805
197.4642
201.1835
197.8970
197.8970
197.8970
197.0326
198.5485
200.9621
198.9845
200.0800
199.6408
199.6408
197.8970
200.9621
194.4695
198.3310
200.0800
201.1835
202.5185
200.7411
204.3170
200.9621
201.1834
203.1904
209.1415
202.7421
204.7700
201.1835
201.4052
195.9593
202.5185
204.5434
203.4151
202.9661
201.8495
203.8654
205.4520
203.4150
205.2243
202.2952
206.1371
205.9084
207.2857
206.1370
204.3170
208.4429
205.2243
204.0910
204.7699
207.2857
205.4520
207.5164
210.5480
207.2857
207.5164
206.8251
205.4520
206.8252
204.3170
207.0552
207.2856
200.9621
206.8252
207.7475
210.3128
209.8432
208.2108
209.8432
207.5164
208.9083
209.6089
208.4429
208.9083
208.4429
210.0778
209.8432
208.9082
204.0910
209.8432
208.4429
207.7475
209.1415
207.9789
209.1415
208.2108
211.9676
212.2054
213.1604
211.0198
211.7301
213.6401
211.0198
215.0882
208.9083
208.9083
208.4429
211.0198
204.5434
211.7301
211.7301
209.8432
211.9676
211.2562
211.4930
211.4929
220.7648
212.6822
213.6401
211.0198
210.5481
211.7301
211.7301
212.2054
211.4930
208.9082
211.7301
208.2107
210.5481
212.2054
211.4930
212.2054
209.1415
212.6822
211.9676
210.5481
214.6040
212.2054
213.8806
214.1213
217.5314
212.4436
210.7838
216.5496
215.3308
215.3308
215.3308
211.9676
212.6822
211.9676
214.8459
214.1214
214.1213
215.0881
215.3308
216.3051
214.1214
217.0397
215.8172
213.4001
215.3308
237.4158
215.8172
217.0397
215.8172
215.8172
215.5738
215.8172
216.3051
215.8172
214.8459
219.0156
215.0881
218.5193
215.3308
216.0609
214.3625
216.7945
216.5496
217.0397
215.0881
217.0397
220.5137
215.5738
220.2631
215.0882
215.3308
215.8172
215.0882
213.6402
217.5314
221.5203
222.0260
216.0609
223.5527
219.5134
218.7672
217.0397
215.5738
217.5314
218.5193
216.5496
216.0609
215.3308
215.3308
213.6402
214.8459
216.7945
218.7673
217.7778
216.0609
216.5495
220.0128
219.0156
216.3050
225.6109
217.0397
231.1402
215.8172
214.3625
218.0246
218.2718
216.7945
219.2643
219.5134
217.5314
221.2681
218.2718
217.0397
219.0156
217.2854
221.5203
216.0609
219.5134
220.0128
217.0397
223.2972
214.3625
219.0155
219.0156
218.2718
222.2794
218.7672
220.5137
219.5134
220.2631
221.0163
217.2853
218.2717
219.5134
220.7648
227.9578
219.7629
231.9455
216.5496
218.7673
221.2681
219.5134
221.0163
220.2631
219.7629
221.5203
221.0163
225.3522
221.0163
220.0128
221.0163
221.0163
216.0609
226.1295
223.0421
219.2643
218.5193
219.5134
221.5203
219.5134
221.0163
221.0163
220.5137
221.0163
221.2681
219.0156
220.0128
220.0128
221.5203
218.0246
220.0128
221.5203
221.0163
220.5137
222.5333
222.7875
220.0128
218.2718
219.0156
224.5785
224.8360
215.3308
220.7648
222.5333
224.3215
221.2681
218.5193
221.2681
223.8085
221.0163
219.2643
219.2643
223.8085
221.5203
219.7629
217.2853
222.0260
221.2681
221.7730
221.0162
222.2794
223.2972
221.2681
220.5137
222.5333
221.0163
223.8085
209.1414
223.8085
221.5203
223.5527
222.5333
221.0162
222.0260
222.7875
221.2681
224.5785
223.2972
222.5333
223.8085
220.5137
226.3894
221.7729
221.0163
225.6109
223.2972
223.0421
224.0648
221.7730
223.5527
222.2794
222.7876
218.7672
224.3215
222.7875
223.0421
228.2207
222.0260
224.5785
223.5527
221.2681
220.7648
224.8360
228.2207
225.3522
221.7730
220.2631
223.8085
223.2972
223.2972
222.5333
224.3215
224.8360
225.3522
220.0128
223.2973
221.2681
223.8085
221.0163
224.5785
224.0648
223.8085
224.3215
224.3215
222.5333
223.8085
222.5333
224.0648
223.8085
224.3215
225.3522
220.5137
224.3215
221.7730
224.3215
224.0648
223.2972
223.2972
224.5785
222.2794
224.3215
223.2972
224.8360
223.5527
211.4930
220.5137
223.5527
223.8085
224.3215
221.5203
223.5527
224.5785
226.3894
224.8360
223.0421
223.2972
220.2631
222.5332
224.5785
224.0648
221.2681
224.5785
224.3215
225.6109
224.0648
224.8360
225.6108
226.6498
224.3215
225.0939
223.8085
223.5527
223.8085
223.0421
224.5785
221.5203
221.5203
221.7730
224.8360
222.5333
222.7875
229.8067
226.9105
233.0253
225.0938
221.0162
223.2972
224.0648
224.0648
224.3215
223.8085
223.5527
223.8085
223.5527
224.0648
228.2207
223.0422
226.9105
224.8360
221.7729
223.8085
224.3215
221.7729
223.5527
224.8360
224.5785
222.0260
224.3214
222.7876
223.0421
223.8085
225.6109
223.5527
223.8085
222.7876
222.7876
223.8085
223.5527
225.3522
223.8085
224.0648
224.0648
223.8085
223.0422
224.0648
223.8085
222.5333
225.3522
223.8085
222.0260
227.1717
224.8360
224.3215
224.5785
223.0421
235.2061
224.3215
224.5785
224.3215
224.3215
224.8360
224.5785
224.8360
223.5527
222.5333
223.5527
223.2972
224.0648
232.2148
224.0648
225.6109
223.5527
225.0938
227.6954
225.8700
222.5333
224.5785
226.3894
220.7648
224.3215
224.8360
225.8699
223.2972
225.8700
223.2972
223.2972
223.0421
223.2972
225.6108
223.0422
224.0648
225.6109
224.3215
226.1295
220.7648
224.8360
225.6109
226.1295
226.3894
222.7876
225.0938
224.5785
227.9577
227.4333
227.1717
225.3522
224.8360
226.1295
226.3894
224.5785
223.8085
224.8360
227.9578
224.3215
225.8700
226.9105
224.5785
224.5785
226.9105
223.5527
227.4333
226.6498
225.3522
227.1717
225.8699
229.2763
222.0260
225.3522
225.3522
226.6497
225.0939
226.1295
226.9105
226.6497
229.0118
224.5785
228.7476
225.8700
225.8700
229.8067
227.9578
226.9105
227.1717
224.3215
228.4839
225.6109
224.8360
225.6109
225.6108
227.1717
227.6954
225.6109
227.4333
227.6954
225.6109
226.3894
224.3215
224.5785
227.9578
222.7876
226.6498
227.9578
227.1717
226.6498
228.2207
226.6498
227.4333
224.3214
229.5413
227.1717
226.6498
225.8700
229.0118
227.9578
227.6954
224.5785
227.4333
227.6954
226.9105
225.8699
226.1295
227.4333
227.4333
226.1295
229.8067
224.5785
228.2207
227.6953
229.0118
227.9578
226.3894
227.4333
227.9578
221.5203
226.1295
230.0726
228.4839
228.2207
229.5413
228.4839
227.4333
226.6497
227.4333
226.6498
227.9577
223.0422
225.3521
228.2207
227.4333
229.5413
226.6498
227.6953
228.7477
228.4839
228.2207
228.2207
227.6954
230.3388
231.9455
226.1295
228.2206
227.6954
228.2207
228.4839
228.7477
226.6498
230.0726
227.6954
226.9105
227.9578
228.7476
227.6953
228.4839
228.4839
228.2206
227.9578
228.7477
228.2207
229.2763
227.9578
219.5134
227.9578
231.4082
224.3215
228.7477
230.3388
228.2206
230.3388
229.2763
227.6954
224.3214
229.8067
229.0118
226.9105
227.6954
228.7477
225.6108
229.2763
225.6108
224.8360
226.9105
227.6954
230.0726
228.4839
229.0118
228.4839
228.2207
229.5413
230.8726
228.4839
229.5413
228.4839
230.6055
230.6055
227.1717
230.8726
229.0117
229.2763
229.0118
226.3894
227.9578
228.7477
226.3894
228.2206
230.6055
228.2207
229.5413
231.4082
228.4839
230.0725
227.9578
228.7477
232.4845
229.5413
230.8726
229.0118
228.7477
229.0118
234.1122
229.2763
228.7476
228.2206
228.2206
228.4839
230.0726
231.4082
227.6954
229.2763
229.0118
228.4839
229.0118
230.3388
229.2763
229.8067
228.7477
230.3388
231.1402
228.4839
230.8726
230.6055
230.0726
229.0117
229.8067
231.1402
230.8726
232.7547
229.2763
229.8067
230.3388
233.5678
230.6055
227.9578
230.3388
230.6055
230.0726
229.8067
228.4839
230.0726
227.6953
230.8726
232.2148
231.4082
231.1402
225.0939
246.8469
231.9455
227.1717
225.0939
231.9455
231.4082
229.2763
233.5678
231.6766
228.2206
229.2763
230.6055
230.8726
228.4839
230.0726
230.3388
233.2963
230.0726
231.6766
231.4081
227.9577
231.9454
226.6497
230.3388
230.8726
229.5413
228.7476
228.2207
232.2148
229.0118
228.2206
227.9577
227.4333
233.0253
232.2148
229.0117
232.4845
234.1121
228.7477
229.8067
231.4082
230.8726
225.6109
228.7476
231.9455
229.8067
231.1402
232.2148
230.3388
232.2148
230.6055
231.1402
231.4082
230.3388
231.9455
230.8726
229.2763
230.6055
225.6108
230.3388
228.2207
229.8067
230.3388
229.5413
227.9577
232.4845
231.4082
228.4839
232.2148
229.8067
231.4082
229.2763
230.3388
227.1717
242.7821
231.1402
229.0117
230.3388
229.8067
228.7476
231.6766
230.0726
230.6055
229.8067
229.8067
228.7476
231.1402
230.6055
232.4845
230.3388
231.4082
231.6766
231.4082
231.6766
232.7547
229.5413
227.6953
232.7547
231.4081
231.6766
229.5413
231.4082
228.4839
231.4082
230.3388
231.6766
231.1402
229.2763
229.5413
231.9455
232.2148
232.2148
228.7477
230.8726
229.8067
230.0726
231.9455
229.8067
232.2148
235.2062
232.4845
229.8067
232.2148
231.4082
229.5413
226.6497
229.8067
229.0118
230.0725
227.4333
231.9455
230.8726
233.0253
235.4808
229.2763
232.2148
232.2148
231.4082
222.7875
230.6055
227.1717
230.8726
230.3388
230.0726
227.1717
233.0253
231.9455
231.4081
228.4839
228.4839
227.4333
232.2148
228.7477
230.8726
230.8726
230.0726
230.8726
231.4081
229.2763
227.1717
229.2763
232.4845
230.6055
231.9455
227.6953
231.4081
230.0726
231.6766
230.8726
230.8726
229.0117
231.6766
232.7547
229.5413
227.4333
223.8085
228.2206
229.2763
230.6055
228.4839
229.0117
227.6954
229.2763
226.6498
224.5785
229.5413
229.0118
229.5413
228.4839
231.4082
230.8726
229.0118
226.3894
232.4845
230.3388
229.5413
232.2148
232.7547
230.3388
230.8726
227.6954
226.3894
231.1402
229.2763
230.8726
226.3894
231.1402
231.1402
228.4839
228.7477
234.9320
231.4082
229.8067
231.4081
231.6766
227.1717
228.2207
229.0117
231.9455
230.0725
223.2972
224.3214
232.2148
228.7477
234.3850
230.6055
230.8726
230.6055
230.0726
229.8067
231.1402
228.4839
229.8067
231.1402
227.4333
228.4839
230.6055
229.0117
228.2207
228.2207
229.0117
227.9578
229.2763
231.9455
229.0118
229.2763
229.0118
231.4082
229.0118
227.9578
230.8726
231.9455
229.5413
227.4333
226.3894
229.5413
227.1717
226.3894
230.8726
228.2207
230.8726
229.0117
230.6055
231.4082
229.0118
228.7477
228.4839
230.6055
229.2763
223.8085
227.6954
230.0725
228.4839
231.6766
231.6766
230.8726
229.5413
231.9455
231.9455
229.2763
229.0118
229.8067
229.2763
229.8067
229.8067
228.4839
232.7547
232.7547
231.9455
230.8726
230.0726
229.0117
226.6497
232.7547
231.1402
230.6055
228.2207
231.4082
230.8726
229.5413
231.6766
227.6954
229.0118
230.8726
230.8726
230.3388
229.5413
229.2763
227.1717
228.2207
228.2206
229.8067
228.7477
233.5679
228.4839
229.8067
227.6954
229.8067
227.6953
230.0726
226.3894
234.3849
228.7476
229.8067
228.2206
227.9578
232.2148
226.3894
229.2763
229.2763
227.9578
231.4082
227.6953
228.4839
229.0118
228.7477
228.7477
230.0726
227.6954
222.5333
229.8067
226.9105
229.2763
229.2763
231.6766
229.0117
229.2763
227.1717
230.0726
230.0726
228.4839
227.9578
223.2972
228.7477
228.7477
227.6954
227.9578
227.9577
226.1295
224.0648
227.1717
226.6498
231.1402
226.3894
229.8067
229.8067
232.2148
231.9455
226.9105
226.1295
229.8067
226.6498
227.1717
231.9455
229.2763
229.8067
225.8700
227.9578
226.9105
227.4333
226.3894
228.2207
228.4839
230.6055
227.6954
227.4333
227.1717
227.6953
228.7477
229.2763
227.9577
230.3388
227.4333
228.4839
230.6055
227.9578
225.6109
227.4333
227.6953
224.8360
225.6109
226.6498
225.8699
230.8726
226.6497
226.9105
226.1295
227.1717
226.1295
226.6498
225.0939
226.3894
228.2207
228.7477
223.8085
227.1717
227.9577
229.8067
222.7876
227.6954
224.8360
227.1717
229.2763
227.6954
228.2207
226.1295
225.3521
226.1295
226.3894
227.1717
224.3215
228.2207
224.8360
227.6953
225.0938
226.9105
225.3522
226.9105
223.2972
227.1717
228.2207
226.1295
225.6109
227.9578
228.7477
227.1717
225.0939
225.0939
226.1295
223.8085
226.6498
228.2207
227.6953
227.4333
224.5785
226.6498
227.1717
227.4333
227.1717
223.8085
225.8700
226.9105
226.1295
225.3522
224.3215
226.9105
225.8699
224.8360
226.6498
224.0648
223.5527
226.1295
224.3215
226.6498
224.3215
224.3215
224.0648
217.2854
223.8085
225.6109
227.9578
216.7945
224.8360
225.3522
224.3214
224.5785
223.8085
224.5785
226.1295
224.8360
226.9105
223.0422
226.6498
225.6109
225.6109
226.1295
227.1717
224.5785
226.1295
226.3894
223.8085
224.8360
224.0648
227.1717
224.5785
225.3522
224.0648
226.6498
224.0648
228.7477
224.0648
223.0422
223.5527
224.5785
226.6498
225.3522
224.8360
227.1717
223.2972
225.3522
223.8085
224.3215
225.0938
224.0648
230.6055
226.3894
230.8726
223.8085
223.5527
224.0648
224.5785
218.7673
224.0648
219.5134
224.8360
223.2973
223.8085
224.0648
224.3215
228.2207
224.0648
221.2681
224.5785
226.6498
223.8085
221.7729
221.7730
220.7648
219.7629
222.5333
223.8085
221.0163
223.5527
223.8085
226.1295
223.0422
224.0648
223.2973
224.0648
224.0648
222.2795
223.0421
221.5203
221.0162
223.0421
222.2794
226.9105
226.9105
222.0260
222.0260
227.6954
220.5137
223.2972
223.0422
224.0648
222.2794
222.7875
226.3894
221.5203
223.5526
226.3894
221.5203
223.2972
219.2643
224.0648
223.8085
226.9105
221.5203
221.7730
222.0260
221.5203
221.7730
222.7875
222.5333
222.5333
220.0128
221.5203
231.1402
222.7876
219.7629
216.0609
222.7875
221.0162
218.2718
222.7876
224.3215
224.0648
223.0421
220.0128
221.5203
223.0421
223.8085
220.2631
219.5134
220.7648
223.5527
216.3051
221.7730
223.2972
220.7648
224.0648
224.5785
218.2718
220.0128
220.5137
226.1295
215.5738
220.5137
226.9105
223.0422
223.0422
216.5496
220.0128
223.5526
223.2973
218.5193
220.7648
221.7729
221.0163
217.5314
232.4845
220.0128
220.5137
219.5134
219.2643
219.5134
220.5137
217.2854
220.5137
219.0156
218.2718
218.2718
221.0163
220.0128
222.5333
217.7778
220.2631
217.5314
218.7673
218.0246
217.2854
218.5193
216.7944
216.5496
218.5193
218.2717
217.0397
218.7673
218.2718
221.5203
217.5314
216.7944
219.7629
217.5314
219.0156
220.0128
216.0609
217.7778
218.5193
219.7629
217.5314
216.5496
220.0128
217.7778
217.7778
218.5193
215.8172
218.7673
218.0246
216.7944
221.0163
217.0397
217.0397
216.0609
215.8172
214.6040
219.7629
215.8172
217.5314
217.5314
218.5193
217.0397
216.5496
217.2854
216.0609
213.4001
216.7945
216.3051
216.5496
217.0397
223.5527
217.0397
216.0609
215.8172
224.5785
213.4001
213.6402
215.5738
215.0881
215.5738
213.8806
214.6040
213.6402
215.8172
215.0882
214.1214
216.3051
215.0881
217.5314
213.8806
216.3051
214.8459
216.3051
213.1604
214.3625
216.3051
212.6822
217.7778
213.4001
213.8805
214.1214
215.0882
215.0882
212.4436
216.3051
213.6402
214.6040
212.4436
211.0198
212.2054
213.1604
211.9676
212.2054
212.4436
212.2054
218.7672
212.2054
218.2717
211.9676
211.0198
214.1214
213.1604
209.6089
209.8432
212.6822
213.1604
211.7301
211.2562
211.9676
207.7475
212.2054
212.2054
211.2562
208.4429
212.6822
211.4930
210.7838
208.2107
217.2853
210.7838
211.9675
210.0778
210.3128
208.2108
211.2562
211.4930
208.9083
211.2562
209.8432
208.2107
209.1415
209.8432
207.7475
209.6089
208.6754
206.1370
208.2108
207.9790
209.3750
207.2856
204.5433
209.6089
204.0910
208.4429
207.0552
208.4429
208.4429
201.6272
206.8252
207.7475
207.9790
209.6089
206.8252
208.4429
206.8252
220.2631
206.5955
207.9790
206.8252
203.6400
205.2243
205.6800
205.4520
204.9970
205.4520
204.7700
202.9661
200.3000
206.8252
205.6800
204.0910
204.5434
204.9969
204.7700
204.3170
205.4520
205.2243
201.6272
204.0910
203.8653
202.2952
204.9970
200.9621
201.8495
201.6271
201.8495
200.7411
200.0799
200.9621
200.9621
198.3310
201.8495
200.9621
200.5204
197.2483
197.4642
194.2579
200.0800
199.4217
199.2029
200.5204
201.4052
201.1835
200.7411
199.4217
199.2029
197.2483
199.8602
196.6024
201.6272
196.6024
195.1062
196.8174
197.2483
195.9593
196.6024
196.1734
196.6024
195.7455
194.2579
195.5321
197.4642
195.3189
195.9593
196.6024
194.2579
195.5321
192.5760
195.3190
195.1061
194.6814
194.4695
193.2044
192.5760
191.9502
194.0466
192.9946
193.4145
193.2045
191.9502
193.2044
191.5345
191.3271
190.7067
193.2045
189.8835
193.2044
189.6785
189.0650
192.9947
189.8835
188.2511
188.0484
188.4542
189.0650
189.4737
185.0408
189.6785
187.4418
188.8611
187.6437
188.2511
196.3877
186.4365
186.2363
187.4418
184.8425
185.6373
184.0522
187.0388
184.8425
183.4624
184.8425
186.4365
183.6587
184.0522
184.0522
183.4624
182.4846
184.2494
182.8749
181.3203
176.3836
182.0955
180.9343
181.7073
181.5137
178.8301
181.5137
187.6437
177.3194
183.4624
179.5916
180.7417
178.6404
180.1655
181.7073
178.2616
178.0727
178.0727
179.7827
177.6956
176.7572
171.9780
178.2617
176.7572
182.2899
176.7572
178.2617
170.3619
171.9780
172.1588
171.7975
171.7975
172.1588
172.5210
172.1588
171.9780
169.6498
172.1588
170.7194
171.9780
170.5405
171.0778
170.3619
168.9414
168.9414
168.5887
168.7649
167.3611
166.4911
166.4912
165.7993
162.0571
167.5358
165.9719
165.6269
165.6269
165.7993
170.3619
163.4056
163.4056
162.8983
164.5970
163.2363
163.5752
161.8895
161.3880
159.4011
160.8885
161.3880
159.2369
160.0600
158.2560
160.2253
160.3908
158.4189
157.6061
155.8358
156.9595
155.5165
155.5165
155.1980
150.5144
154.0896
153.7746
153.3037
154.5634
152.9907
151.1290
149.9029
152.2116
150.6678
150.5144
149.5983
147.3369
148.3871
147.6361
149.9029
145.4100
147.1876
150.8213
146.2956
144.6768
144.2390
142.3598
144.6768
141.3599
143.0792
142.3598
141.2177
140.9339
141.0757
140.3682
139.9457
138.6870
138.9655
138.6870
136.6182
137.1663
136.6182
137.9933
135.3940
135.1237
136.0725
134.7194
134.4506
134.3165
132.0591
132.4543
131.1422
131.2728
130.8816
129.9740
128.6897
127.7991
128.1799
127.0413
127.2934
127.1673
128.0529
125.1687
124.7979
124.7979
124.9214
124.9214
123.2050
121.3949
122.5983
123.2050
120.7980
121.0364
118.6757
118.4424
117.5141
116.5937
117.0529
117.0530
116.1364
113.3216
117.0530
115.9085
112.7675
113.2106
112.9888
112.3262
110.9046
111.2310
110.3629
108.9673
109.1808
109.0740
110.7960
108.1177
107.3799
106.6474
107.5902
106.2311
105.8165
104.8897
103.9712
103.3634
101.3634
102.3585
101.4625
100.2801
100.3781
99.7915
98.2440
96.5314
97.5745
96.7202
97.0990
96.1549
96.1549
94.8482
94.6629
93.7419
92.5576
91.9259
91.4771
91.4772
91.1197
89.5275
89.6152
89.5275
89.0899
89.7910
86.7615
87.0174
85.7449
85.6607
84.9897
84.0750
83.7446
83.2513
82.5162
82.0294
81.0636
81.2239
80.1080
80.1872
79.9497
78.8494
78.1491
78.4597
77.9942
76.6886
76.3842
75.8540
74.8777
74.2823
74.0601
73.8384
73.8384
73.9861
71.7963
74.1341
72.2299
71.0786
69.9427
70.7220
68.6131
68.6826
68.4051
68.4744
69.2403
66.2177
66.4204
66.2177
65.4120
65.6797
64.2180
64.0207
65.1452
62.2016
61.6254
61.6254
61.3071
60.7372
60.3596
60.4853
60.2341
58.6818
59.1134
59.0516
57.6433
57.7040
55.9622
56.5585
56.0811
55.6066
55.9028
54.9589
55.4294
54.0843
54.0263
54.2003
53.1622
53.7372
52.4211
51.7996
52.9334
51.6309
50.6824
50.4057
50.0200
49.8005
49.6910
49.0372
48.2817
47.8533
48.0672
49.7457
49.1458
50.4610
50.5163
51.4627
52.4778
52.9905
54.2003
55.2526
55.9622
56.3194
58.0083
57.8256
58.9281
60.3596
61.2436
60.8003
63.1711
62.2016
65.4789
66.4880
66.4880
67.2359
67.4411
67.5781
69.4504
70.5798
71.2933
71.7963
73.0304
74.6540
74.8031
75.7785
76.5363
77.9942
78.3042
79.6339
79.9497
80.6642
82.3537
83.0056
84.0750
84.6561
85.4085
86.5913
87.3596
88.2208
89.0027
90.1435
90.5860
90.4088
92.2863
93.1024
95.4993
95.5927
96.7202
97.9565
98.9181
99.4024
100.5744
101.2645
101.6609
102.2585
102.9603
104.3784
105.6098
108.9673
107.4850
108.0120
109.6091
109.1808
111.6677
112.5466
112.5466
113.7671
114.5511
116.0224
117.7454
117.0530
118.3259
118.5590
119.9678
120.7980
119.8497
122.1154
122.2359
123.4486
123.3267
125.7895
125.9140
125.2926
127.1673
129.9740
127.6725
130.2326
129.9740
130.4917
132.4543
132.8508
134.1825
136.3450
134.3165
134.1825
137.8551
136.6182
138.4090
138.5479
140.5094
143.3681
141.3599
138.9655
141.6448
141.3599
144.0934
143.8028
143.8028
145.2630
146.1476
147.7859
145.4100
146.7408
148.8399
148.6888
150.6678
150.2083
150.3613
150.9751
151.2831
152.8345
152.6785
153.6175
154.5634
154.8803
155.9957
155.0391
155.8357
156.4767
158.0932
155.5165
158.5821
158.4189
161.0548
158.5821
161.2213
161.2213
162.7297
163.4057
163.2363
163.9149
163.2363
166.3178
164.2555
166.1447
164.4261
166.3179
166.6647
165.9719
168.4126
169.2952
166.6647
166.1448
169.1182
168.7649
170.8985
168.4126
170.5405
168.2368
170.1835
171.4372
171.6172
172.3398
172.3398
171.2573
178.8301
167.5358
171.4371
171.9780
172.3398
171.9780
176.9444
175.6395
177.6956
180.3573
177.1318
177.8840
177.8840
178.8301
179.4008
179.9739
180.9343
181.5137
181.5137
181.1272
182.4846
182.8749
183.6587
183.2663
182.4846
183.2663
183.4624
184.4468
185.0408
184.8425
183.6587
186.0363
187.8459
187.6437
184.0522
186.8378
187.4418
185.8367
186.6370
188.8611
187.2401
188.2511
189.6785
188.8611
188.4542
187.0388
189.2692
186.6370
189.8835
189.0650
189.6785
190.9132
191.1200
192.1585
188.8611
191.1200
191.1200
193.2045
192.7852
194.0466
192.7852
192.9946
193.4145
193.8356
193.6249
193.4145
193.8356
194.0466
194.0466
194.6814
195.7455
194.8936
193.8356
195.3189
194.8936
194.8936
198.1139
194.6814
197.8970
196.6024
196.3877
197.2483
196.1733
197.2483
198.5485
198.7664
186.6370
200.9621
197.6805
201.4052
199.4217
199.4217
208.2108
201.6272
199.4217
198.9845
202.5185
200.7411
199.8602
200.7411
200.3000
202.5185
204.3170
200.0799
201.1835
201.1835
203.1904
202.5184
202.7421
204.3170
200.9621
200.9621
203.6400
201.1834
204.3170
203.6400
203.8653
219.0155
202.7421
204.5433
203.1904
204.9970
204.5434
205.2243
205.6800
205.9084
204.7700
202.0722
204.9970
204.3170
204.3170
210.3128
205.4520
207.2857
207.2856
204.7700
206.8251
206.1371
207.2857
207.5164
207.7475
208.6754
210.0778
208.4429
208.4429
207.5164
207.5164
208.6754
208.4429
204.3170
209.1415
209.3750
211.4929
209.6089
209.6089
207.9789
208.2108
208.4429
209.3750
208.6754
212.4436
209.1414
208.4429
209.1415
208.6754
210.5481
207.9790
207.7475
211.2562
209.1414
211.4930
210.7837
210.5480
211.4929
217.0396
211.7301
212.6822
210.0778
208.4429
210.7838
213.1604
211.9676
211.7301
211.0198
211.0198
211.2562
214.1214
210.5480
213.6402
215.3308
210.0778
212.2054
216.0609
210.3127
214.1213
211.2562
211.9675
215.8172
215.3308
214.3625
214.8459
213.6402
214.1214
217.0397
215.8172
211.9676
212.6822
217.0397
215.0881
215.3308
215.0881
215.8172
215.8172
213.4001
216.3051
215.8172
216.3051
214.3625
215.0881
216.0609
215.5738
216.0609
215.3308
215.0881
217.7778
215.8172
215.3308
216.7945
215.3308
217.0397
220.0128
217.2854
219.2643
217.0397
215.3308
218.0246
214.8459
216.7945
218.0246
218.7673
218.7673
219.5134
217.2854
215.8172
216.5495
218.7673
217.5314
218.5193
217.2854
218.0246
219.0156
216.3050
220.5137
218.0246
216.5496
219.5134
218.0246
227.6954
228.7477
217.0397
220.0128
219.5134
218.7672
220.2631
218.5193
219.0156
221.7730
221.0163
220.2630
212.4436
219.5134
220.5137
218.2718
219.7629
225.6109
216.0609
219.2643
218.5193
219.7629
220.2631
219.7629
220.2631
221.0163
221.0163
219.2643
221.2681
222.5333
221.0163
220.0128
219.5134
218.7672
218.5193
221.7730
218.7673
218.5193
223.8085
219.7629
222.2795
220.0128
220.0128
220.7648
219.5134
217.5314
223.2972
222.2794
221.5203
222.7875
220.0128
224.0648
220.0128
219.2643
222.5332
215.5738
221.7730
214.6040
223.0421
220.5137
222.5333
222.2794
221.7730
223.2972
221.0163
222.5333
224.0648
222.2794
223.0421
222.2794
221.2681
224.3215
222.0260
222.5333
221.5203
224.3215
223.5527
222.7876
223.5527
223.8085
223.5527
221.5203
225.3521
224.0648
221.7730
223.5527
216.3050
215.3308
224.0648
223.0422
223.2973
223.2972
222.7875
225.3522
223.0421
221.5203
223.8085
224.5785
223.0422
224.5785
224.5785
223.2972
224.8360
219.5134
230.3388
223.8085
224.0648
223.2972
224.3215
224.3215
221.2681
220.5137
223.0422
224.0648
224.5785
224.3215
224.5785
224.8360
223.8085
224.5785
225.6109
226.1295
224.3214
222.2794
225.0938
223.5527
228.2207
224.8360
220.2631
223.8085
224.3215
231.9455
223.2973
225.6109
224.8360
222.5333
227.4333
230.8726
223.0422
223.8085
223.5527
225.0939
221.5203
228.7477
223.2972
231.4082
227.6954
228.4839
226.9105
224.0648
225.8699
225.6109
226.9105
223.0422
225.0939
226.1295
224.3214
225.3521
224.0648
225.8700
229.2763
227.9578
227.9578
224.5785
226.6497
224.0648
225.8700
224.0648
226.9105
225.8700
226.9105
224.5785
229.0118
223.2972
229.8067
228.4839
227.1717
210.5480
222.7875
227.6954
226.1295
229.5413
228.7476
228.2207
231.4082
228.2207
234.1121
225.0939
226.3894
222.7876
232.4845
226.6498
225.3521
230.8726
227.6954
222.5332
231.1402
225.0939
227.6954
226.9105
224.0648
223.0422
227.6954
226.3894
227.9578
226.6498
226.1295
224.3215
226.9105
227.4333
226.3894
227.6954
228.4839
226.6497
227.1717
228.2207
226.6498
229.0118
231.4082
224.8360
227.6954
226.6497
227.9578
226.6497
226.6498
227.1717
227.4333
226.3894
228.4839
227.6953
227.9578
228.2207
226.3894
227.1717
226.9105
227.1717
226.9105
226.6498
234.3850
226.9105
227.6954
226.9105
229.2763
227.4333
227.1717
227.4333
229.5413
228.7477
224.3214
227.9578
229.0118
228.2207
227.9578
224.3214
228.2207
226.9105
231.9455
225.8700
228.2206
228.7476
229.8067
225.3521
226.6497
228.2207
229.2763
231.6766
229.2763
230.6055
231.4082
231.9455
225.6109
230.8726
229.0118
228.7476
230.3388
228.2207
229.0118
226.6498
230.3388
226.9105
227.9578
229.2763
228.4839
229.8067
229.2763
226.6498
227.6953
226.6497
228.7476
227.6954
225.8700
227.1717
227.1717
228.2207
230.3388
229.0117
229.5413
227.6953
228.7476
230.3388
229.8067
228.2207
227.6953
227.6953
229.0117
229.0117
229.5413
233.2963
231.9455
227.1717
230.0726
228.4839
227.1717
225.8700
228.7476
229.8067
229.5413
228.2207
231.4082
226.3894
229.5413
228.7477
229.0118
232.2148
230.8726
227.4333
228.4839
229.8067
225.6109
230.0725
230.6055
229.2763
228.7477
226.9105
230.8726
230.0726
229.8067
230.8726
229.0118
228.7477
229.8067
226.6497
229.2763
229.8067
227.1717
228.7477
228.2207
230.6055
230.0725
232.4845
228.2207
232.2148
232.2148
230.8726
227.9578
229.2763
227.4333
231.6766
227.6953
230.8726
228.7476
229.8067
241.3534
228.4839
227.6953
232.2148
229.8067
229.8067
230.3388
231.4082
229.2763
231.4081
227.4333
230.3388
232.2148
229.8067
230.8726
227.6954
234.9320
229.8067
230.3388
229.5413
227.9578
229.5413
230.6055
229.0118
229.5413
230.3388
230.8726
229.5413
229.0118
228.7477
229.0118
230.8726
228.7477
232.4845
229.5413
232.7547
231.6766
231.4081
230.6055
230.8726
227.9578
231.4082
229.2763
228.4839
231.1402
232.7547
230.8726
231.9455
231.4082
230.6055
231.4082
230.8726
230.8726
227.6953
228.4839
232.2148
231.4082
238.8116
230.8726
232.4845
230.6055
232.4845
231.4082
229.5413
228.2206
229.2763
227.6954
229.5413
230.0725
230.6055
230.0725
230.3388
229.8067
230.8726
230.6055
228.7477
232.2148
232.2148
232.2148
232.4845
228.2206
230.8726
227.6954
229.5413
230.6055
232.7547
231.9455
231.4082
230.3388
231.6766
226.3894
231.6766
228.4839
232.4845
229.0117
236.0314
231.9455
231.6766
229.5413
230.0725
231.9455
235.2062
231.1402
244.5125
228.2206
231.6766
230.8726
232.2148
231.4082
234.1122
229.0118
230.0725
229.8067
231.1402
234.9320
230.6055
229.0118
226.6497
230.8726
232.7547
231.1402
228.7476
229.5413
231.1402
232.2148
233.2963
231.6766
232.2148
229.8067
228.7477
231.6766
231.4082
231.4082
232.2148
232.4845
232.2148
230.0725
230.8726
231.9455
231.1402
230.8726
231.6766
232.4845
231.9455
230.3388
233.5678
231.1402
228.4839
231.6766
229.5413
231.9455
233.0253
231.1402
230.8726
231.1402
231.4081
232.7547
231.6766
232.2148
232.2148
229.0118
231.1402
238.2518
233.2963
232.4845
231.9455
231.9455
230.3388
232.4845
229.8067
232.2148
230.0726
230.6055
232.4845
230.8726
229.0117
227.6954
229.2763
232.2148
231.4082
232.7547
231.1402
234.1122
232.2148
233.0253
231.9455
230.3388
232.2148
230.8726
230.6055
231.4081
233.0253
232.4845
229.8067
227.9577
229.8067
228.4839
231.6766
228.7477
232.4845
233.2963
232.2148
229.8067
230.3388
231.1402
231.6766
231.1402
231.1402
231.4082
228.7477
232.2147
235.7559
231.4082
231.9455
228.7476
233.0253
230.3388
232.7547
231.4081
230.6055
232.4845
233.8398
228.7477
231.1402
229.8067
232.2148
229.0117
230.3388
231.9454
230.8726
229.0118
231.1402
232.7547
232.7547
232.4845
231.9455
232.2148
229.8067
231.1402
233.0253
231.9455
237.6940
233.8398
233.0253
231.1402
232.4845
229.2763
230.6055
229.0117
229.2763
232.4845
232.2147
232.2148
232.4845
230.8726
234.9320
231.9454
231.9454
232.7546
238.2518
230.8726
231.1402
233.5678
232.2148
232.2148
231.1402
231.4081
232.4845
229.2763
234.3850
230.8726
231.9454
226.6498
232.2148
233.2963
232.2148
230.3388
233.0253
232.4845
232.7547
231.4081
228.2207
230.0725
232.7547
231.9454
235.2062
230.0725
232.4845
233.0253
231.4081
230.3388
235.2061
232.7547
233.0253
227.6953
236.3073
232.4845
232.2148
231.1402
230.6055
232.4845
232.7547
232.2148
231.9454
229.2763
235.2061
232.4845
227.6954
230.8726
231.6766
232.7547
236.0314
232.4845
234.9320
231.9455
229.2763
232.2148
233.0253
231.4081
232.7547
232.4845
232.4845
229.5413
233.0253
232.7547
232.2148
232.2148
231.4081
232.7546
232.4845
233.8398
230.3388
230.0725
232.2148
232.2148
233.2963
231.6766
231.6766
233.5678
231.9455
227.4333
234.3850
231.1402
231.4081
229.0118
233.0253
230.8726
230.8726
229.8067
230.3388
232.4845
227.4333
231.6766
236.3073
220.5137
234.9319
236.8606
234.6583
232.2148
229.8067
233.2963
235.2061
232.2147
227.9577
229.8067
231.1402
231.1402
232.4845
231.4081
231.6766
233.8398
231.6766
231.4082
229.8067
234.1121
232.2148
231.1402
232.4845
232.4845
230.0725
232.4845
232.2148
228.2207
235.7559
231.4082
232.4845
236.0314
236.8606
232.4845
240.7853
231.4082
231.4081
232.7547
231.4081
232.4845
230.6055
232.7547
230.0725
230.3388
231.4081
232.7547
230.6055
231.9455
232.7547
229.8067
231.9454
227.9578
231.4082
230.8726
232.7547
231.4081
231.9455
229.0117
230.0726
233.8398
230.8726
228.2206
231.4081
237.4157
231.1402
230.6055
230.3388
233.5678
232.2148
231.1402
227.4333
216.0609
231.6766
233.5678
229.0118
231.6766
230.8726
228.7477
230.3388
231.9455
231.4082
231.9455
230.8726
229.0117
232.4845
229.2763
229.0117
233.2963
231.9454
230.6055
231.4082
233.0253
233.5678
227.4333
229.2763
236.8606
229.2763
230.8726
232.2148
230.6055
230.3388
231.1402
232.4845
230.0726
234.9319
231.1402
225.6108
229.2763
232.4845
228.7476
232.4845
230.3388
232.4845
229.8067
231.9455
231.1402
230.6055
235.4807
231.9455
234.3850
233.0253
231.9455
233.5678
232.2148
233.0253
232.4845
228.7477
233.2963
233.8398
231.4081
227.9578
233.0253
234.1122
232.2148
232.4845
232.7547
230.6055
230.8726
230.6055
231.4081
229.8067
234.1121
230.8726
231.4082
233.2963
227.6953
231.6766
229.5413
233.0253
228.4839
224.8360
231.4082
231.6766
227.9577
232.4845
232.4845
231.9455
230.8726
228.2207
233.0253
231.4082
229.5413
232.2148
232.4845
228.4839
227.4333
229.5413
231.9454
226.3894
225.0938
231.9455
231.1402
231.9455
231.6766
232.2148
232.4845
228.4839
212.2054
229.8067
229.5413
230.8726
231.6766
230.3388
230.8726
231.4081
232.2148
228.7476
230.3388
231.1402
228.2206
230.6055
229.8067
231.6766
231.1402
231.1402
230.3388
231.1402
229.8067
228.7476
227.9578
227.9578
232.2148
229.5413
228.4839
231.4081
231.1402
228.7477
231.4082
227.9577
231.4081
231.4081
225.6109
229.0118
230.8726
231.1402
229.8067
229.8067
227.1717
229.2763
232.2148
229.5413
228.7476
230.0725
228.2207
228.7476
229.8067
227.9578
230.0726
230.3388
230.6055
230.6055
229.2763
237.4157
232.7547
227.6953
229.8067
230.3388
231.9455
228.4839
230.0726
231.4081
228.4839
228.7477
231.6766
225.6109
228.4839
228.4839
228.4839
228.4839
228.7477
228.7477
231.4082
229.8067
222.5333
231.4082
229.8067
231.4082
228.4839
229.8067
229.0118
237.6940
230.0726
229.8067
228.4839
229.0118
230.0725
230.6055
227.9578
229.2763
229.2763
227.6954
228.7477
226.9105
227.4333
227.1717
229.2763
229.2763
228.7477
224.0648
227.9578
228.7476
225.6109
228.2206
232.2148
229.8067
230.8726
226.6498
227.1717
229.0118
228.2207
229.2763
227.4333
227.6953
228.2207
229.5413
230.0726
227.1717
224.8360
227.9577
232.2148
226.6498
231.4081
231.1402
228.7476
229.5413
229.8067
224.8360
227.6954
230.3388
227.6954
225.8699
230.6055
227.6954
225.6108
227.6954
227.9577
225.6108
230.0726
227.9578
231.9455
229.2763
225.0938
229.5413
238.5315
227.9578
227.1717
229.8067
227.6954
228.7477
228.4839
226.9105
226.9105
227.9578
227.6954
225.6108
225.8699
229.5413
230.6055
230.0725
227.6954
227.1717
226.1295
225.0939
225.3522
227.9578
226.6497
229.8067
223.0422
227.4333
225.3522
226.9105
232.4845
225.6109
229.0118
226.6497
224.0648
227.4333
225.6109
228.4839
230.0726
226.6498
227.1717
228.7477
229.5413
225.3521
224.5785
229.5413
226.9105
225.0939
236.0314
227.9578
225.6108
227.4333
228.7476
227.9578
227.4333
226.1295
227.4333
226.9105
224.3214
226.9105
224.5785
230.8726
225.6108
227.4333
228.2207
222.5333
224.5785
226.6498
226.9105
225.0939
220.7648
226.3894
226.1295
223.2972
225.0939
223.5527
223.0422
223.0422
224.3215
226.9105
225.8700
224.5785
224.3215
224.0648
228.4839
216.5496
225.6109
224.3214
223.2972
226.3894
225.8700
223.0421
224.5785
226.1295
223.0422
223.2972
223.0422
226.3894
226.6498
224.0648
223.2973
223.0422
227.9578
225.6109
223.2972
224.3215
225.0939
224.3215
227.9578
223.2972
224.0648
222.5333
223.0422
224.0648
224.0648
223.8085
224.0648
224.0648
223.8085
223.8085
223.8085
223.0422
222.7876
219.5134
224.0648
221.5203
224.0648
225.6109
224.5785
223.5527
223.2973
224.0648
223.2972
222.7876
224.0648
222.2794
224.0648
221.7730
222.2794
221.5203
222.5333
224.5785
223.8085
224.0648
223.5527
219.2643
223.2972
223.8085
225.6109
223.8085
224.3215
222.5333
224.3215
219.7629
223.0422
223.0422
224.0648
223.5527
223.8085
223.0421
224.3215
223.0421
221.2681
224.0648
217.2853
221.7729
224.5785
217.2854
220.5137
225.8700
221.2681
218.5193
223.2972
222.2794
221.7729
224.0648
219.0156
216.7944
222.0260
220.5137
222.2794
222.5333
220.0128
220.7648
220.2631
218.0246
222.2794
220.5137
222.2794
219.0155
219.7629
221.2681
220.5137
222.0260
220.0128
222.0260
221.5203
220.2631
224.0648
220.7648
222.7875
219.2643
220.7648
221.7729
220.7648
221.0163
218.0246
221.7730
222.7875
219.7629
218.5193
220.7648
223.0421
218.0246
219.7629
219.2643
220.0128
219.0156
229.5413
216.7945
220.7648
223.0422
219.2643
216.3050
221.0163
216.7944
218.0246
219.7629
217.2854
218.5193
221.0163
219.0156
216.3050
219.2643
219.7629
219.2643
218.2718
217.5314
219.7629
219.2643
221.0163
215.0881
217.0397
219.2643
219.7629
220.0128
217.2854
220.7648
219.2643
217.2854
217.7778
217.7778
217.0397
217.5314
218.0246
216.3050
215.8172
218.2718
217.5314
215.0881
214.3625
216.3051
216.3050
220.2631
215.0882
216.7945
217.2854
217.5314
215.3308
214.8459
216.3051
216.7945
216.0609
216.0609
214.8459
215.5738
231.4082
216.0609
214.8459
216.0609
213.1605
215.3308
214.3625
218.5193
215.8172
215.0882
217.0397
216.0609
216.5496
216.0609
216.0609
218.0246
212.2054
220.0128
215.8172
215.5738
212.2054
210.0778
216.0609
213.4001
209.6089
212.6822
215.0881
211.9676
214.6040
215.8172
211.7301
217.2854
212.6822
213.8806
212.4436
215.0882
210.5480
213.4001
212.9211
209.1415
212.4436
216.0609
211.4930
211.2562
209.3750
210.5480
208.4429
213.1604
211.4930
210.7837
209.6089
209.3750
209.3750
212.2054
210.0778
211.7301
211.4929
215.8172
211.2562
210.5481
207.9790
210.3128
212.4436
208.2108
207.9790
211.9676
209.3750
210.3128
211.0198
208.6754
208.4429
219.5134
207.9789
206.1370
212.2054
204.3170
209.1415
207.7475
208.6754
209.3750
207.7475
207.7475
207.5164
204.9970
206.3660
207.9790
207.7475
206.3661
207.5164
207.7475
212.6822
206.1371
208.2108
207.9790
205.6800
204.5433
207.0552
204.7700
199.4217
203.8654
208.2108
205.2243
207.7475
204.3170
204.9970
208.6754
200.3000
204.5433
205.6800
200.9621
200.9621
202.5184
201.6272
198.9845
206.1371
205.9083
203.8653
201.8495
204.7700
200.5204
200.9621
200.7411
199.4217
200.3000
201.4052
200.9621
200.3000
197.8970
200.5204
201.6271
202.0722
201.1835
199.8602
199.4217
197.6804
199.8602
198.7664
198.3310
197.8970
198.1138
197.4642
197.6805
197.2483
197.8970
196.6024
201.1835
196.8174
198.1138
196.6024
197.6805
193.8356
197.0327
195.9593
195.1062
196.8174
195.7455
196.3877
194.4695
200.5204
196.1734
196.8174
194.2579
191.5345
193.2044
191.7422
188.8611
194.0466
191.5345
194.0466
192.3671
195.1061
191.5345
192.3671
190.9132
192.7852
191.3271
191.9502
187.4418
189.4737
190.9132
189.0650
187.2402
188.4541
188.8611
189.8835
187.8459
186.6370
187.8459
188.0484
189.4737
191.7422
189.6785
187.4418
187.4418
186.6370
185.2393
186.6370
184.2494
187.6437
184.0522
184.6445
185.2393
184.2494
181.5137
183.6587
185.2394
184.8425
182.8749
183.4623
184.4468
183.6587
181.7073
183.4623
182.6797
182.0954
181.3203
182.0955
180.9343
178.0727
180.5493
180.3573
181.1272
177.5074
177.6956
178.2616
171.4371
179.2103
178.4509
177.8840
172.5210
171.6172
172.1588
171.9780
177.5074
172.3398
171.9780
172.1588
176.5703
172.1588
172.1588
171.9780
172.8842
172.7025
171.2573
171.4372
171.2574
170.5405
171.2574
170.8985
170.7194
170.8985
172.1588
167.5358
169.2952
170.1835
169.2952
167.3611
168.4126
168.4126
166.4911
165.9719
164.4261
163.4056
164.9394
164.0851
164.9394
163.9149
164.2555
163.0672
162.7297
161.0548
161.3880
161.5550
161.0548
161.2213
163.5752
159.7301
160.7224
160.7223
159.8950
158.5821
162.2250
158.4189
157.4442
158.7455
156.9595
156.9595
155.1980
155.9957
155.1980
154.2473
157.2824
153.1471
151.5918
154.2473
151.5918
152.2116
152.9907
150.8213
151.5918
150.9751
148.3871
147.9359
148.6888
145.1162
147.3369
146.4438
145.5571
143.5128
144.8231
144.5307
144.5307
143.6577
144.0934
143.9480
143.0792
143.0792
142.7909
141.6448
139.6648
139.2448
140.5094
138.9655
138.5479
138.4090
138.2703
136.8919
136.8919
137.0291
135.6650
135.2588
134.8540
133.9149
135.1237
132.5864
133.3817
132.7185
131.5343
131.4035
130.1032
129.8449
129.9740
131.0118
129.3300
127.1673
128.0529
127.6725
127.4196
126.0387
124.9213
125.6650
123.6927
122.8406
123.9374
122.7194
122.5983
121.7545
121.3949
119.0265
120.2043
120.5602
118.2095
117.8613
117.7455
116.4792
116.4792
115.6811
116.2506
115.2277
114.5511
113.3217
112.2162
111.8867
112.2161
109.5019
111.3400
110.5792
110.0392
108.6479
108.4355
108.1177
106.5432
105.5066
105.7131
106.0236
103.6669
103.9712
105.1977
104.4805
99.9867
101.5617
100.9681
98.5323
100.0844
98.5323
98.1481
98.3400
98.1481
98.0522
96.8148
96.5314
95.3128
94.4780
94.3857
93.9254
93.2847
92.7389
92.5576
92.1059
90.7636
89.9671
90.2318
89.5275
89.5275
88.4807
86.8467
87.1883
85.8292
85.0733
85.7449
83.3333
84.4066
84.0750
83.1693
83.2513
82.9239
81.7870
80.8237
80.3459
80.1080
78.9275
79.0840
78.6933
78.7713
77.6853
76.6124
75.5524
75.7031
74.6539
74.9524
74.0601
73.3233
73.3233
73.3233
72.4475
71.5804
70.2252
70.7932
70.0132
69.4504
69.3803
69.7313
67.6467
68.6131
66.9632
67.1677
66.2852
66.0829
65.5458
64.4158
63.8894
64.4818
64.2180
63.4315
61.9450
61.6892
57.7040
62.3946
60.7372
59.5473
59.6718
59.9212
59.2371
58.6203
58.3137
59.4231
56.7982
56.2598
56.2002
55.6657
55.1350
54.0843
54.3165
53.7949
53.9684
53.1622
53.9684
52.7053
51.6871
51.2948
50.6824
50.9601
51.4067
50.2401
49.6362
50.1300
49.2545
48.7124
48.2280
48.0137
47.8000
47.5337
46.9514
46.7933
46.2168
47.0041
47.4275
47.7467
48.3891
49.0372
50.4057
50.6270
51.2389
52.2511
53.2769
54.4329
54.9003
54.5495
56.4388
57.6433
58.0083
59.1134
59.9212
60.4224
60.9267
61.8170
63.4315
64.0864
65.2118
65.7468
65.9483
68.0595
68.4051
69.1704
69.9427
70.6509
71.2217
72.0128
73.3967
73.9122
75.4021
75.6277
77.1472
77.4543
78.4596
78.4597
79.2408
80.4254
82.4349
83.0874
83.6622
84.2407
85.2408
85.9980
86.9320
86.9320
88.1343
89.6153
90.3203
91.2089
92.5576
92.2863
93.7419
94.7555
95.0338
96.2489
96.6258
99.3053
98.9181
100.2801
100.3781
101.0668
101.8597
104.5826
104.5826
106.3350
106.9607
107.3800
105.8165
109.0740
110.0392
111.0133
111.9964
111.4491
113.0996
113.7671
114.8889
116.0224
115.3409
117.1681
118.2096
117.8613
118.4424
118.9095
121.3949
121.3949
119.8497
123.4486
122.7194
125.0450
126.4137
126.2886
126.9155
128.3071
128.8174
128.1799
130.3621
130.3621
131.4035
131.5343
130.8816
133.3817
133.7814
135.2588
134.8540
136.3450
137.9933
139.1050
138.1317
139.8052
140.6507
139.2448
141.9303
140.7922
142.9350
144.0934
142.7909
143.8028
144.9695
147.6361
146.4438
146.1476
148.2365
147.9359
149.2944
148.8399
150.6678
150.0555
150.3613
150.9751
151.2831
153.4605
152.0564
154.0896
156.4767
155.8357
158.4189
158.2560
158.4189
157.7682
158.9091
158.4189
158.4189
158.9091
159.7301
160.8884
161.0548
160.5565
161.8895
163.2363
164.2555
163.5752
163.9149
172.3398
167.0125
169.1182
167.7107
165.2827
164.4261
166.8385
169.1182
168.0612
167.7107
167.1867
168.4126
166.3178
169.2952
170.0054
171.6172
172.3398
171.4371
172.5210
172.1588
171.9780
171.6172
172.3398
171.2573
172.7025
178.6404
172.1588
172.1588
171.9780
177.8840
179.4008
179.4008
178.6404
178.2617
179.4008
179.2103
179.4008
181.5137
179.7827
180.1655
182.0955
179.9739
182.2899
180.7417
181.1271
183.0704
182.8749
183.4624
182.4846
182.8749
183.8553
184.0522
183.2662
184.8425
186.2363
186.8377
184.0522
194.2579
185.2394
187.0388
189.8835
187.8459
184.6445
188.4542
190.2945
191.1200
199.6408
189.0650
189.0650
189.4737
189.0650
189.4737
189.0650
190.2945
192.7852
192.1585
192.3671
188.6575
189.4737
190.5005
193.4145
190.9132
192.3671
193.2045
194.2579
193.4145
194.4695
203.4151
194.0466
194.6814
196.8174
195.5321
193.2045
194.0466
195.5321
198.7664
197.6805
195.9593
196.8174
196.6024
197.2483
196.1733
199.8602
198.9845
198.5485
200.7411
196.6024
199.4217
198.5485
197.8970
199.6408
201.1834
201.1835
200.7411
200.9621
201.1835
199.6408
198.9845
200.5204
201.1835
200.9621
200.0800
200.9621
201.6272
202.0722
200.9621
200.7411
204.0910
201.8495
200.7411
204.5433
204.9969
201.4051
203.4150
203.8653
203.6400
204.3170
205.4520
204.5433
203.4151
205.2243
204.7700
203.4151
206.1371
203.6401
206.1371
206.1371
215.3308
206.3661
204.3170
205.6800
205.2243
207.9790
204.3170
207.0552
206.8252
207.2856
207.5164
207.5164
208.6754
208.9083
208.2108
207.5164
205.9083
209.3750
207.0552
208.6754
206.8251
206.8251
208.2107
208.6754
207.7475
208.2108
208.4429
207.0552
211.9676
210.0778
208.2108
209.6089
209.1415
210.3128
209.8432
208.4429
211.2562
207.2856
210.0778
208.4429
209.8432
211.7301
212.6822
211.4930
211.7301
211.2562
209.8432
210.5481
211.7301
213.6402
210.7837
211.7301
212.4436
212.4436
213.1604
211.2562
214.1214
214.6040
211.7301
212.6822
213.6402
213.4001
213.8806
220.0128
218.5193
213.8806
213.1605
214.1214
215.3308
215.8172
214.1214
212.9212
215.8172
213.8806
215.5738
212.6822
215.3308
215.3308
212.9212
216.0609
213.1604
215.8172
217.2854
216.5496
215.8172
215.3308
215.0882
214.8459
216.0609
215.8172
215.0881
215.0881
215.0881
216.0609
213.6402
216.3051
215.0882
216.3050
215.8172
216.3051
212.4436
215.3308
217.5314
216.5495
217.5314
216.3050
214.3625
216.5496
217.0397
218.7673
219.0155
217.7778
216.5495
221.2681
216.3051
218.0246
218.7672
217.2854
216.0609
217.7778
219.0156
218.0246
219.7629
217.0397
221.0163
220.2631
219.2643
215.8172
215.8172
219.0155
221.2681
220.0128
219.5134
216.3050
218.2717
218.0246
222.5333
221.5203
219.0156
218.7672
218.0246
221.5203
218.2718
219.5134
220.5137
220.0128
219.0155
218.0246
220.2630
220.0128
219.2643
219.7629
222.5333
216.3051
218.5193
219.2643
219.5134
219.7629
222.0260
223.8085
219.7629
219.7629
219.7629
221.2681
222.7875
221.0162
218.7672
221.7729
222.7875
222.2794
224.8360
218.5193
220.7648
223.2972
219.7629
217.5314
222.5333
225.0939
224.5784
222.0260
218.0246
223.5527
220.7648
223.2973
223.2973
219.7629
222.0260
222.5332
223.8085
223.0421
221.7729
221.7729
222.5332
221.5203
216.0609
220.0128
224.0648
225.6109
223.8085
227.4333
219.5134
223.0421
224.5785
221.5203
219.5134
223.2973
222.5333
222.0260
223.0421
221.7729
224.5785
224.3215
223.0421
223.8085
224.8360
225.3522
224.0648
223.8085
223.0422
224.3215
222.0260
223.0422
222.5333
223.5527
221.5204
224.3215
223.0421
225.8700
223.5527
224.5785
225.6108
226.1295
224.0648
225.8699
220.5137
224.5785
224.0648
223.2972
224.0648
222.0260
223.5527
225.3521
225.6108
223.2972
224.0648
224.0648
224.5785
224.8360
226.3894
226.9105
225.0939
224.3215
223.5527
224.8360
224.8360
223.5527
224.0648
226.3894
225.6109
226.9105
227.1717
225.8699
225.3522
226.9105
224.3214
226.3894
225.8700
224.5785
227.4333
224.8360
225.3522
223.2972
225.8700
226.3894
226.1295
226.1295
224.8360
227.1717
225.0938
227.4333
224.0648
225.0939
225.0938
224.3214
226.1295
225.0939
229.2763
227.1717
224.3215
227.6954
227.1717
227.9578
227.1717
227.6954
223.5527
223.2972
226.6498
225.3522
226.3894
226.3894
225.6109
230.6055
227.4333
226.3894
227.6953
225.6109
225.8700
227.6954
224.5785
226.9105
227.4333
223.0421
226.6497
228.2207
227.9578
224.3214
226.6498
224.5785
225.0939
227.4333
229.2763
226.6498
226.6498
227.1717
226.6498
227.1717
227.6954
226.3894
227.4333
227.6954
227.9577
226.9105
227.6954
224.8360
231.6766
227.9578
227.9578
239.0921
227.9578
228.2207
229.8067
230.8726
229.0118
224.3215
227.6954
226.6497
227.1717
229.0118
227.1717
233.2964
230.0725
228.2207
226.3894
227.6954
226.6498
228.7477
228.4839
227.4333
229.0118
229.5413
227.9578
223.8085
227.6954
227.9577
226.9105
227.6953
227.6954
227.6953
227.1717
228.4839
225.6109
228.7476
227.6954
228.2207
226.6497
228.7477
230.8726
227.4333
228.2206
229.0118
227.9578
228.2207
227.6954
228.7477
232.2148
218.5193
232.2148
228.4839
226.6497
228.2207
230.6055
227.4333
230.8726
231.1402
230.3388
231.1402
221.5203
226.6497
227.6953
230.0726
230.8726
229.0117
232.2148
228.4839
230.6055
230.8726
231.1402
228.2207
230.0726
228.7477
231.6766
225.3521
227.4333
227.6953
228.2206
227.6954
230.8726
227.9577
226.1295
228.2207
231.6766
228.7476
229.0117
228.2207
230.8726
228.2207
226.1295
228.4839
226.9105
236.5838
232.2148
228.2207
224.5785
227.1717
226.3894
231.4082
231.6766
230.0725
229.8067
232.7547
231.6766
227.6953
231.4081
228.2206
228.2207
229.8067
231.6766
229.2763
231.9455
232.2148
230.8726
231.4082
237.9727
231.4081
228.2207
227.1717
226.9105
230.8726
232.7547
232.7547
232.4845
229.8067
228.7477
232.2148
232.4845
234.1122
236.0314
234.6582
230.6055
224.8360
231.6766
230.3388
233.2963
230.3388
230.8726
226.9105
229.2763
232.7547
232.2148
225.6109
231.4081
231.1402
230.0725
231.6766
226.9105
233.8398
230.8726
232.4845
228.7476
228.7477
230.6055
228.2206
220.5137
232.7547
229.5413
229.8067
231.1402
230.6055
231.9455
230.8726
228.2206
228.7477
230.8726
230.6055
231.4082
232.7547
233.2963
236.0314
232.7547
226.6497
229.8067
227.9577
232.4845
225.6109
229.8067
230.3388
233.2964
235.4808
236.3073
232.2148
231.6766
227.9577
231.4081
231.9455
230.8726
232.4845
231.4081
230.0725
230.0726
227.6953
231.1402
231.4082
228.7476
231.6766
233.2963
231.1402
230.3388
238.2518
232.2147
230.8726
232.7546
232.7547
233.5678
231.4082
231.4082
231.1402
232.4845
231.9455
232.7547
232.2148
233.8398
230.6055
233.2963
231.1402
232.2148
231.6766
232.7547
231.1402
231.9455
227.9578
230.6055
231.6766
230.8726
230.3388
231.6766
232.4845
231.4081
232.4845
231.1402
231.9455
232.4845
229.5413
232.7547
231.1402
232.2148
232.4845
231.6766
230.0726
230.8726
233.8398
233.5679
230.8726
230.0725
231.9454
235.4808
231.6766
232.2148
231.9454
229.2763
229.2763
228.7476
230.6055
236.5837
231.4081
228.7476
232.4845
230.0726
233.2964
234.3850
228.2206
237.1379
232.2148
233.2963
228.4839
232.7547
234.6583
231.1402
228.4839
231.6766
231.4082
232.4845
231.4082
232.2148
232.2147
233.0253
230.8726
232.2148
229.5413
232.2147
232.7547
231.1402
234.3850
234.1122
231.6766
232.7547
232.2148
232.4845
230.8726
231.9454
235.4808
234.1121
232.4845
230.3388
235.4808
232.7546
234.1121
231.1402
230.8726
232.4845
232.2148
231.4081
230.3388
233.0253
233.5678
236.0314
232.4845
231.6766
232.4845
233.2963
233.0253
231.6766
233.8398
231.6766
231.6766
232.7547
234.1122
231.6766
234.6583
231.9455
233.2964
231.6766
232.4845
231.1402
232.4845
234.9320
215.5738
233.8398
232.2148
231.6766
231.6766
232.7547
232.7547
230.8726
231.4082
229.0117
231.9455
228.7476
234.6583
234.3850
231.9455
234.3850
236.5838
231.9455
235.2061
230.0725
234.3849
232.7547
231.4081
232.2147
229.5413
234.6583
231.1402
239.9366
232.7547
231.4081
231.9454
230.6055
231.9454
231.9454
232.7547
231.1402
236.8606
234.1121
231.9454
232.2148
216.3051
231.9455
232.4845
232.4845
234.6582
232.4845
232.2148
232.4845
231.4081
231.6766
232.2148
229.2763
233.0253
231.6766
234.3850
229.0117
233.5678
231.6766
231.9454
227.6953
233.0253
232.4845
234.6583
233.8398
231.1402
231.1402
232.7547
232.7547
231.6766
223.8085
232.7547
230.3388
234.6583
233.2963
232.2148
233.0253
234.3850
234.1121
232.7547
230.8726
232.4845
231.9455
234.1122
232.4845
231.4081
231.4081
229.2763
231.9455
231.4082
231.9454
232.7546
230.8726
233.8398
233.0253
231.4081
232.2148
234.1122
232.2148
231.6766
232.4845
231.1402
234.1122
230.8726
231.6766
231.1402
231.6766
231.6766
235.4808
228.7476
231.4081
230.0725
234.9320
231.6766
232.2148
233.0253
232.2148
232.2148
233.8398
231.6766
227.4333
233.2963
234.1121
233.0253
225.0938
231.1402
230.3388
231.6766
229.5413
232.2147
232.7547
232.7547
234.9320
244.5124
232.4845
231.6766
234.1122
232.4845
233.5678
231.4081
231.6766
233.8398
232.2148
232.2148
231.9455
230.8726
230.8726
234.6583
229.5413
231.6766
231.4081
232.7547
233.0252
236.0314
231.9454
231.1402
230.8726
236.0313
231.4082
232.2148
234.9320
232.2148
229.0117
231.6766
233.5678
233.0253
226.9105
231.6766
234.3849
230.8726
231.4081
230.0725
232.4845
233.0253
231.6766
234.3850
227.1717
245.9678
233.2963
234.3850
232.2148
233.5679
231.6766
229.8067
230.8726
230.8726
231.4081
229.8067
231.6766
230.6055
232.4845
227.1717
231.4082
232.7547
234.6583
235.2062
230.8726
231.1402
231.4081
233.2963
231.1402
231.1402
232.4845
231.1402
233.8398
230.6055
232.4845
232.4845
232.4845
229.8067
231.4081
231.1402
228.7477
230.8726
233.0252
232.7547
231.9455
230.6055
232.7546
231.4081
230.3388
232.2148
232.2147
231.1402
234.3850
231.4081
233.0253
232.4845
233.8398
235.4808
235.2062
231.9455
231.4081
230.3388
231.4082
226.1295
231.1402
230.3388
232.2148
232.7546
226.9105
231.6766
233.2963
232.2148
245.3842
232.7547
229.2763
230.0726
232.4845
230.8726
237.4157
233.5678
232.2148
231.6766
231.4081
230.0725
229.8067
230.8726
231.1402
222.2794
235.4808
234.6583
228.2206
230.3388
231.4082
235.4808
231.6766
230.0725
237.4158
229.8067
229.0117
233.8398
227.6953
232.4845
233.0253
231.6766
232.2148
232.7547
230.8726
231.9455
230.8726
234.9319
230.0725
230.0726
231.1402
231.6766
232.2148
231.9455
231.4082
232.4845
232.4845
235.7558
230.6055
232.4845
232.2148
231.1402
232.2148
233.0252
234.3850
231.1402
230.6055
230.8726
229.5413
230.6055
231.1402
230.0725
229.5413
231.4082
232.7547
231.1402
231.4082
229.8067
231.6766
231.9454
230.3388
233.5679
232.2148
231.6766
233.2963
231.9455
230.6055
229.8067
232.4845
231.9455
228.7477
230.8726
230.3388
231.1402
232.4845
231.1402
228.2206
232.2148
230.0725
231.6766
230.6055
234.3850
231.9454
229.0118
229.2763
231.4081
229.0117
226.6498
227.1717
232.2148
230.0726
227.4333
232.2148
232.4845
233.5679
232.4845
231.6766
241.0691
243.0693
230.8726
234.9320
233.2963
232.4845
229.8067
231.9455
229.0117
230.6055
232.7547
231.9455
233.8398
228.7477
233.8398
230.8726
228.4839
233.0253
230.0726
230.8726
229.8067
229.8067
228.2206
231.4082
230.8726
236.5838
230.8726
231.9455
229.2763
229.2763
223.5527
229.8067
231.6766
229.2763
231.4081
231.6766
231.4082
231.9455
229.5413
229.8067
231.4082
229.0118
229.8067
229.2763
227.4333
229.2763
230.6055
228.7476
216.3050
226.9105
228.4839
227.1717
231.6766
227.4333
229.8067
227.1717
230.8726
229.0118
231.6766
228.2206
229.5413
229.2763
228.7477
226.9105
232.4845
233.8398
229.8067
229.5413
228.2206
229.2763
230.3388
226.1295
226.6497
227.9578
231.4081
228.7476
229.5413
229.8067
226.6497
229.5413
227.4333
229.2763
226.9105
235.7558
229.8067
230.3388
230.0726
226.3894
230.6055
231.1402
228.7477
229.2763
232.4845
229.2763
228.4839
227.1717
225.0939
230.6055
230.8726
228.7476
226.9105
230.3388
227.9578
220.0128
226.6497
223.0422
228.2206
228.2207
228.4839
229.8067
234.6583
226.3894
227.4333
227.6954
232.2148
229.0118
226.6497
228.4839
227.1717
227.1717
231.4082
228.7477
227.9577
229.5413
236.8606
227.6954
227.1717
230.6055
227.1717
228.7477
230.8726
228.2207
216.3051
231.1402
227.9577
229.0118
226.1295
229.0117
218.7672
228.4839
226.6498
231.1402
225.3521
227.9577
228.2207
221.5203
228.4839
231.9455
226.1295
226.6497
227.9578
229.8067
228.7477
227.6954
228.7477
230.6055
228.7477
228.2206
229.5413
226.1295
224.5785
226.6498
227.6954
228.2207
227.4333
228.4839
227.6954
225.8700
225.8699
227.6954
226.1295
228.7477
227.9578
229.0118
226.3894
226.1295
226.9105
227.4333
226.9105
231.9455
223.8085
228.2207
225.0939
226.1295
228.7477
232.2148
224.5785
227.9578
227.6954
233.0253
224.8360
232.4845
227.9577
226.9105
227.6953
223.8085
225.8699
224.5785
225.8699
225.8700
223.0422
227.6954
224.0648
225.8700
225.6109
226.6498
225.6109
207.9789
227.1717
226.1295
226.1295
224.8360
228.2207
225.3522
224.8360
224.5785
230.6055
224.0648
224.3215
224.3215
226.6498
225.8700
224.0648
223.8085
224.0648
225.6109
226.3894
226.3894
226.6498
227.1717
228.2206
220.0128
225.0938
225.8700
226.1295
228.7477
224.8360
225.0938
228.2207
226.6498
224.3215
225.6109
225.0939
224.0648
223.5527
222.7876
225.6109
221.7730
223.8085
225.8699
224.5785
223.0422
224.0648
219.7629
238.8116
224.5785
225.0939
223.8085
224.8360
224.3215
223.0422
223.2972
224.3214
225.6108
223.2972
226.6498
223.2972
224.0648
224.8360
225.0938
223.2972
225.0938
223.0422
225.8700
222.7875
223.5527
220.7648
223.0421
223.5527
223.2972
223.8085
223.0422
224.0648
222.2794
224.3215
222.7876
221.7730
223.5527
223.5527
223.0421
221.5203
223.0421
223.8085
241.6382
222.5333
224.5785
223.0422
224.3215
223.5527
217.7778
224.5785
224.0647
223.0421
220.0128
222.2794
224.3215
229.2763
226.1295
223.8085
222.2795
224.0648
223.5527
223.2972
223.0422
222.0260
223.0422
221.5203
223.0421
221.5203
223.2973
223.2972
221.0163
220.2631
222.5333
218.5193
223.0421
220.5137
222.7876
217.5314
223.0422
221.5203
217.7778
222.0260
220.2631
220.0128
220.7648
222.2794
220.5137
222.5332
220.2630
219.5134
221.0163
218.2717
214.1214
220.5137
237.6940
222.0260
223.2973
221.0163
217.7778
221.5203
221.7729
218.5193
220.2631
219.0155
216.7944
207.9790
217.7778
220.2630
220.2631
221.5203
223.8085
220.2631
222.0260
220.0128
221.0163
217.2854
221.5203
219.2643
208.2108
220.5137
219.0156
218.7673
216.7944
219.2643
217.7778
218.5193
219.2643
219.0156
219.5134
215.0881
217.5314
221.5203
217.7778
219.5134
218.2718
218.0246
218.0246
216.0609
219.2643
219.5134
218.2717
218.7672
218.7672
221.0163
218.5193
215.8172
217.7778
213.4001
219.5134
216.7945
219.0156
218.5193
216.3050
219.2643
218.5193
216.7945
216.3051
216.7945
215.3308
215.8172
215.8172
215.8172
218.2718
216.0609
216.0609
212.9212
216.5495
216.7945
216.3051
214.6040
219.7629
216.3051
213.1605
216.3051
215.5738
215.5738
215.5738
215.0882
216.3051
204.5433
218.7672
211.2562
214.3625
216.3051
216.0609
215.8172
216.7945
212.2054
214.1214
215.8172
215.5738
212.4436
213.1604
213.6402
200.3000
211.7301
213.1604
213.1604
216.0609
212.9211
211.9676
215.8172
213.6402
215.8172
215.5738
211.7301
215.0882
214.6040
215.5738
211.2562
212.9211
210.7837
211.2562
212.9211
211.7301
212.4436
211.9675
214.3625
210.0778
209.8432
209.1415
212.2054
210.7838
211.2562
209.6089
209.6089
210.7838
210.5481
212.9211
209.1414
209.6089
208.4429
209.6089
208.4429
208.6754
209.8432
211.0198
206.5954
207.7475
208.2108
211.9676
208.4429
208.4429
209.1415
208.9083
208.9082
204.9970
207.9789
208.4429
207.7475
208.2108
207.2856
207.5164
207.2856
207.2856
209.1415
208.2108
206.1371
208.4429
204.0910
205.9084
207.7475
204.0910
205.4520
205.4520
207.5164
204.7700
203.8654
202.9661
207.2857
206.5955
205.9084
208.4429
202.7421
204.9970
205.6800
208.2108
215.3308
203.4151
204.9970
204.5434
202.7421
202.5185
204.7700
202.2952
201.8495
201.1835
199.6408
203.6400
202.2952
202.7421
204.3170
202.5185
201.1835
201.6272
201.8495
199.4217
199.8602
202.2952
199.4217
199.6408
197.8970
199.8602
198.9845
198.1138
200.5204
199.8602
200.5204
198.5485
199.4217
196.6024
193.8356
196.1734
197.4642
196.1734
198.9845
197.4642
196.6024
194.6814
197.8970
195.5321
197.6804
197.4642
196.8174
196.8174
194.2579
192.9947
198.9845
196.3877
194.0466
194.8936
194.6814
193.4145
190.0889
188.8611
187.0388
192.3671
191.3271
192.3671
193.2045
191.1200
191.5345
192.7852
191.5345
190.5004
190.7067
189.2692
201.1835
188.8611
190.9132
191.5345
189.8835
190.7067
190.0889
189.4737
191.5345
189.6785
187.6437
186.6370
188.0484
188.2511
190.5005
186.8378
188.2511
188.0484
187.4418
187.2401
188.0484
187.2402
186.4365
184.8425
187.8459
184.2494
184.4468
185.6373
185.6373
184.4468
184.2494
187.0388
182.0955
183.0705
183.8553
182.4846
181.7073
183.2663
183.0705
181.3203
180.9343
181.5137
181.5137
180.1655
180.1655
180.3573
178.2617
181.5137
181.1272
179.7826
180.3573
178.4509
177.8840
178.6404
176.0110
167.3611
180.1655
176.9443
171.6172
173.0662
170.7194
172.1588
171.4371
176.9444
171.9780
171.4371
171.9780
172.1588
171.2574
171.9780
171.4371
169.8275
169.1182
169.6498
170.8985
171.0778
171.9780
169.1182
169.4724
168.2368
168.2368
167.8858
165.2827
164.7681
166.3179
165.6269
162.8983
164.9394
163.9149
163.9149
164.0851
164.0851
164.7681
164.0851
164.9394
163.4056
161.3880
160.5565
160.8885
159.8950
158.9091
159.0729
161.5550
160.5565
158.5821
158.9091
159.0729
156.4767
157.9306
157.2824
156.6374
155.6760
152.5227
152.3671
156.1558
155.3571
152.9907
152.3671
152.5227
151.2831
152.0564
152.6785
150.5144
149.1427
149.1427
148.8399
146.7408
149.4462
147.9359
147.4864
148.3871
146.1476
146.5922
144.5307
144.2390
143.9480
144.8231
142.0733
142.2165
141.6448
142.7909
143.9480
137.8551
141.0757
140.3682
139.2447
141.9303
139.1051
140.6507
136.4815
138.2703
136.0725
136.3450
134.9888
135.8007
134.3165
135.9365
134.7194
133.2488
132.4543
132.8509
130.2326
130.8816
129.5871
130.2325
130.1032
129.5872
129.9740
129.0734
127.1673
127.0413
125.5408
126.0387
124.6746
125.1687
124.4283
125.2926
125.0450
120.5601
122.5983
123.4486
122.5983
123.2050
119.0265
119.9678
118.6757
119.1438
116.9380
117.2833
117.0529
116.2506
115.3409
113.9905
113.9905
114.1024
113.6556
112.2162
111.9964
110.1470
110.2549
111.0133
109.1808
108.9673
109.1808
108.1177
108.6479
106.6474
106.4391
107.1701
103.3634
105.0949
105.0949
103.1617
101.5617
100.5744
98.1481
100.6727
98.3400
98.9181
98.9181
97.7653
97.8608
97.0990
96.7202
95.5927
94.8482
95.6862
93.1024
94.1093
92.1059
92.6482
92.1961
91.8360
90.1435
89.6153
89.6153
89.2647
89.5275
88.1343
87.4454
87.1883
86.0825
86.0825
86.4214
84.8227
84.4066
84.2407
81.7063
81.7870
82.3537
80.5049
80.5845
80.9836
79.5551
79.5552
79.0057
78.2266
77.6853
78.3042
76.6886
76.4602
76.1566
75.5524
74.3565
73.7646
73.7646
73.3967
72.8843
71.7243
71.4367
70.6508
70.9358
69.4504
69.5206
68.1285
67.3043
67.7841
67.7154
66.2177
66.8951
65.8810
65.8811
64.8792
64.6803
63.8894
63.5621
62.7172
61.8810
61.9450
61.9450
61.6254
60.7372
61.0533
60.7372
59.2371
59.1134
58.3749
58.6818
57.9473
57.0990
56.0216
56.6783
55.3115
54.9003
54.4329
54.9003
54.0263
54.4912
53.7372
53.3917
52.8763
52.9334
52.3077
51.0715
51.4627
51.2389
50.9045
50.8489
49.9101
49.4724
48.9830
48.9830
49.2545
47.7467
46.4783
48.2817
48.0137
47.0569
46.5831
46.0603
46.2168
45.5412
45.2830
45.1800
