92.5576
93.5588
94.2013
96.3430
98.6286
99.6941
101.6609
102.2586
104.5826
107.4850
107.1701
110.5792
109.9315
113.6556
114.7762
114.6636
118.9095
117.6297
120.3228
120.3228
122.3566
122.7194
125.2926
124.1826
126.7899
126.0387
129.2016
127.7991
131.6653
131.1422
133.6480
133.5148
130.6216
135.1237
132.5863
136.7550
139.2447
138.8262
140.0863
139.2447
140.7922
141.2177
141.5023
143.2236
142.5034
145.5571
144.6768
143.9480
146.2956
144.9695
148.9912
148.3871
149.5983
150.3613
151.4374
152.8345
152.6785
151.5918
152.9907
155.3571
155.6760
158.0932
158.9091
155.1980
158.5821
153.7746
158.7455
160.0600
160.8885
158.4189
162.0571
163.0672
164.0851
162.8983
165.7993
165.9719
166.3179
168.5887
167.1867
166.8385
169.4724
169.1182
170.0054
169.4723
171.9780
167.3611
172.3398
173.2484
170.7194
172.7025
176.5703
172.8842
181.9013
178.2616
179.2103
178.4509
179.0200
180.7417
178.2616
182.6797
181.5137
181.7073
181.9012
185.4382
183.2662
186.2363
186.8378
187.8459
187.0388
186.0363
183.0705
186.6369
187.2401
191.7422
189.6785
190.7067
189.8835
192.3671
194.0466
190.9132
193.6249
194.8936
190.5005
194.2579
195.7456
192.7852
196.1733
194.2579
197.4642
193.8356
199.4217
198.3310
200.9621
197.6805
197.8970
200.9621
202.2952
200.9621
201.8495
202.0722
202.2952
201.6272
199.8602
202.0722
203.8653
206.1371
206.1371
205.2243
207.0552
208.4429
208.2108
210.3127
205.6800
206.1370
207.7475
210.5481
211.9676
209.8432
209.6089
212.9211
212.9212
211.4929
209.3750
215.0881
209.1414
213.6402
211.0198
215.0882
215.3308
216.0609
216.0609
216.3051
218.2718
216.5496
217.5314
223.0421
220.0128
215.3308
220.7648
220.7648
221.2681
219.7629
220.2631
223.5527
224.5785
223.0422
223.0422
225.3522
223.5527
223.5527
227.4333
226.1295
225.3522
225.0939
225.3522
224.5785
226.6498
226.6497
223.0422
231.1402
227.6953
228.2207
230.6055
232.4845
231.1402
229.8067
229.5413
232.4845
227.6953
231.4082
230.3388
246.2603
233.2964
231.6766
231.6766
232.2147
235.7558
234.9320
231.1402
234.3850
234.9320
237.6940
235.7559
232.4845
238.2519
237.4157
237.6940
242.7821
236.8606
237.6940
238.8116
238.2519
240.7853
240.7853
239.6547
241.3534
241.0691
241.0691
240.5019
251.3103
244.5124
243.6451
244.2228
241.3534
244.8025
241.3534
241.3534
246.2603
246.5534
244.8025
245.0931
244.2229
246.2603
247.1409
241.0691
243.0693
248.9156
249.5112
248.3220
246.2603
245.9678
245.6757
248.6186
250.7085
250.7085
250.4084
250.1088
250.1088
249.8097
251.9141
251.3103
247.1409
248.3220
245.3842
252.5200
253.1279
249.8097
255.5810
250.1088
250.1088
251.6119
255.8900
253.4327
263.1490
257.4433
254.6571
251.3103
253.4327
254.6571
252.8236
254.3502
254.0438
254.9645
251.6119
258.3817
267.3843
249.2131
259.0102
261.8654
258.3818
253.7380
259.6408
257.7556
258.6956
254.6571
259.6407
259.0101
262.5061
260.2735
265.0916
260.5908
259.0101
255.5810
259.3251
261.8654
256.1996
274.7816
264.7664
260.5908
264.1177
262.8272
259.9568
263.7942
265.0916
264.7664
263.1490
264.4418
262.1855
265.7437
264.7664
264.1177
266.3983
256.5097
263.7942
266.0707
267.0551
267.7143
270.3750
269.0399
263.4713
264.4417
267.3844
270.7103
267.7143
266.0706
267.0551
267.7143
266.0707
264.1177
268.0448
267.7143
265.7437
268.0447
268.7075
269.3727
267.7143
271.0461
270.3750
269.7062
267.7143
270.0403
270.3750
269.3727
269.0399
270.3750
271.0462
274.7816
279.9983
269.7062
271.7198
272.7348
272.3958
271.0461
272.0576
270.3750
272.7348
253.7380
271.0461
273.0744
271.3827
274.4389
274.7816
275.8134
272.3958
276.5045
275.4689
291.2534
274.0969
274.7816
274.7816
275.4688
278.2433
278.2433
281.4140
275.4688
277.1982
278.2433
273.7554
276.8510
275.4688
275.8135
271.7198
277.8943
275.8135
286.4534
279.2943
277.1981
275.8134
281.7696
281.0591
279.6460
280.3513
281.0591
278.9433
282.1259
281.7696
283.5575
284.2774
282.1259
281.4140
279.6460
281.0591
281.7696
281.7696
282.1259
279.9983
281.0591
279.6460
289.0233
279.9983
287.1842
282.8404
282.1259
283.1987
284.6383
280.7048
284.2775
281.4140
281.4140
283.5576
282.1259
282.4828
284.2774
282.8404
286.8184
285.0001
285.0001
283.1986
284.2774
285.3623
287.1841
285.0001
282.1259
284.2775
287.9177
286.0890
283.1987
286.8184
275.1249
287.1842
283.9172
286.0890
287.5506
288.6541
287.1841
290.1351
283.9172
288.2855
284.2774
289.0233
289.3932
290.8799
289.7638
291.2534
286.4534
289.7638
288.6541
288.2855
287.9177
286.0890
287.5506
286.8184
292.3781
287.9177
288.6540
268.7075
284.2774
287.9177
290.1351
289.7638
288.6541
290.1351
289.0232
293.5092
291.2534
287.5506
292.3781
295.0276
288.2855
293.1314
287.5506
278.9433
290.8799
290.8799
297.7132
292.0024
290.8799
289.3932
291.2533
292.7544
293.1314
293.5092
291.6276
292.7543
312.5378
295.4091
290.1351
287.1842
293.5092
286.8184
293.1314
280.7048
289.7638
291.6276
292.7543
288.6540
293.5092
292.0024
292.7544
290.5072
290.5072
293.8877
286.0890
294.6469
297.7132
288.6541
287.1841
285.0000
282.1259
288.2855
295.0276
290.5072
286.4534
287.9177
287.5506
286.8184
282.4828
287.1842
286.0890
291.2533
288.2855
285.0000
285.7253
284.2775
282.1259
286.0890
285.7253
283.9172
283.9171
283.9172
284.6384
287.1842
285.3623
286.4534
283.1987
285.7253
283.9172
282.4828
283.9172
300.8276
283.5576
283.5576
283.9172
280.3512
288.2855
282.8404
284.6384
281.0591
281.4140
279.9983
283.1987
278.9434
281.7696
282.8404
283.1987
279.9983
277.1981
282.4828
275.4688
281.7696
280.7048
281.7696
276.5045
270.7102
281.0591
278.2433
270.0403
279.2943
278.9434
281.7696
274.7816
285.0001
279.9983
285.0000
277.1982
278.5930
271.0462
275.1249
277.8943
277.1982
272.3959
272.0576
276.1587
277.8943
272.3958
271.7198
273.7554
274.4389
273.0744
281.7696
271.3827
277.1982
279.9983
269.0399
273.4146
263.4713
274.0968
272.0576
274.4389
275.1249
275.1249
276.1586
274.0969
275.1249
271.0462
271.7198
271.7198
272.7348
273.0744
273.0744
269.3727
266.7263
274.0969
266.7263
271.7198
265.7437
269.7062
264.4418
270.7103
265.7437
271.3826
268.3759
266.0706
267.7142
265.7437
269.3727
269.3727
265.7437
263.7942
264.1177
269.7061
266.3983
264.7663
269.3727
267.0551
272.0575
267.7143
264.1177
266.0707
271.0462
267.0550
267.3844
265.0916
267.3844
267.0551
262.5061
260.2735
259.9569
265.0916
261.2270
262.8272
260.2736
262.1855
263.4713
263.4713
259.0101
260.9086
260.2736
261.2270
260.9086
261.8654
259.6407
259.6408
256.8204
259.6407
254.6571
259.0102
258.6957
258.0684
251.3102
251.0091
253.4327
254.0438
254.9645
252.5200
252.5200
253.4327
232.2147
249.2131
250.1088
249.8098
252.5200
254.3502
252.2167
250.7085
251.6119
249.5112
246.8469
247.7304
249.8097
248.3220
247.1409
248.3220
247.7305
247.4354
247.7305
248.9156
251.0091
247.7304
244.2229
246.5534
245.0931
245.6757
244.8025
245.0931
246.8468
245.6757
247.4355
245.9677
251.0091
244.8025
231.4081
242.4954
239.0921
243.9337
240.5019
242.2092
239.3731
243.0693
242.7821
245.6757
239.3732
236.8606
236.0314
239.0921
237.9727
233.5678
237.1379
234.6583
237.9727
235.2062
237.4158
237.6940
231.1402
234.9320
235.7559
235.7559
233.8398
235.2061
234.1122
232.7547
231.6766
233.5678
230.3388
232.7547
228.7477
226.9105
222.0260
227.1717
231.9455
229.2763
226.1295
229.2763
231.1402
227.1717
224.5785
228.4839
225.3522
222.2794
229.2763
220.5137
223.8085
224.3215
226.1295
222.2794
223.0421
222.7875
221.7729
214.6040
221.2681
220.2630
219.5134
218.2718
219.5134
219.2643
216.7944
216.5495
219.0156
217.5314
214.8459
214.3625
216.0609
216.0609
214.1214
213.6402
213.8805
212.4436
211.4929
210.5480
211.7301
209.8432
208.9083
208.6754
211.2562
207.5164
210.3128
207.5164
208.2108
206.3661
209.1415
198.9845
204.7700
206.8252
203.6401
204.7700
202.9661
205.4519
202.2951
208.4429
199.4217
200.5204
202.0722
200.0799
196.8174
199.4217
204.7700
200.7411
197.4642
197.8970
194.8936
194.6814
194.2579
193.8356
192.9947
193.8356
194.6814
189.6785
192.5760
190.7067
189.6785
190.0889
186.2363
187.0388
187.2402
187.4418
183.8553
185.4382
185.0408
185.8367
184.0522
181.9012
183.6587
182.0955
183.2663
180.3573
179.4008
177.8840
181.3203
179.4008
179.7827
177.3194
172.3398
176.9443
172.1588
172.8842
171.2573
171.6172
163.7449
170.8985
169.6498
168.5886
169.2951
167.8858
161.2213
167.8858
164.9394
166.6647
163.4057
159.7302
161.8895
163.4057
160.8885
162.3930
159.7301
157.9306
157.4442
160.2253
158.4189
158.2559
157.6061
156.4767
154.4053
156.3161
153.7747
153.9320
153.6175
157.2824
153.1471
152.8345
151.1290
148.6888
150.0555
148.9912
140.6507
147.6361
141.5023
145.2630
145.1162
143.6577
143.5128
140.2272
142.0733
140.3682
139.2447
138.2703
138.8262
137.8551
138.2703
139.8052
136.2087
135.6650
134.7194
134.7194
134.8540
132.1907
132.1907
132.4543
131.6653
130.6216
130.2326
130.2326
127.9259
127.2934
133.2488
127.6725
125.9140
125.5408
123.9374
123.8150
122.3566
123.0834
121.0364
121.2753
122.3566
118.6757
119.9678
118.0934
116.2506
117.1681
117.2833
116.5937
115.1146
114.7761
114.1024
113.3216
112.6570
111.1220
116.3649
110.9046
109.8239
109.1808
107.8009
108.2235
108.1177
106.7517
107.2750
105.4036
104.1746
105.8165
102.2586
104.0728
103.4645
101.0668
101.2645
99.7915
98.3400
98.7250
98.9181
97.3840
96.4371
96.8148
95.0338
95.4060
93.9254
94.1093
94.2013
92.8296
92.5576
91.9258
91.0305
92.1059
89.6153
89.7910
89.0899
88.5675
88.3074
88.5675
86.9320
86.0825
85.4925
85.7449
83.9097
83.7446
84.2407
82.5162
82.0294
81.3844
82.5162
81.0636
80.5845
79.7128
78.9275
79.7917
78.2266
77.4543
77.5312
76.6886
76.3083
75.1020
75.4021
75.5524
76.7649
77.3006
78.7713
78.9275
79.5551
81.3041
81.5452
82.9239
82.7606
84.9897
86.4214
85.0733
87.1028
87.7031
88.7413
88.9155
91.1197
92.5576
92.8296
94.2935
94.8482
95.8734
96.4371
97.6698
98.0522
99.4024
100.7711
102.2586
101.6609
104.3784
105.4036
105.3006
106.8562
107.0654
109.8239
109.0740
111.6677
113.3217
112.5466
113.4328
114.8888
116.2506
116.1365
116.8231
118.0933
118.5589
121.0364
122.4774
122.4774
123.4486
124.5514
126.9155
125.0450
128.4345
127.5460
128.9454
129.9740
131.5343
132.9834
132.4543
132.4543
134.8540
134.8540
137.8551
136.7550
136.2087
139.6648
138.5479
140.7922
142.2165
146.7408
143.2236
144.2390
143.0792
144.8231
147.9359
148.9912
148.2365
150.8213
150.9751
149.9029
152.3671
152.6785
153.9320
152.5227
156.1558
154.2473
156.6374
158.7455
157.9306
159.8950
158.5821
161.7222
161.3880
161.3880
162.8983
163.5752
170.3619
163.5752
164.7681
165.7993
165.7993
168.5886
168.4126
168.7649
171.4371
172.1588
171.0778
171.7975
171.9780
171.4371
172.3398
171.9780
172.1588
176.7572
177.5074
176.3836
180.5493
181.5137
181.1271
181.3203
182.6796
184.8425
187.8459
181.7073
185.6373
184.2494
183.6587
176.1972
187.6437
188.6575
189.2692
190.7067
192.1585
190.7067
193.2045
197.0327
194.2579
193.2045
198.3310
194.2579
197.2483
197.0327
197.2483
197.4642
198.9845
196.6024
200.7411
198.5485
200.9621
199.8602
200.5204
200.9621
200.0799
202.5184
197.6805
208.4429
204.3170
205.2243
207.0552
209.3750
206.8252
204.7699
212.4437
205.2243
208.4429
210.3127
209.1414
211.4930
211.2562
211.7301
212.4436
208.9083
212.4436
211.7301
214.8459
213.4002
216.7945
212.6822
215.0881
215.3308
216.7945
216.3050
219.5134
218.5193
213.4002
217.7778
220.5137
224.3215
217.5314
220.5137
218.7673
221.0163
223.0422
225.3522
225.3521
215.8172
223.5527
224.0648
223.5527
224.5785
224.0648
225.6109
224.8360
229.8067
225.8699
229.8067
227.4333
228.7477
225.8700
227.1717
230.6055
232.7547
229.2763
229.8067
229.0118
233.2964
234.1122
228.4839
229.0117
226.9105
234.6583
236.0314
233.5679
235.4808
237.1380
232.4845
233.8398
239.9366
237.1379
244.5124
241.0691
237.9727
241.0691
234.1122
243.0693
240.2190
239.6547
241.0691
237.6940
238.5315
240.5019
242.2092
254.9645
240.5019
244.8025
241.0691
245.3842
244.2228
249.5112
253.1279
244.8026
247.1409
245.3842
246.8469
246.5534
246.2603
246.5534
248.0260
243.3569
246.5534
250.1088
251.6119
250.1088
236.5838
251.0091
248.9156
245.9678
249.2131
248.0260
251.3103
249.8097
250.4084
251.3103
251.0091
253.4327
253.1279
251.3103
251.3102
252.5200
251.3102
249.5112
253.1279
253.4327
254.9645
258.6956
261.5458
250.7085
254.9645
258.3818
255.8900
256.8203
257.4433
255.2725
254.6571
256.5097
256.5097
258.6957
254.9645
258.6957
258.3818
257.1316
240.5019
258.3817
259.9568
254.9645
259.3252
257.7556
259.3251
261.8654
257.7556
260.2736
260.9086
261.8654
263.1490
262.1855
261.8654
261.8654
265.0916
258.3817
263.1490
262.8272
261.8654
260.9086
263.7942
259.6407
264.7664
267.0551
265.7437
261.5459
265.4174
259.6407
267.3844
267.7143
263.1490
264.4417
266.3982
269.7062
264.1177
267.7142
266.0707
272.7348
268.0447
268.0448
270.0403
267.3843
268.3759
267.7143
246.8469
270.3750
271.0462
269.0398
269.3727
270.7103
274.0969
269.0399
269.3727
273.0744
267.7143
270.0403
269.3727
270.3750
271.3827
271.0462
272.7348
275.1249
288.6541
269.0399
272.0575
269.7062
271.0462
275.8135
275.8135
274.0969
273.4146
266.3982
273.0744
271.3827
272.7348
271.3827
272.0575
271.7198
275.1249
270.0403
272.3958
277.8943
277.1982
278.2433
277.8943
276.5045
274.4389
270.0403
274.0969
275.8134
277.8943
276.5045
277.1982
278.5930
277.5459
277.8943
278.5930
278.5930
277.8943
277.1981
278.9434
275.8134
279.2944
280.3513
275.1249
282.1258
277.1982
275.8134
278.5930
279.9983
280.3512
281.4140
282.4828
284.2775
278.9434
282.8404
281.0591
281.7696
281.0591
281.4140
283.1987
281.7696
282.8404
283.1986
280.3512
285.3624
282.1259
283.1986
279.2943
281.7696
279.9983
270.7102
290.5071
279.9983
281.0591
293.1314
274.4389
282.8404
283.1986
284.6384
283.9172
277.5459
287.9177
284.6384
290.1351
286.8184
280.7048
284.6383
280.7048
285.7253
285.0000
285.3624
352.1683
288.2855
286.4534
293.8877
282.8404
286.0890
283.5576
284.6384
283.5576
285.3624
286.4533
295.0276
283.1987
288.6541
287.1842
285.7253
282.4828
290.1351
287.1841
285.7253
289.0233
293.1314
289.7638
287.9177
287.9177
288.6541
285.0001
286.0890
286.8184
287.9177
289.7638
286.4533
293.1314
289.3932
269.0398
287.1841
288.6540
285.7253
290.1351
290.1351
291.2534
295.0276
287.1842
294.6469
289.7638
291.2534
288.6540
292.3780
289.3932
291.2534
286.8184
291.6275
287.5505
290.5072
294.6469
291.6275
292.7544
291.6275
290.1351
295.0276
292.3781
293.1314
294.6469
288.2855
291.6276
292.0024
290.1351
291.2534
287.1841
293.8877
279.9983
292.0024
292.7543
293.8877
289.7638
288.2855
287.1842
288.2855
286.0890
286.8184
288.2855
287.5505
287.1842
284.6384
271.7198
292.3781
290.8799
288.6540
289.3932
290.1351
284.6384
295.0276
287.5505
288.6541
282.1259
287.9177
286.0890
288.2855
283.5576
301.2203
282.8404
286.8184
285.7253
283.9172
287.9177
292.0024
283.1987
282.1259
282.4828
281.7696
283.9172
279.9983
289.0233
287.1842
284.2774
281.4140
281.7696
280.7048
283.5576
286.0890
283.9172
281.7696
282.4828
290.1351
282.8404
280.7048
281.7696
283.9172
279.9983
277.8943
282.4828
278.5930
276.8510
281.0591
278.9433
275.8135
282.1259
282.4828
279.9983
279.9983
282.8404
279.6460
278.2433
276.1586
277.1982
278.5930
279.9983
279.2944
278.9434
274.7816
281.7696
278.5930
274.7816
277.1982
276.1587
275.1249
277.5459
273.7554
274.7816
277.8943
273.4146
272.7348
272.3959
275.4688
274.4389
276.8510
271.0461
278.2433
275.4689
277.8943
271.7198
273.0744
271.7198
270.7103
275.8134
271.7198
275.1249
272.0576
273.0744
264.4417
269.0398
271.7198
272.3959
270.0403
268.0447
271.0462
269.3727
269.0399
270.0403
266.3982
269.7062
267.7143
267.7143
267.0550
270.7103
269.0398
267.7143
268.7075
264.7663
266.3983
263.7942
267.3844
266.3983
265.4173
268.0447
267.3844
259.9568
261.8654
265.7437
263.7942
261.5459
265.0916
258.6956
262.5060
264.4418
264.4418
262.1854
265.7437
263.4713
267.7142
259.6407
262.5061
261.5459
270.3750
265.4174
259.0101
260.9086
262.1854
261.8654
261.2270
259.9569
259.9569
256.8204
257.4433
266.7263
261.8654
255.2724
254.9645
254.9645
252.8237
249.2131
254.9645
251.9140
254.9645
252.5199
254.6571
249.2131
254.3502
255.5810
252.8236
251.3103
251.0091
251.3103
250.4084
250.4084
251.3103
254.6571
250.4084
252.5200
250.4084
249.8097
248.6186
248.0260
251.3103
248.9156
247.1409
250.4084
250.7085
250.4084
248.3220
250.7085
245.0931
248.0260
248.3220
245.6758
243.3569
245.9678
246.2603
244.5124
245.0931
242.2092
246.8469
241.9235
242.2092
241.3534
241.3534
242.2092
241.0691
243.6451
241.0691
241.0691
239.0922
239.0921
236.0313
238.2518
242.4954
243.0693
239.3732
233.5679
235.7559
240.2190
233.5678
233.5679
230.3388
233.0253
234.1122
231.6766
234.1122
233.0253
231.1402
231.1402
233.2963
232.4845
234.1122
228.2207
231.6766
231.9455
229.8067
229.8067
228.2207
229.0118
226.9105
229.0118
227.6954
222.2794
226.6498
224.5785
224.5785
223.8085
225.0939
221.7730
224.8360
219.5134
222.0260
223.2972
221.7729
224.3215
222.2794
217.5314
220.7648
219.0155
219.5134
218.5193
220.2631
218.2718
217.7778
215.5738
217.0397
218.7673
215.0881
215.8172
215.3308
217.0397
213.6402
213.6402
204.7700
209.8432
213.8806
216.3051
208.4429
210.3128
212.2054
210.7838
200.5204
208.4429
208.6754
207.9789
207.9790
205.4520
204.3170
206.1371
202.9661
201.6271
202.0722
205.6800
203.6401
201.8495
203.8653
200.9621
195.9593
201.6272
197.2483
199.4217
197.2483
198.1139
197.8970
197.4642
198.3310
194.4695
196.6024
194.0466
195.5321
195.9592
194.6814
192.1585
193.6249
188.2511
191.5345
192.3671
190.2945
194.6814
186.6370
187.0388
186.6370
186.8377
186.8378
184.6445
184.4468
181.5137
183.2663
180.7417
177.6956
181.1272
180.5493
178.2617
181.5137
180.1655
176.5703
179.9739
178.8301
178.6404
171.9780
172.7025
171.4371
168.5886
170.5405
171.7975
169.8275
172.3398
170.0054
170.0054
168.2368
169.1182
172.3398
166.8385
164.4261
166.3178
163.5752
163.5752
161.3880
162.0571
159.5656
160.7224
160.2253
159.7302
158.4189
160.7223
157.7682
156.6374
155.1980
156.6374
153.9320
154.0896
153.7747
152.0564
152.0564
151.5918
150.6678
148.9912
150.3613
148.3871
148.8399
147.7859
145.5571
144.6768
145.7045
144.0934
143.3681
142.6471
143.3681
141.9303
139.5246
141.0757
139.8051
139.1050
139.6648
137.5791
135.8006
136.0725
135.1237
135.3940
135.5294
133.6480
131.6653
131.1423
130.2326
132.0592
131.1422
128.5620
129.3300
127.7991
127.0413
125.7895
124.3053
123.9374
123.9374
124.4283
124.6746
124.5514
121.3949
121.7545
121.7546
119.9678
119.0266
118.9095
118.4424
119.9678
115.4541
115.1146
116.5938
115.0017
114.4387
112.8781
111.8867
111.5583
111.4491
110.9046
110.3629
108.3295
108.9673
108.2236
107.5902
106.8562
105.4036
104.8897
104.3784
99.5968
102.8597
104.0729
102.2586
101.8597
100.0844
100.6727
99.5968
98.9181
98.3400
96.3429
95.0338
96.3429
95.8734
95.4993
93.8336
94.1093
93.3760
95.0338
92.4671
91.8359
90.5860
91.1197
89.6152
89.0899
88.8283
87.9616
88.4807
87.7031
86.5063
87.1883
86.5913
84.2407
84.5728
84.2407
83.6622
83.0056
81.7870
82.4349
81.8677
81.1437
79.4765
80.4254
78.9275
79.0840
78.2266
77.9169
76.0052
76.6124
77.1472
74.9524
76.3842
75.2519
75.1020
74.2081
74.0601
72.8843
72.7384
73.3967
73.3233
73.8384
73.8384
75.1020
75.1020
76.6124
78.7713
78.4596
80.2665
81.0636
81.7870
82.7606
84.0750
83.8271
84.9062
85.9980
86.7615
88.0479
88.3073
89.8790
90.6748
91.9258
93.1935
93.9254
95.0338
95.6862
96.6258
97.7653
98.3400
99.6941
100.5744
101.5617
101.8597
103.7682
103.7682
106.2311
106.8562
107.8009
108.6479
109.3948
111.1220
111.5583
112.7675
110.6876
114.8889
115.2277
115.0017
116.5937
118.4424
119.1438
119.1438
119.4961
121.9950
122.7194
123.2050
124.3053
123.5706
126.9155
129.7159
127.1673
128.6897
130.8816
130.8816
131.4035
132.5864
132.7185
133.2488
134.4506
135.8006
135.8007
136.3450
136.8919
139.1051
139.5246
141.5023
141.3599
141.2177
142.3599
144.2390
145.2630
146.1476
144.0934
148.6888
149.4462
148.8399
150.6678
151.2831
152.5227
152.3671
152.6785
154.4053
154.0896
155.5165
155.0391
155.9957
157.9306
157.9306
160.2253
158.5821
159.5656
160.8884
162.8983
163.7449
163.7449
163.0672
159.0729
167.8858
167.0125
169.2952
170.0054
171.9780
168.9414
169.4723
171.9780
171.9780
171.6172
171.4371
177.1318
176.9444
177.1318
171.9780
179.5916
179.5916
178.4509
182.2899
180.5493
182.8749
182.0955
182.8749
184.0522
183.8553
186.2362
185.2394
185.6373
188.2511
188.0484
188.6575
188.0484
187.0388
188.8611
191.1200
192.9946
193.4145
192.1585
191.7422
193.6249
193.2044
194.4695
195.9593
196.6024
195.5321
197.2483
194.8936
196.8174
200.5204
201.4052
197.0326
202.5185
201.4051
203.4151
202.7421
203.4151
204.9970
204.0910
204.5434
209.3750
206.3660
206.5954
205.4520
208.2107
207.5164
207.7475
208.4429
210.5481
211.7301
213.1604
214.1214
211.4929
212.2054
208.2108
211.9676
213.4002
213.6402
215.8172
214.6040
213.1605
215.0881
218.0246
216.3051
216.3051
219.0156
219.0155
218.0246
221.0163
220.0128
218.5193
221.7730
221.2681
223.0421
222.7875
223.8085
224.0648
221.2681
225.3522
222.5332
228.7477
223.5527
224.3215
227.6954
224.5785
226.6498
230.3388
227.4333
228.4839
231.1402
228.4839
228.7477
228.4839
227.1717
234.3850
230.3388
223.8085
233.5678
231.9455
233.2963
232.4845
232.7547
233.5678
235.2062
234.6583
234.3850
232.4845
232.4845
236.3073
240.5019
235.4808
237.9727
236.5838
237.6940
239.0921
237.6940
241.3534
234.9320
242.2092
240.5019
245.9678
243.9337
237.1379
241.6382
244.2228
240.5019
247.1409
241.9235
246.5534
243.0693
245.3842
246.8468
246.5534
250.7085
246.2603
243.3569
247.7305
243.9337
245.6758
244.5125
245.3842
246.2603
249.8098
245.0931
248.9156
248.6186
251.6119
249.5112
252.2168
247.1409
250.1088
245.9678
255.5810
248.9156
248.9156
248.6185
248.9156
254.9645
254.9645
254.3502
255.2725
257.4433
251.9140
254.0439
254.0438
251.0091
253.1279
254.3502
255.8900
257.7556
254.9645
256.8203
251.3103
254.6571
257.1316
261.8654
264.1177
260.5908
253.7380
253.1279
263.7942
263.7942
254.0439
255.5809
263.7942
258.6956
266.3983
263.1490
255.8900
261.2270
260.5908
262.1855
259.6407
267.3844
266.0707
258.6956
259.6407
258.6956
261.2269
262.8272
260.5908
260.9086
266.3983
266.0707
263.4713
266.3983
262.8272
273.4146
263.1490
263.4713
265.0916
268.3759
265.7437
265.4174
265.4174
264.4417
265.7437
265.7437
268.3759
267.3844
270.7103
267.0550
270.3750
268.0448
266.7264
259.9568
265.7437
268.7076
266.0707
270.3750
270.0403
271.3827
268.7075
272.3959
268.3759
271.0462
267.0550
269.3727
271.0462
271.7198
270.3750
272.0576
271.7198
268.3759
274.0969
271.0462
272.7348
275.8135
274.7816
272.3959
273.0744
275.8135
269.3727
274.4389
273.7554
270.0403
274.4389
271.7198
275.1249
273.0744
272.0576
278.2433
273.0744
272.3958
276.8510
273.0744
287.5506
275.8135
277.5459
276.1587
274.4389
275.4689
275.1249
265.0916
277.1982
277.8943
278.9434
270.7102
277.5458
274.0968
277.8943
279.9983
277.5458
278.9433
298.0998
276.1586
279.6460
276.5045
276.8510
281.4140
279.6460
278.2433
283.1986
280.3512
278.5930
279.6460
279.6460
281.0591
280.7049
277.8943
276.1587
281.7696
281.7696
283.5576
280.7048
281.0591
283.1986
279.2943
279.6460
284.6384
281.0591
279.2943
282.1259
281.7696
283.1986
283.5575
287.9177
285.0001
281.4140
279.9983
284.2774
287.1842
278.5930
281.7696
284.2774
286.4534
285.7253
284.2775
283.5576
285.3623
284.6384
285.7253
287.9177
285.7253
285.7253
287.5506
284.2775
282.4828
285.7253
283.9172
286.4533
285.7253
288.6541
285.7253
286.0890
282.8404
288.6541
286.4534
283.1987
281.0591
288.6540
287.1842
287.5505
289.3932
290.8799
290.5071
281.0591
286.4534
290.8799
288.2855
286.0890
293.1314
281.0591
286.8184
291.6276
288.6540
286.0890
287.5506
285.7253
287.5506
285.7253
289.3932
289.0233
290.1351
289.7638
294.2670
285.0000
293.5092
288.2855
288.2855
289.3931
292.3781
289.0232
290.5071
289.7638
290.8799
290.5072
293.5092
288.6540
288.6540
291.2533
288.2855
292.0024
287.9177
293.5092
294.6469
292.3781
291.6275
290.8799
292.7544
291.2534
288.6541
286.4534
287.9177
288.6540
286.4533
289.7638
288.6541
286.0890
286.8184
292.3781
289.0233
292.7544
288.2855
287.1841
286.8184
286.4533
289.7638
289.7638
284.2774
286.0890
287.1841
286.8184
287.9177
289.0232
286.8184
285.0000
284.2775
289.7638
288.6540
308.0163
281.0591
282.1259
289.3932
286.0890
287.5506
284.6384
287.9177
282.8404
280.7048
286.0890
283.1987
284.2774
283.1986
282.8404
283.9172
281.7696
272.0575
285.7253
278.5930
282.8404
283.1986
281.7696
286.0890
282.8404
280.3512
280.7048
283.5576
279.2944
282.1259
282.8404
276.8510
283.5576
281.4140
278.9434
280.7048
279.9983
283.1986
282.1259
279.9983
280.3513
292.0024
281.0591
280.7048
278.9433
282.4828
279.2943
276.8510
280.7048
276.8510
276.8510
278.5930
278.9434
282.8404
278.2433
276.1587
275.1249
277.5459
273.4146
275.8135
275.4688
277.1982
270.7103
275.8135
272.7348
273.0744
275.4688
272.0575
271.3827
272.7348
272.7348
270.7103
275.8135
267.0550
272.7348
268.3758
268.3759
273.0744
261.2269
271.7198
273.0744
270.3750
271.3827
271.3827
270.7103
270.0403
269.7062
270.0403
269.7062
271.0461
266.7263
274.0969
268.0448
268.3759
266.7263
269.0399
268.3759
265.7437
270.7103
265.4174
266.7264
273.7554
261.5459
265.0916
269.0398
265.0916
266.7264
260.2736
265.7437
264.4418
271.0462
259.6407
261.2269
262.5061
263.7942
265.4174
261.2270
265.0916
261.2270
261.5459
260.5908
263.1490
256.1996
259.0102
259.3251
261.2270
260.2735
261.5459
260.2736
261.5459
261.8654
262.5060
259.3251
261.2270
257.7556
255.2724
258.3818
259.0102
260.2736
259.0101
253.7380
261.2270
251.0091
255.2725
256.1996
252.5199
251.0091
257.1316
252.5199
252.2168
253.7380
254.3502
251.3102
252.8237
256.5097
250.1088
250.4084
246.5533
248.6186
249.2132
252.2168
248.6185
251.0091
248.3220
251.0091
246.5533
252.5199
246.2603
248.6186
248.0260
243.6451
248.9156
245.0931
247.1409
244.5125
244.8026
244.8025
246.5533
245.9678
244.5125
242.2092
243.6451
243.3569
241.0691
236.0313
240.7853
242.4954
240.2190
240.7853
240.5019
238.5315
240.5019
239.9366
239.6547
237.6940
239.0921
233.5678
237.9727
234.1121
239.3732
236.3073
233.5678
230.6055
233.2964
234.3849
234.9320
235.2061
233.8398
233.8398
232.7547
235.7559
230.8726
230.8726
228.2207
229.0117
230.8726
228.2206
229.8067
229.2763
227.1717
225.8700
227.4333
228.7476
220.0128
224.5785
224.5785
228.2207
223.8085
220.2630
222.5333
223.5527
223.0421
222.2795
222.0260
221.2681
223.0422
231.6766
223.0422
219.5134
221.2681
224.8360
224.0648
218.0246
216.0609
215.5738
216.5495
217.0397
216.5495
216.5496
217.7778
216.3051
213.4001
215.3308
214.1214
217.0397
212.9211
209.3750
210.0778
211.9676
210.7837
209.1415
208.6754
210.5481
210.5481
205.9083
208.4429
208.4429
207.5164
205.2243
206.1371
207.9790
203.1904
202.5185
203.1904
207.2856
198.9845
199.6408
199.8602
199.4217
200.3000
199.2029
197.6804
198.1139
197.2483
197.6804
194.8936
195.3189
194.6814
197.6804
193.2044
194.0466
192.5760
193.4145
190.5004
190.9132
191.5345
188.4541
190.7067
187.2402
190.2945
185.0408
187.0388
185.6373
183.4623
176.7572
188.6575
184.6445
183.8553
183.8553
183.4623
183.0704
182.8749
179.7826
177.3194
179.5916
181.3203
180.3573
172.3398
170.8985
170.5405
171.2573
176.5703
171.6172
171.0778
171.4371
170.7194
170.3619
169.6498
170.3619
170.8985
167.7107
169.1182
167.3611
165.1109
164.0851
165.2827
163.9149
163.0672
163.2363
162.5612
163.7449
161.8895
159.7302
160.0600
158.2560
157.4441
158.4189
157.4442
155.0391
153.3037
154.4053
152.3671
152.8345
150.3613
151.1290
151.4374
148.2365
149.4462
147.4864
147.3369
147.0385
146.5922
145.4100
146.2956
145.5571
141.7874
141.3599
142.5034
142.6470
140.6507
140.5094
139.2448
139.3846
139.3846
139.2448
137.8551
137.0291
137.5791
133.2488
133.6480
131.1422
132.7185
134.3165
132.1907
130.7515
130.1032
129.4585
128.8174
127.6725
126.2886
126.5389
126.4137
124.9213
125.0450
124.1825
124.5514
122.5983
121.8747
122.3566
121.9950
119.7317
119.0266
121.1558
120.0860
117.6297
116.0224
115.9085
115.5676
115.6811
115.2277
112.6570
112.6570
111.4491
111.4491
111.0133
108.2235
110.2549
109.6091
109.3948
108.6479
106.4390
107.6955
106.6474
104.4805
105.1977
104.7872
102.7593
104.1746
101.1656
101.0668
101.3634
100.5744
101.4625
98.7250
97.4792
97.5745
97.0990
95.4060
93.9254
94.6629
94.0173
94.5704
92.8296
93.5588
91.8359
92.0159
90.4973
90.7636
89.7031
89.6152
88.7413
87.9616
86.0825
87.1028
87.3596
85.8292
85.3246
84.8228
85.4925
83.4976
82.9239
81.9485
81.3041
81.4648
81.0636
81.5452
79.7127
79.4764
78.1491
77.9169
78.0716
77.3006
76.4602
76.0808
75.4772
75.4772
74.8777
74.2823
73.3233
74.0601
72.8113
73.0304
73.4702
71.7963
71.9406
71.2933
71.0786
70.4378
