67.0313
67.9906
69.1704
69.6610
69.5908
71.5804
73.4702
74.2823
74.9524
75.4772
76.6124
77.9169
79.4764
79.3978
74.2823
81.6257
82.6791
83.9097
85.4925
86.0825
87.1028
86.6763
88.6544
88.9155
90.0553
91.2089
91.9259
92.2863
95.2197
97.0990
96.0609
96.9094
98.1481
99.3053
99.7915
102.0589
101.3634
101.3634
102.8597
104.3784
104.9923
106.6474
106.5432
109.5019
109.7165
110.0392
110.6876
111.6677
112.9888
113.7671
114.5511
116.2506
116.3649
117.8613
118.4424
120.4414
119.7317
121.9950
122.9619
122.5983
123.8150
123.9374
125.5408
126.2886
128.6897
127.2934
129.9740
127.6725
130.3621
132.0592
131.7964
132.8509
134.1825
134.7194
139.5246
133.7814
137.3038
138.6870
139.5246
139.1050
141.5023
142.9350
141.9303
143.0791
143.8028
146.7408
149.1427
145.9997
147.9359
150.0555
148.6888
148.8399
149.2944
150.3613
152.8345
151.2831
155.3571
157.7682
155.0391
156.9595
156.7984
156.3161
159.8950
159.8950
160.2253
160.8885
162.2249
160.3908
169.4724
164.0851
166.1448
165.6268
165.4547
168.7649
170.8985
171.0778
171.2573
170.7194
172.1588
171.9780
171.4371
167.5358
171.9780
177.3195
176.7572
180.7417
178.0727
177.1318
177.8840
180.9343
182.4846
180.9343
183.2663
180.5494
182.0954
182.6796
183.2663
186.4365
185.0408
184.2494
188.6575
185.4382
187.8459
188.4542
189.8835
191.3271
192.9947
194.8936
190.2945
193.8356
193.4145
195.5321
194.6814
194.8936
194.4695
194.2579
195.5321
198.1139
198.1138
199.8602
204.0910
198.1138
200.3000
200.3000
202.9661
202.5185
202.5185
200.9621
204.9970
205.2243
204.9970
207.0552
205.6800
207.5164
208.2107
208.9083
207.9789
208.9083
207.7475
208.4429
219.0156
190.0889
207.5164
210.0778
211.9676
213.4002
214.6040
215.0881
215.3308
215.0881
211.0198
217.5314
218.0246
218.2718
219.7629
217.0397
218.2717
217.7778
216.3050
212.6822
220.7648
218.2717
223.0421
222.7876
224.8360
221.7729
223.8085
223.8085
223.0422
224.0648
225.3521
224.0648
227.1717
228.2206
229.2763
228.4839
230.8726
230.8726
231.4081
225.3522
228.4839
230.6055
230.3388
231.4081
235.7559
232.2148
233.0253
231.1402
233.8398
233.8398
233.8398
232.4845
234.1122
236.5838
234.6583
236.0314
239.9366
235.4808
234.6583
240.7853
239.0922
241.0691
237.4158
243.0693
240.7853
241.6382
244.5124
241.0691
238.2518
236.8606
241.3534
242.2092
240.2190
241.6382
242.4954
245.3842
241.3534
242.2092
245.3842
236.5837
244.5125
245.3842
248.0260
247.1409
242.7821
245.6758
249.2132
246.2603
260.2736
245.6758
246.8469
250.4084
245.0931
249.2131
243.9337
251.3102
250.4084
249.2131
249.5112
252.2168
254.3502
257.4433
244.8025
247.4354
252.5199
254.0438
256.1996
256.1996
250.7085
250.1088
246.8468
255.5810
265.0916
257.4433
253.7380
257.7555
249.5112
254.3502
256.1996
259.9569
257.1316
257.4432
258.6957
245.3842
259.6408
263.7942
259.0101
258.6956
258.6957
258.3818
259.9568
259.6408
261.2270
257.4433
260.9086
263.4713
258.6956
257.4433
262.5061
261.8654
261.5459
262.5061
263.7942
263.4713
265.4174
263.4713
259.3252
259.6407
265.0916
266.0707
262.5060
265.7437
266.3983
276.5045
266.0706
267.0550
266.0707
268.7075
268.7075
265.4173
264.7663
269.3727
274.0969
266.3982
274.7816
272.3959
271.7198
268.7076
274.4389
271.3827
283.1986
267.7142
269.3727
272.3958
270.0403
270.0403
273.0744
273.4146
273.0744
272.3958
279.9983
271.0462
272.0576
268.7076
271.3827
272.0575
274.0969
273.0744
271.0462
274.7816
272.7348
275.8135
275.8135
274.4389
275.1249
276.1587
272.7348
276.1586
277.8943
276.1587
277.5458
278.5930
275.1249
275.8134
273.7554
277.1981
276.5045
275.8135
278.2433
280.7049
285.0001
273.7554
277.1981
277.1981
297.3273
269.7062
280.3512
277.5458
281.0591
281.4140
275.1249
281.4140
279.6460
283.1986
281.7696
280.3512
282.8404
293.1314
280.3512
285.0001
281.0591
282.8404
279.9983
281.0591
283.5576
282.4827
282.8404
288.2855
288.2855
282.4828
288.6541
285.0001
287.1842
281.7696
286.0890
283.5576
287.9177
285.7253
283.5576
286.0890
285.3623
279.9983
282.8404
280.7049
285.3623
285.3623
290.5071
285.7253
285.3624
285.3623
287.9177
263.1490
287.5505
287.1841
285.7253
289.3931
290.5071
286.0890
283.5576
290.1351
283.1987
289.0232
291.6276
288.2855
289.0232
288.2855
286.4533
294.2670
292.7544
290.1351
288.6541
290.8799
289.7638
288.6541
294.6469
289.7638
290.8799
289.3931
287.1841
290.1351
292.0024
305.1903
295.0276
308.8310
290.1351
292.3780
294.2670
290.5071
296.5578
298.8754
292.0024
292.0024
294.2669
293.5092
285.7253
294.6469
295.4091
272.3959
294.2669
293.5092
293.1314
295.4090
296.1741
297.7132
295.4091
272.7348
295.0276
295.4090
305.1903
295.0276
294.2670
294.6469
293.1314
294.2669
294.6469
293.8877
295.0276
292.3780
294.2670
293.5092
300.8275
293.8877
293.5092
295.4091
297.7132
296.1741
297.7133
295.7912
292.0024
299.2644
292.3780
296.1741
295.7912
293.5092
294.6469
294.2670
298.4873
298.8754
295.4090
293.8877
297.7132
296.5578
300.8275
294.2669
297.7133
299.6540
296.1741
300.4357
303.9911
299.2643
301.2203
298.0999
298.8754
303.5929
295.4091
297.7132
300.4357
298.0999
300.4357
310.8820
292.7544
300.0444
300.0444
302.4031
303.9911
312.5378
317.5860
304.7897
303.5929
293.1314
300.0444
300.0444
306.3966
303.1955
304.3900
301.2203
298.4873
298.8754
300.8276
305.9937
337.6700
306.3966
301.6138
301.6138
305.9937
306.8004
334.4200
298.4873
305.9937
304.3900
305.1903
305.1902
305.1902
304.3900
303.1955
300.0444
302.7990
304.7898
300.0444
303.9910
306.3966
302.4031
303.9910
305.5916
302.7989
302.0080
306.8004
304.7897
304.3900
307.6101
304.7898
305.9937
305.9937
305.1903
304.7897
307.2048
306.3966
302.4031
302.7989
303.5929
300.4357
306.8004
304.3900
304.7897
303.5929
305.1902
308.8310
312.1226
312.9538
305.9937
304.3900
305.5916
308.0163
304.3900
303.1955
302.7989
306.3966
302.0080
310.8820
305.5916
304.3900
298.0999
307.2048
311.7083
305.9937
305.5916
310.8820
306.3966
307.2048
307.2048
306.3966
305.1902
303.9910
308.0163
302.4031
313.7883
307.6101
311.2947
306.8003
308.0163
317.1606
306.8004
307.2048
304.7897
311.7083
309.6490
309.6490
312.5378
308.0163
308.4232
309.6489
306.3966
310.8820
310.4702
305.9937
305.1902
306.8003
307.2049
306.3966
310.8820
304.7897
304.3900
305.9937
307.6102
309.6489
307.2048
307.6102
309.6489
308.8310
305.9937
310.4701
305.1902
305.1902
312.9538
316.3124
316.7361
308.8310
312.5378
304.3900
309.6490
304.7897
309.2396
308.0163
311.2947
312.1226
311.2947
309.6490
305.9937
310.0591
308.0163
305.5916
309.6489
308.0163
312.5378
310.4701
311.2947
312.1226
309.6490
307.6102
314.6263
308.8310
311.7083
317.5861
313.3706
310.8820
308.0163
311.2947
312.1226
310.4701
309.2396
312.5378
307.2049
318.8675
308.0163
309.6489
306.3966
311.2947
310.0592
312.9538
313.7883
316.7361
312.1226
309.6490
308.4232
310.8820
315.4676
307.2048
309.2395
313.7883
311.2947
310.0592
307.2049
308.4232
315.8896
310.4701
312.9538
323.1961
315.0465
311.2947
309.2396
307.6101
316.7361
310.8820
307.2048
310.4701
312.1226
318.0122
319.2963
315.8896
311.2947
318.0122
315.0465
309.6490
310.8820
310.8820
312.1226
319.2963
312.1226
318.8674
318.4394
308.8310
308.4232
318.8674
311.2947
312.9538
308.0163
316.3124
315.0465
315.4677
307.2048
323.6340
310.4701
310.8820
307.6101
333.0417
328.0623
317.1606
312.1226
314.6263
317.5861
308.8310
312.5378
320.5883
318.0123
317.1606
316.7361
318.8675
311.2947
318.0122
315.0465
318.4394
318.8674
312.5378
316.7361
312.9538
312.5378
308.8310
316.7361
318.0123
319.2963
317.1606
318.0122
316.7361
310.8820
311.2947
307.6101
316.7361
317.1606
312.1226
312.5378
312.5378
312.5378
318.8675
317.5860
319.7260
318.0122
318.0122
318.0122
316.7361
317.1606
317.5860
319.7260
319.2963
317.5860
312.1226
317.1606
312.5378
318.0122
319.2963
319.7261
320.1567
323.6339
321.4539
309.6489
320.1567
318.8675
306.8003
317.5860
316.3124
318.0122
316.3124
314.6263
310.0591
312.1226
312.1226
315.8896
318.4395
311.2947
312.1226
318.4395
281.4140
308.0163
310.4701
318.0123
315.0465
317.1606
318.0123
318.4395
317.5860
314.2069
315.4677
308.4232
311.2947
321.8882
319.2963
318.4394
310.8820
311.2947
317.1606
318.4394
321.0206
320.5883
318.8675
319.7261
319.7261
311.2947
312.9538
326.2799
318.4394
322.3233
311.2947
314.2069
312.1226
311.2947
317.5860
317.5860
310.4702
326.7242
316.7361
322.7592
318.0122
318.0122
319.7261
326.7242
320.1567
310.4701
318.4394
323.6339
311.2947
301.6138
310.8820
315.8896
321.4539
318.8674
312.1226
317.1606
324.0726
324.9529
324.9528
313.3707
320.5883
317.1606
324.5122
317.1606
330.7640
318.0122
318.4395
319.7260
309.2395
314.6263
325.8366
322.3233
319.2963
318.0123
319.2963
319.7261
316.7361
318.0122
305.9937
318.8674
319.2963
318.8675
319.2963
320.5882
319.7261
316.3124
319.2963
323.1962
325.3942
319.7261
317.5860
324.5122
320.1567
324.0727
326.7241
320.5882
327.6153
328.9591
328.5102
328.0623
318.4395
312.1226
320.1567
319.2963
319.2963
319.2963
309.6489
319.2963
318.4395
325.3943
317.5860
321.4540
304.7898
323.1961
320.1567
319.7261
318.4394
331.6723
319.2963
316.7361
333.0418
324.0726
320.5883
324.0727
324.5123
305.1902
319.7261
321.0207
318.0122
324.9529
315.8896
319.2963
323.1962
319.7260
320.1567
310.0592
322.7592
330.7640
316.7361
295.7912
352.6682
317.5860
326.2799
328.9591
319.2963
317.5860
317.5860
325.8366
322.7593
319.2963
307.6101
321.8882
324.5122
328.9591
320.1567
324.0727
321.4539
321.4539
310.8820
323.6340
322.7593
321.4540
321.4540
310.4701
324.0727
312.9538
309.6489
324.5123
324.0727
319.2963
332.1279
334.4200
322.7593
318.0122
317.5860
324.0727
310.8820
321.8882
321.8882
319.7261
321.4539
324.0727
324.5123
326.2799
322.3233
326.2799
324.5123
321.0207
318.4394
316.7361
325.8366
324.5123
330.3114
327.6153
325.3943
317.5860
323.1962
324.0726
324.5123
340.0215
333.9596
321.8882
326.7242
322.7592
320.5882
319.2963
322.3233
321.0206
325.8366
325.8366
328.5102
322.3232
326.7242
318.8674
320.1567
317.1606
329.4089
321.8882
318.4394
321.8882
325.8366
326.7242
324.9528
324.9528
323.6340
327.1693
321.4540
321.4539
324.5122
318.0122
324.0726
319.7260
318.0122
318.0123
324.0727
327.6153
318.8674
320.5883
332.5844
324.9529
324.5122
324.0726
325.8366
322.3232
320.5883
325.8366
320.1567
327.6153
317.5860
321.0207
321.0206
322.7592
328.0623
325.3943
326.7241
320.1567
322.3233
328.0623
327.1693
320.5883
317.1606
321.4540
328.5103
326.7242
327.1692
320.5882
321.4540
327.6153
321.0206
329.8596
323.6340
318.8674
321.8882
320.5882
321.0207
325.8366
321.8882
318.8675
324.5122
325.3942
323.6340
323.1962
323.1961
324.0726
330.7640
327.6153
321.8882
328.5103
325.8366
326.7242
331.2177
321.4539
324.9528
325.3943
327.6153
324.9529
325.8366
327.1692
325.8366
321.0207
325.8366
347.7189
328.5103
322.7592
331.6723
356.1982
325.3942
327.6153
319.7261
325.8366
321.0206
323.1962
319.7260
324.5122
319.7260
324.9528
325.3943
322.3232
327.1693
322.7592
320.5882
322.7592
327.1692
325.8366
328.9591
325.3943
325.8366
319.7261
327.1692
323.6339
326.7242
326.2799
327.1693
320.5882
324.5122
327.1693
322.3232
327.1693
320.5882
325.3942
325.3942
334.4200
321.8882
326.2799
322.7593
326.2799
328.5102
322.3232
334.8813
282.4828
324.0727
326.7242
324.0727
324.0726
327.1693
322.7592
328.9591
312.9538
322.3233
325.8366
324.5122
331.2177
327.1693
324.9528
322.3232
323.6339
328.9591
326.7241
327.6153
325.8366
327.1692
323.6340
322.3232
326.2799
328.9591
322.3232
343.8369
319.7260
324.0727
325.8366
351.1720
320.1567
324.0727
324.5122
327.6153
329.4089
327.1693
326.7241
327.6153
327.6153
328.9591
332.5843
328.5103
324.0727
324.5123
328.5103
320.5882
326.2799
326.7241
326.7242
325.8366
332.1279
324.0726
325.8366
329.4089
327.6153
329.4090
323.6339
332.1278
343.3562
325.8366
323.1961
324.0726
329.4089
328.9591
355.1839
328.0623
329.8596
332.1279
328.5103
340.9692
326.7241
329.8598
325.3942
328.0623
330.7640
319.2963
326.2799
322.3233
331.2177
316.7361
327.6153
331.2177
332.5844
324.0727
328.0623
331.2178
324.5122
325.3943
325.3942
326.7242
328.0623
327.1692
325.3942
327.1693
326.2799
328.5103
328.0623
330.3114
322.7592
325.3942
324.0726
332.1279
329.4089
327.1693
327.6153
326.2799
328.0623
322.3233
325.8366
321.8882
328.5103
328.0623
319.7260
324.5123
329.4089
322.3233
319.2963
327.1693
324.9529
330.3115
325.8366
340.9692
323.1961
325.8366
326.2799
319.2963
324.0727
326.7242
323.1962
328.5103
324.0726
325.8366
333.5002
325.3943
329.8596
326.7241
328.0623
328.5102
325.8366
331.2178
331.2177
320.1567
328.9591
328.0624
325.8366
329.8597
330.3115
324.0726
328.9591
325.3942
329.8597
326.7242
328.5102
324.0727
319.2963
329.4089
326.2799
329.4090
333.9596
333.9596
337.2028
329.4089
331.2177
356.1982
330.3114
324.0726
326.7242
327.1693
331.6722
328.9591
330.7640
325.3943
324.9528
324.9528
325.3942
327.6153
322.3232
326.2799
302.4031
327.6153
325.8366
325.8366
328.5103
332.1278
330.7641
327.6153
330.7641
317.5860
330.3114
329.4089
323.1962
316.7361
328.0623
331.6723
329.8597
331.6723
312.1226
329.8598
324.0727
326.7241
330.7640
328.5102
318.0122
325.8366
332.1278
324.9528
331.6722
323.1961
324.9528
329.4089
327.6153
332.1279
324.9528
326.7241
322.3233
329.4089
324.5122
331.2177
328.5103
324.5122
333.9596
325.3942
329.4090
326.2799
331.6723
326.7242
329.8598
326.7242
326.7242
347.2299
329.8597
325.3943
329.4089
320.1567
331.2177
327.1692
323.1961
331.6724
328.5102
326.7241
326.7242
331.6723
327.6153
326.7241
331.2177
330.3114
332.1278
328.0623
327.1692
327.1693
335.3437
328.9591
328.5103
327.6153
328.9591
328.0623
324.5123
332.5843
329.4089
331.6723
326.2799
328.9592
328.9591
324.5122
333.5002
329.4089
330.3115
328.0623
333.9596
328.5102
359.2679
333.5001
334.8813
324.9529
329.8598
328.5103
333.0418
330.3114
327.6153
332.1278
324.9528
327.6153
323.1962
329.4089
336.7365
334.4200
324.0726
326.2799
325.8366
330.3115
329.4089
331.2178
328.0623
332.1279
330.7640
329.8596
330.3114
325.8366
331.2177
330.3115
327.6153
327.6153
329.4089
331.2177
325.3942
331.2178
327.1692
330.7640
328.9591
328.9591
328.9591
332.1278
331.6723
332.5843
305.9937
330.3114
341.9210
331.2177
329.8597
332.5843
326.7242
327.6153
327.1693
328.5102
328.0623
334.4200
330.3114
325.8366
330.3115
325.3942
331.6724
331.2178
343.3563
329.8597
328.0623
333.0418
328.9591
335.8069
329.4089
329.4090
332.1278
332.5843
339.5492
324.0726
326.2799
327.1693
287.5506
329.8597
331.2177
329.4089
331.6723
332.5843
327.1693
327.6153
327.1692
332.5843
324.5122
324.5122
333.0418
327.6153
328.9591
325.8366
332.5843
327.6153
331.6723
329.4089
318.0122
326.7242
326.7241
334.8813
324.9528
319.2963
331.6723
334.8813
330.3114
331.2177
324.9529
328.5103
331.2178
331.2177
327.6153
330.7641
334.4200
327.6153
328.9591
327.6153
325.3943
331.6724
324.9528
333.5002
329.4090
333.0417
331.2177
324.5123
325.3943
337.2028
327.1692
334.4200
331.6724
331.2177
324.9529
329.4089
329.8597
321.8882
325.3943
331.2177
327.1692
328.9591
326.2799
329.4089
331.6724
324.9529
331.2177
323.6339
331.6724
322.3232
324.5122
327.1693
384.2507
320.1567
332.5843
327.1693
332.5844
325.8366
330.3115
330.7640
330.7640
327.6153
328.0623
325.8366
328.5103
324.5122
298.0999
329.4089
328.0624
331.6724
320.5882
328.5102
320.1567
326.2799
329.4089
332.5844
321.8882
326.2799
331.2177
325.8366
318.8675
328.9591
333.5002
331.2177
331.2177
332.5843
324.9528
330.7640
320.5882
324.5123
329.8597
311.2947
327.6153
328.5103
327.6153
331.2178
328.9591
326.2799
329.4089
329.4090
327.6153
329.4089
334.4200
327.6153
328.5103
333.0418
327.6153
324.9528
328.0623
321.4540
321.8882
327.1693
329.4089
328.0623
299.2644
327.6153
319.2963
327.1693
328.9591
331.6723
333.5002
327.1693
322.3232
335.3435
328.0623
331.2177
331.2178
328.5103
323.1961
329.8597
325.3942
340.4948
327.1693
328.0623
321.4539
326.2799
337.6701
326.7242
328.9591
324.0726
326.7241
327.1693
328.0623
324.9528
326.2799
324.9528
328.5103
330.3115
321.0206
335.3437
336.2712
324.5122
347.2299
327.6153
323.6340
329.8597
328.0623
320.5882
327.1693
330.7640
306.8003
329.4089
334.4200
325.8366
333.9596
328.0623
322.7593
329.4089
318.8675
329.8598
324.9528
328.0623
331.2177
325.8366
330.3114
323.6339
323.6339
327.1692
322.7593
328.0623
324.5123
324.9528
324.9528
326.7242
322.7593
330.3114
323.6340
329.4089
328.5103
327.1693
322.3233
329.4089
326.7241
325.8366
324.0726
326.2799
328.0623
330.7640
322.3232
329.4089
308.4232
324.9528
327.6153
322.3233
322.3233
334.4200
330.3114
324.9528
328.9591
328.0623
328.0623
320.1567
325.3942
327.1693
325.3942
328.5102
326.2799
327.1692
328.5103
320.5883
328.0623
324.0727
330.3115
324.5122
325.8366
325.8366
330.7640
331.6722
326.2799
346.7419
328.5103
324.9528
326.7241
325.3943
324.9528
335.3437
328.9591
328.5103
321.4539
326.7242
325.8366
328.0623
325.3943
323.6339
320.1567
330.3114
320.5883
326.7242
327.1692
324.9529
329.4089
323.1961
327.6153
330.3114
328.5102
332.1278
329.4089
326.7242
325.3943
321.8882
333.9596
327.1693
325.3942
307.6102
325.3942
330.7640
324.9528
323.6340
327.6153
318.4395
324.0726
330.3114
328.0623
328.5102
325.8366
322.3233
321.4539
326.7241
329.8597
328.0623
325.8366
333.5002
327.6153
318.0122
324.0726
326.2799
327.1693
324.9528
320.1567
325.8366
323.1961
324.0726
318.4394
325.8366
322.3232
321.4539
324.5123
326.7242
324.0726
318.8674
321.0206
328.9591
320.5882
323.1961
329.4089
324.9529
327.6153
325.3942
324.9528
332.1278
324.5123
325.3942
320.5883
321.0206
328.0623
318.8674
328.0623
325.8366
324.9528
327.1693
325.3943
318.0122
322.3232
324.5122
321.8882
320.1567
325.3942
325.3943
327.6153
328.9591
327.1692
323.6339
325.8366
327.6153
324.5122
325.3943
326.2799
331.2177
327.1693
318.4394
324.0726
320.1567
325.3942
324.9529
329.4090
331.6723
333.5002
327.1693
324.5123
321.8882
319.2963
322.3233
323.6340
326.2799
325.8366
321.8882
319.7261
326.7242
321.0206
327.6153
324.9528
320.1567
325.3942
321.4539
328.9591
321.8882
308.8310
322.3233
320.1567
322.3233
325.8366
324.0727
328.0623
325.3942
319.7260
326.7241
320.5882
288.6540
327.6153
324.9528
321.0207
325.8366
319.2963
324.9529
324.9528
325.3942
328.5103
324.5123
326.7242
326.2799
325.8366
323.6340
322.7592
323.6340
320.1567
344.3184
325.8366
324.0726
318.8674
323.1962
321.4540
316.7361
320.1567
319.2963
319.7260
322.3233
310.4701
327.1693
326.2799
327.1693
321.8882
319.2963
324.0727
325.3943
324.9529
321.0207
321.8882
319.7261
341.9210
323.6340
326.7242
312.1226
322.7592
324.0727
331.2178
332.5843
325.3943
318.8674
313.3706
335.8069
329.4089
322.7592
330.7640
322.7593
321.4539
323.6340
318.4394
317.5860
319.7261
319.2963
321.4539
324.5122
329.8597
322.3232
321.4539
316.3124
312.5378
323.6340
317.5860
322.7593
327.6153
318.8674
319.2963
319.7260
320.5882
321.8882
324.5122
331.2177
320.1567
317.1606
321.8882
319.2963
325.8366
318.4394
316.3125
319.7261
323.1961
323.6340
330.3114
316.3124
322.7593
325.3942
327.6153
321.0206
354.6785
327.1693
318.8674
323.1962
319.7260
322.7592
315.8896
321.8882
324.0727
322.7592
318.0122
324.0726
320.5883
329.8597
318.8674
323.1961
307.6102
323.6339
317.5860
321.0206
324.0726
319.2963
323.6340
321.8882
325.3943
322.3233
319.2963
323.1962
342.8768
316.3124
318.0122
319.2963
322.3232
318.0122
312.9538
308.8310
312.1226
337.2028
324.0727
319.2963
320.1567
325.3943
324.9528
309.2395
321.0207
319.2963
309.6489
331.2177
324.0727
318.8674
317.5860
321.8882
320.1567
324.5122
321.4539
321.8882
319.2963
319.2963
318.8675
321.8882
326.7242
324.0727
317.1606
323.1962
320.1567
326.7242
323.1962
320.1567
321.4540
318.8674
318.4395
318.4394
318.4394
318.8675
322.3232
321.8882
322.3232
318.0123
311.2947
319.2963
312.5378
308.8310
320.5883
322.7593
317.5860
318.0122
321.8882
305.9937
319.2963
318.4394
317.1606
313.7883
319.7261
319.2963
332.5844
321.8882
334.4199
312.5378
314.2068
319.7261
318.4395
312.1226
321.4539
315.8896
324.0727
319.7261
319.7261
320.1567
319.2963
319.2963
317.5860
327.6153
318.0122
306.3966
324.0727
324.9529
323.6339
324.0727
317.1606
316.3124
318.8674
319.2963
309.2396
318.0122
318.8675
320.5883
318.0122
317.5860
311.2947
319.2963
318.4395
312.1226
319.7260
319.7261
319.2963
308.8310
320.1567
312.9538
310.8820
318.8674
312.9538
308.0163
315.0465
317.5860
310.8820
317.1606
320.5883
319.2963
311.2947
312.1226
316.7361
309.6489
319.7261
316.3124
318.8675
318.4394
320.1567
310.8820
318.4395
319.2963
318.4395
312.5378
310.0591
312.1226
310.0591
320.5883
318.4394
272.3959
312.1226
310.4701
320.1567
319.7261
315.8896
317.5860
315.4677
317.1606
312.5378
310.4701
316.7361
312.1226
312.5378
319.7261
320.5883
313.3706
306.8003
316.7361
308.0163
310.0591
313.3706
306.3966
310.0591
310.4701
308.8310
321.0207
317.5861
317.5860
317.1606
312.1226
310.4702
318.0122
305.1903
316.3124
308.4232
312.1226
312.1226
316.7361
317.1606
308.0163
305.9937
317.5861
312.5378
308.8310
312.1226
312.9538
310.0592
312.1226
301.6138
311.7082
317.5861
310.4702
307.6102
318.8675
312.9538
310.8820
316.7361
310.8820
310.0591
310.8820
317.1606
313.7883
318.0123
309.6489
312.5378
312.1226
313.7883
307.6101
312.1226
312.5378
312.1226
312.1226
316.7361
310.0592
308.4232
310.4701
315.4676
311.2947
311.7083
309.6489
315.8895
309.6489
307.2048
310.4702
309.2395
311.7083
308.8310
309.2395
310.8820
335.8069
310.4702
310.4701
308.8310
308.0163
332.5843
318.8674
309.6490
308.0163
312.5378
308.8310
310.0592
308.8310
308.4232
310.0591
312.1226
319.7261
306.8003
309.6489
309.2395
308.0163
313.7883
308.0163
307.2049
307.2048
309.2395
305.9937
306.3966
306.8004
306.8004
304.7897
318.0122
310.4702
333.9596
302.4031
306.8003
308.8310
308.8310
312.1226
308.8310
334.8813
306.3966
303.5929
304.7897
305.5916
304.7897
306.3966
303.5929
306.3966
307.6102
307.2048
285.7253
308.0163
307.6102
310.0592
305.1902
305.9937
302.0081
305.1902
307.6102
305.1902
302.4031
302.4031
284.6384
305.5916
304.7897
305.1902
301.2203
300.8276
308.0163
305.9937
306.8004
304.3900
305.9937
304.7897
304.7898
302.0081
321.4539
305.1902
305.1902
304.3900
305.9937
300.0444
300.4356
303.5929
303.9911
300.0445
297.7133
303.9911
305.5916
300.8276
303.9910
305.9937
295.0276
328.0623
300.0444
304.3900
301.6138
306.3966
303.9911
302.4031
303.1955
312.1226
300.0445
299.2644
302.4031
302.4031
299.2643
306.8004
305.5916
281.4140
305.9937
303.9911
298.4873
292.0024
298.4873
299.2643
297.3272
296.9422
296.5577
302.7989
300.0444
303.5929
296.9422
303.1955
302.0081
302.7990
299.2644
296.1741
310.4701
297.3273
296.1741
299.6540
298.4872
300.0444
308.0163
298.8755
302.7989
296.9421
301.6138
298.4873
298.8755
294.6469
298.0998
296.9422
295.7912
301.6138
292.7543
300.0445
295.4091
293.8877
297.3273
295.7912
300.4355
304.3900
294.6469
294.2669
298.0999
296.1741
298.0998
293.5092
295.0276
295.0276
295.0276
290.8799
298.4873
301.2203
286.0890
290.5071
296.9422
296.1741
296.1741
294.2670
294.6469
296.9422
291.2533
297.7132
296.5578
290.1351
292.7543
295.7912
292.7544
293.8877
290.5071
292.3780
296.9422
294.6469
293.5092
291.6275
282.4828
293.5092
282.1259
292.7544
292.0024
292.0024
293.5092
290.5071
291.6276
290.8799
290.1351
298.8754
292.7544
289.3932
287.9177
292.0024
289.0233
288.2855
290.5072
288.6540
293.5092
290.1351
285.7253
288.6541
288.6540
274.7816
286.8184
293.1314
281.7696
291.6276
287.5505
287.9177
287.9177
288.6541
287.5505
289.3932
285.7253
285.0000
288.6541
287.9177
286.4534
287.1842
285.3623
291.6275
284.6384
289.3932
284.2775
284.2774
275.8135
283.1987
283.9172
288.6540
281.0591
286.0890
283.5576
281.7696
283.1987
283.5576
286.8184
281.0592
284.2775
273.4146
285.7253
277.8943
285.3624
282.8404
290.1351
286.4534
283.1987
284.6384
281.0591
280.3512
266.3982
279.9983
276.8510
279.2943
280.7048
282.1259
281.0591
282.8404
278.2433
278.9433
279.2944
284.2775
281.7696
277.5458
277.1981
281.7696
277.5459
281.4140
278.5930
281.4140
276.8510
273.0744
277.5458
276.1586
279.2944
279.9983
274.0969
282.8404
274.7816
275.4688
276.5045
275.1249
273.0744
276.1587
275.8135
277.1982
270.7102
275.8135
272.7348
271.0462
273.4146
274.0968
276.8510
274.4389
275.1249
273.0744
271.0462
274.4389
275.1249
273.7554
272.0575
274.0969
271.7198
283.5575
276.5045
271.3827
269.0399
269.7062
268.0447
268.7075
269.3727
271.0462
267.0550
272.0576
270.0403
266.3983
269.7062
265.7437
269.0398
269.7062
271.3827
272.0576
267.7142
272.3958
268.0448
266.3982
269.0399
267.7143
266.3983
262.8272
270.7103
264.4417
264.4417
263.4713
266.0706
268.0447
267.0551
265.4174
263.1490
265.4173
264.1177
269.0398
262.8272
266.0707
269.3727
265.4173
266.3983
260.9086
259.3252
260.5908
262.8272
260.9086
259.9569
258.3817
252.8236
259.6407
260.9086
260.2736
261.5459
259.9569
258.6956
256.1996
255.5810
257.7556
258.0684
254.3502
256.5097
253.7380
257.1316
257.4433
254.3502
255.2725
270.7103
254.3502
257.7556
252.2168
254.0438
256.1996
257.7555
250.4084
252.2168
252.2167
252.2167
250.1088
251.3102
251.0091
254.9645
252.8236
251.0091
249.5112
247.7304
252.8237
245.3842
240.2190
254.0438
248.3220
247.1409
251.6119
252.8236
243.9337
249.8098
248.9156
246.2603
242.7821
245.3842
244.2229
243.0693
246.2603
244.8025
246.2603
243.9337
243.6451
240.7853
244.2229
243.9337
241.6382
240.7853
239.6546
242.4954
242.4954
242.4954
238.2518
241.3534
243.0693
242.4954
238.5315
240.7853
238.8116
236.5838
240.5019
235.7558
235.2062
236.3073
239.9366
234.9320
236.8606
233.0253
233.5679
235.2062
234.9320
233.8398
237.4157
231.9454
232.7547
235.7559
234.1122
221.2681
233.2963
232.4845
236.3073
230.3388
231.1402
228.4839
227.9577
227.6953
227.1717
228.2206
227.1717
228.2206
230.8726
228.4839
226.9105
226.6498
226.1295
227.4333
222.0260
224.0648
222.5332
224.8360
223.0422
225.6109
224.5785
222.5332
220.0128
222.7876
223.8085
221.5203
222.5333
220.7648
215.3308
224.3214
218.7672
219.5134
217.5314
215.0882
216.0609
220.0128
215.3308
212.9211
215.0881
215.5738
212.9212
214.8459
213.6401
221.2681
211.7301
210.7838
212.4436
211.0198
212.2054
210.5480
211.9676
209.8431
213.4001
208.9082
207.0552
207.2856
204.3170
204.7700
200.3000
204.0910
205.2243
205.9083
204.7700
204.7700
205.4520
205.4520
203.1904
199.8602
200.9621
201.6272
200.3000
202.2952
199.2029
197.0326
198.3310
200.7411
198.7663
196.6024
197.8970
195.5321
199.6408
194.8936
194.4695
197.0327
193.4145
192.9947
192.9947
192.5760
193.2045
194.2579
190.9132
192.1585
190.5005
190.2945
188.8611
191.3271
187.6437
187.0388
188.0484
181.5137
187.4418
187.2402
185.4382
185.6373
187.6437
183.2663
183.2662
180.3573
181.7073
181.5137
181.7073
178.2616
180.7417
184.4468
177.8840
179.4008
177.8840
171.4371
174.7149
171.9780
177.1318
171.9780
172.1588
171.2573
171.9780
171.0778
172.3398
171.6172
170.5405
171.2574
171.2573
170.1835
169.8275
168.0612
168.5887
166.8385
167.0125
167.3611
167.1867
164.9394
166.6647
166.1448
165.2827
167.0125
163.0672
161.7221
160.8884
160.3908
162.5612
159.5655
160.5565
159.4011
158.7455
158.2560
163.4056
158.7455
157.1208
155.8358
154.5634
151.9014
154.8803
153.6175
151.7465
153.3037
152.6785
151.5918
148.2365
148.9912
150.3613
148.6888
147.9359
147.1876
148.5379
147.1876
145.8520
145.4100
143.6577
143.2235
144.8231
143.5128
143.0792
139.8051
140.6507
139.8052
139.8052
139.9457
140.2272
139.1051
138.6870
138.8262
136.0725
135.1237
135.6650
136.8919
134.9888
135.2588
134.3165
134.0486
134.1825
132.4543
129.9740
131.4035
130.3621
131.4035
130.2325
128.5620
127.7991
128.6897
125.7895
127.6725
126.5389
126.4137
124.4283
125.4166
123.8150
123.8150
122.9619
122.1154
122.5983
121.0364
121.1558
119.8497
119.8497
118.4424
118.6757
117.6297
117.3986
117.1681
116.9380
120.4414
116.1365
115.1146
114.6636
114.4387
113.5441
114.3265
111.0132
111.6677
111.1221
109.9315
111.4491
108.5417
108.6479
108.3295
108.8608
106.4390
107.5902
105.5066
106.5432
105.5066
104.4805
104.7872
105.0949
102.5587
102.1587
101.9593
101.6609
99.6941
100.3781
98.6286
99.1115
98.0522
99.2084
98.9181
97.7653
96.4371
96.2489
96.5314
94.8482
95.4993
95.7797
93.5588
92.8296
92.5576
94.2935
92.1961
89.8790
91.1197
89.3522
89.4398
90.5860
94.1093
88.4807
89.2647
87.7892
87.7031
85.9980
85.9980
86.2518
86.5063
84.9062
84.7394
83.8271
84.3236
83.6622
83.6622
81.7063
82.3537
80.9836
81.1437
82.1914
80.0288
80.1080
80.7439
79.6339
78.9275
78.1491
78.0716
77.6082
77.7624
76.8412
76.1566
75.2519
75.9295
75.0272
74.2823
74.2823
74.2081
72.7384
72.9573
71.8684
72.2299
71.8684
71.4367
70.3669
70.9358
70.5798
69.5908
69.8722
67.9217
68.4051
68.2667
67.5096
67.4411
67.7154
68.1285
65.9483
67.0313
68.4051
64.9456
61.6254
65.2118
64.0864
64.3498
61.6254
61.3706
61.6254
61.8170
61.6254
61.4342
61.6254
60.4224
61.0533
60.4853
61.2436
61.0533
62.9114
63.8894
63.1060
64.4818
65.2118
65.4120
66.2852
67.3043
67.7841
69.4504
69.4504
69.8017
70.2960
73.0304
71.5804
74.0601
72.0851
74.4308
75.4772
75.7031
75.8540
77.9169
78.3819
79.5551
79.1624
80.5845
81.3041
81.4648
83.0056
82.7606
84.0750
84.7394
86.1671
86.8467
86.8467
89.4398
89.2647
89.9671
90.2318
91.4771
92.1059
92.4671
93.0114
94.4780
94.7555
95.5927
98.5323
97.9565
98.3400
99.8891
101.0668
101.5617
101.1656
101.5617
104.5826
104.4805
106.1273
107.8009
107.6955
109.7165
106.5432
108.1177
111.2310
110.1469
110.6876
112.8781
113.7671
115.0017
116.3649
116.1365
117.6297
119.1438
120.5602
118.9095
119.7317
121.1558
122.2359
121.7545
124.9214
122.4774
125.0450
124.7979
126.4137
127.2934
127.5460
129.4585
128.6897
130.4917
130.4917
131.9277
133.6480
133.9149
133.6480
136.3450
137.3038
134.9888
134.5849
137.7170
140.2272
139.1050
139.3846
140.3682
142.5034
143.6577
144.6768
143.2236
146.4438
147.9359
145.1162
148.9912
148.3871
149.5983
150.2083
152.0564
153.4605
155.0391
155.5165
155.6760
153.6175
157.2824
156.3161
156.6374
157.4441
159.7302
170.5405
160.0601
160.3908
162.3929
161.3880
163.5752
163.9149
163.7449
167.8858
164.9394
166.8385
166.4912
169.6498
165.2827
166.4911
168.7649
169.4724
171.4371
170.7194
171.9780
171.0778
171.7975
171.9780
176.3836
176.5703
178.6404
178.0727
178.8300
177.6956
177.1318
181.9012
178.8301
182.2899
182.2899
183.4623
182.0954
183.0704
186.6369
187.8459
186.0363
187.8459
189.8835
191.9502
186.6370
189.6785
189.2692
192.1585
192.3671
193.2045
194.4695
195.7455
193.6249
196.3877
198.1139
195.9593
197.2483
198.1139
197.6805
195.3190
200.5204
201.8495
201.1835
201.1835
201.1834
204.5433
203.4150
204.3170
207.0552
204.5434
201.6271
208.2108
206.3660
203.8653
205.4520
208.4429
208.6754
208.2108
209.8432
210.7837
210.5480
211.7301
213.8806
211.7301
216.7945
213.1604
216.3050
212.2054
216.0609
213.8806
216.5496
198.5485
215.3308
217.0397
216.0609
217.2854
217.7778
219.2643
218.0246
221.7730
216.7944
220.5137
221.7729
223.5527
224.5784
223.0421
223.0422
222.5333
223.0421
224.5785
213.1605
224.0648
228.4839
223.5527
226.6497
226.3894
227.9577
228.4839
232.4845
226.6498
229.8067
230.0725
223.0422
224.3215
232.7547
232.4845
230.0725
231.1402
234.1121
237.6940
231.9454
234.6583
235.2061
234.1122
234.1122
236.0314
234.3850
234.3850
237.6940
238.8116
238.5315
237.9727
237.1379
236.3073
240.5019
241.3534
241.9235
239.3732
240.5019
241.3534
249.2131
242.2092
239.6546
243.6451
241.3534
244.5125
239.6546
241.6382
243.3569
248.9156
245.0931
246.2603
245.3842
249.8098
248.6186
249.2131
247.7305
246.5534
246.2603
250.4084
247.4355
246.5534
244.2228
249.8098
259.3252
255.5810
252.5199
249.5112
251.6119
250.4084
251.3103
251.6119
254.0438
257.4433
254.6571
251.3103
255.5810
256.5097
249.8097
256.5097
253.1279
259.3251
257.1316
255.8900
255.2725
259.9569
259.9569
254.3502
259.3251
257.4433
260.5908
258.0684
258.6956
260.2736
256.8204
257.7556
257.4433
262.1855
262.5060
262.1855
277.1982
263.4713
263.7942
254.3503
264.7664
263.7942
266.0707
262.1854
262.8272
263.1490
266.0707
262.8272
265.0916
263.7942
263.4713
268.0448
264.4417
262.8272
273.0744
269.3727
265.4173
268.0447
265.7437
268.3759
262.5060
268.3758
268.7076
268.0448
270.7103
266.7263
271.7198
267.3844
271.3827
272.0576
269.0399
270.7103
267.7143
270.0403
271.0461
271.0462
280.7049
264.7664
272.7348
270.0403
272.0576
274.4389
270.7103
273.4146
272.0575
270.0403
279.2944
274.0969
276.1587
271.7198
273.4146
275.8135
274.0968
249.5112
275.8135
273.0744
291.2534
279.6460
278.5930
273.0744
274.4389
267.7143
276.8510
271.7198
275.1249
279.9983
277.5458
276.1586
279.6460
275.8134
280.7048
275.8135
275.4688
281.7696
275.4688
274.7816
280.7048
281.4140
280.7049
287.5505
281.7696
278.9433
282.8404
286.4533
283.9172
280.7048
283.1987
281.4140
278.9433
282.4828
285.0001
276.5045
282.4828
283.1987
283.1987
283.5576
282.1259
285.3624
287.5506
283.1987
286.0890
286.4533
281.7696
285.7253
285.3623
277.1982
287.1842
286.0890
282.8404
287.5505
286.8184
286.0890
281.7697
287.5506
286.4534
283.9172
289.0233
289.3931
287.9177
292.3781
277.1981
285.7253
287.5505
285.0000
292.0024
287.9177
286.8184
290.1351
286.8184
290.5072
290.1351
283.1987
286.8184
287.5506
293.5092
294.2670
289.7638
296.9422
276.8510
288.6540
292.3781
285.7253
293.1314
296.5578
294.2670
293.8877
292.3780
287.5505
293.1314
292.3781
292.0024
293.1314
287.1841
292.7544
298.0999
288.2855
293.5092
295.4091
291.2533
294.2669
295.0276
292.0024
293.5092
298.4873
295.7912
292.7543
291.6275
294.6469
293.8877
300.8276
292.7543
292.7543
296.5577
297.3273
296.1741
293.8877
292.7543
298.8755
302.4031
300.8276
294.2670
296.9422
299.2644
293.8877
301.2203
299.2644
297.7133
293.8877
299.2644
295.0276
298.8755
294.6469
298.0998
301.2203
295.4091
295.0276
296.5577
297.3273
297.7133
306.8004
294.2670
297.7133
298.8755
298.0999
305.1903
296.1741
300.0445
295.0276
299.6541
300.8275
301.2203
302.7989
301.2203
296.5578
302.7990
304.3900
299.2644
300.0445
300.0445
304.3900
298.4873
301.6138
307.6102
296.9421
299.2644
298.8755
299.2643
299.2644
300.8276
303.5929
305.5916
296.1742
304.3900
304.7898
302.4031
302.0081
299.6541
303.9910
303.1955
307.2049
300.4357
303.5929
302.0080
303.1955
304.3900
302.4031
305.1903
304.7898
304.7898
302.7990
303.9911
307.2049
307.6102
307.6101
303.1955
301.2203
311.2947
305.5916
303.9911
308.0163
305.1903
305.9937
302.0080
304.7898
303.5929
303.1955
304.3900
303.5929
305.9937
307.6102
307.2048
309.2396
305.1902
305.5916
306.3966
303.1955
305.5916
306.8004
305.1903
305.5916
303.5929
304.3900
311.2947
310.4702
304.3900
305.9937
305.1902
306.8003
313.7883
307.2048
306.8004
310.4702
308.8310
306.3966
307.6102
308.0163
309.2395
301.6138
303.1955
307.2048
308.8310
310.8820
310.8820
314.2068
311.7083
308.8310
308.0163
309.2396
303.9910
312.5378
306.3966
310.4702
310.4702
305.9937
311.7083
314.6263
314.2068
307.2049
310.4701
313.7883
320.1567
312.9538
311.7083
308.8310
310.4701
312.1226
310.0591
314.6263
313.3706
313.3706
310.0591
308.0163
307.6101
311.2947
308.0163
311.7083
315.0465
307.2049
310.4702
312.5378
318.4394
313.3706
310.4701
310.4701
310.0591
311.2947
315.0465
312.9538
307.2048
308.4232
311.2947
310.4701
311.2947
309.2395
305.9937
312.9538
305.5916
315.4677
310.8820
309.2395
309.2395
310.8820
302.4031
311.2947
311.7083
318.0123
312.1226
319.2963
312.5378
312.1226
315.8896
318.8675
311.2947
311.7083
310.4701
309.2395
310.8820
319.7261
305.9937
316.3124
305.9937
310.8820
310.4701
305.9937
310.4701
312.1226
311.2947
312.1226
311.7083
311.2947
310.4701
311.7083
310.4701
312.5378
312.9538
318.8675
315.0465
315.4677
317.5860
312.1226
311.7083
307.2049
316.7361
317.1606
313.7884
316.3124
310.4702
341.9210
321.8882
318.4394
318.8675
318.8675
322.7593
317.5860
312.9538
312.5378
320.5883
316.7361
316.7361
317.1606
311.7082
312.1226
318.0122
315.8896
319.7260
310.4701
311.2947
315.8896
312.9538
318.4394
330.7641
321.0207
319.2963
314.6263
310.8820
323.1962
324.9529
308.4232
314.2068
302.7990
315.8896
318.0123
320.1567
315.8896
318.4394
308.8310
319.7261
312.5378
275.4688
319.7261
308.4232
318.0123
319.2963
317.5860
322.7592
312.1226
312.9538
323.6340
320.5883
317.5860
319.2963
318.4394
322.7593
320.5883
319.2963
316.7361
320.5883
320.1567
322.3232
318.4394
318.0122
320.5883
324.9529
310.4701
320.1567
321.4539
319.2963
330.7641
325.3943
320.5883
318.4394
324.5123
317.5860
315.8896
320.5883
316.7361
316.7361
317.5860
321.4540
318.0123
323.6340
320.1567
322.3232
318.4394
323.1962
320.5883
303.9910
356.1981
316.7361
318.4394
321.4540
318.0123
319.7260
327.6153
310.8820
318.4394
319.2963
316.7361
319.2963
318.8674
324.9529
295.0276
319.2963
318.4394
326.2799
320.1567
319.2963
322.3233
317.1606
319.7260
321.4539
320.5883
319.7260
310.8820
321.4540
322.7593
319.7261
318.8674
342.8767
324.5123
321.8882
320.1567
324.0727
318.0122
320.1567
319.7260
326.2799
323.1961
317.1606
324.5123
324.0726
322.7593
322.3233
319.7261
319.7261
319.7261
327.6153
318.8674
316.7361
321.0207
317.5860
323.6340
318.4395
319.7261
321.8882
320.1567
319.2963
317.5861
318.4394
319.2963
320.5882
321.4539
310.8820
324.9529
321.0206
322.7592
318.8674
321.0206
319.7260
312.1226
319.7260
324.9529
318.0122
318.8674
324.0726
325.8366
320.1567
318.8674
321.0207
325.8366
322.3233
324.9529
322.3232
319.7260
324.9529
321.4539
317.1606
319.7261
323.1961
319.2963
322.3233
321.8882
325.8366
318.4394
321.4539
325.8366
322.3232
321.4539
322.7592
324.0727
318.0122
320.5883
325.8366
333.5002
323.1961
321.4540
322.3233
325.8366
330.7641
321.8882
322.7592
317.1606
321.0206
315.8896
319.2963
316.7361
320.5882
319.2963
369.8061
324.9529
322.7592
325.8366
326.2799
326.7241
325.3943
325.8366
322.3233
321.8882
320.5883
319.2963
322.3232
320.5882
324.0726
324.0727
323.6340
321.0207
328.9591
305.5916
321.8882
320.5883
323.6339
320.5882
322.7592
323.1962
321.4540
324.0726
323.1962
324.0727
322.7592
324.0727
322.3232
320.1567
324.9528
322.7593
320.1567
319.7260
324.0726
339.5492
324.0726
330.7640
322.3232
323.1961
325.8366
325.3943
324.0726
320.1567
300.4356
321.4540
323.1962
324.5123
324.9529
318.8674
322.3232
326.7242
320.5883
323.1962
328.9591
322.3232
325.8366
321.8882
324.0726
326.7242
321.0207
324.9529
321.4539
322.3233
329.8598
324.9528
321.8882
321.8882
325.3942
318.4394
324.9529
322.3232
322.3233
323.6339
326.7241
324.9528
323.6340
324.0727
328.9591
322.7592
328.5103
309.2396
318.0123
330.7640
322.7593
331.6722
328.0623
328.0623
356.1982
325.8366
320.5883
337.2028
328.5102
319.7260
327.1692
325.8366
325.8366
324.5122
319.7260
324.9528
327.1693
328.9591
321.8882
322.3233
323.6339
305.5916
324.0726
328.0623
324.9529
327.1693
326.2799
325.3942
321.8882
327.1693
331.2178
326.2799
324.0727
325.3943
331.6722
323.6339
325.8366
322.7593
329.4089
324.5122
331.6724
326.7242
329.8596
323.6339
317.5860
328.9591
327.1693
322.3233
321.4539
324.5122
320.1567
317.5860
328.9591
330.7640
312.1226
327.1692
316.7361
326.2799
322.3232
310.4702
321.4540
326.2799
333.0417
336.7364
325.3942
319.7261
317.1606
318.4395
333.9596
322.7593
328.5102
326.2799
321.8882
326.2799
336.7364
327.6153
323.1962
322.3232
325.8366
326.2799
325.3942
322.7592
323.6339
325.3942
325.3942
324.5122
325.3942
318.4394
327.6153
326.7242
325.8366
326.7242
329.4089
324.5122
328.5102
328.0623
328.5103
324.9529
329.4089
325.3942
328.0623
329.4089
327.1692
328.0623
325.8366
324.9528
329.4089
324.0726
327.6153
325.8366
329.8597
333.9596
331.2177
328.0623
326.7242
324.5123
328.5103
321.0207
327.1693
325.8366
326.7242
326.7242
319.2963
324.0726
340.4948
330.7641
320.1567
329.8596
325.3942
329.8597
321.4539
330.7641
327.1693
328.5102
335.8069
329.8597
326.7242
329.8597
323.1961
325.8366
330.3115
332.1279
328.5103
324.5122
327.6153
327.6153
326.7242
329.4090
316.3124
333.0417
339.5492
326.2799
329.8597
337.2028
317.1606
328.5103
327.6153
320.5883
334.8813
341.9209
321.0206
335.3437
333.5002
328.0623
325.8366
332.1278
326.2799
336.7365
319.2963
328.9591
321.0206
330.3114
325.3942
336.2712
334.4200
331.2177
326.7242
323.1961
320.5883
333.9596
333.9596
329.4089
327.1693
331.2177
330.3115
322.7592
328.5103
303.1955
327.6153
326.2799
325.8366
338.1384
322.7592
333.0417
334.8813
329.8597
312.1226
340.0215
323.6339
329.4089
333.9596
327.6153
326.2799
323.1961
335.3437
335.8069
327.1693
330.3115
331.6723
330.3114
319.7261
334.8813
333.9596
324.0726
329.8598
333.0417
331.2178
324.9529
324.9528
330.3114
327.6153
325.3943
328.0623
329.8597
325.3942
325.3943
325.8366
327.1692
329.4089
329.4089
329.8597
324.9529
338.1384
325.8366
328.9591
324.0726
320.5882
326.7241
329.4090
327.6153
326.7241
330.3115
330.7641
324.9528
331.6722
326.2799
327.1693
328.0623
328.0623
329.4090
324.0727
333.0418
326.7241
325.3942
332.1279
330.3115
331.2177
330.3115
331.2178
325.8366
328.9591
327.6153
329.8597
328.0623
331.2178
331.6723
331.2177
326.7242
327.1693
329.8597
326.7241
325.8366
340.0215
327.6153
329.4089
328.9591
333.0417
335.8069
328.9591
331.6724
323.6339
327.1693
326.2799
327.1693
333.5002
328.9591
328.5103
328.0623
329.8597
327.1693
330.7641
329.8598
326.2799
325.3942
327.6153
326.7241
333.5002
324.5122
352.6681
333.5002
328.5102
332.1278
328.0623
333.5002
333.0418
326.2799
330.3114
332.1278
326.7241
330.3114
335.8069
333.9596
332.5844
321.4539
333.5002
322.3233
329.8598
329.4089
333.0417
332.5843
350.1799
329.4089
324.9528
332.5844
329.4089
333.5002
329.8598
325.8366
331.2177
326.7241
328.9591
332.5843
324.9528
331.6724
327.6153
317.5861
329.8597
329.8597
330.7641
330.3114
322.3233
319.2963
327.6153
321.0206
328.5102
321.4539
327.6153
326.2799
327.6153
330.3114
333.5002
324.0727
331.6723
328.9591
331.6724
332.5843
335.8069
324.9528
325.8366
328.9591
333.9596
330.7640
326.7241
330.3114
327.6153
329.4089
327.1693
327.1693
329.4089
324.5122
326.7241
318.0122
327.1692
329.4089
319.7261
329.4089
333.5002
326.2799
326.7242
324.0726
327.6153
329.4089
325.8366
324.9528
325.3942
332.1279
330.3114
326.7242
324.9529
327.6153
333.9596
327.1693
311.2947
329.4089
333.0418
336.2712
332.1278
332.5844
339.5492
329.4090
332.1279
328.9591
327.6153
331.6724
333.9596
328.5103
333.0418
325.8366
331.6724
326.7241
332.1278
332.5844
329.8596
328.0623
328.5103
331.2178
332.5844
327.6154
339.0779
331.6722
331.2177
329.8597
333.0418
324.0727
334.8813
329.8598
331.2178
332.1277
325.3942
333.0418
330.3115
327.1692
328.5102
331.2178
328.5103
331.2177
331.6723
333.9596
325.3943
333.0418
331.6723
327.6153
321.0206
330.3115
328.9592
329.4089
333.5002
331.6723
335.8069
320.5883
323.6340
332.1278
330.3115
331.2177
328.5103
329.4089
330.7641
331.6723
328.9591
334.4200
328.9592
329.8598
333.5002
333.0418
302.4031
337.2028
330.7641
332.1278
331.6723
333.5002
319.2963
331.2178
329.4089
332.5843
327.6153
328.9591
333.9596
332.5844
333.9596
334.4200
328.9591
328.5102
330.3114
333.5002
334.8813
330.7640
325.8366
328.0623
333.0417
327.6153
329.8597
333.5002
345.2847
329.4089
327.1692
326.2799
331.6724
330.3115
331.2178
332.1279
326.2799
333.5002
335.3437
331.6723
330.7640
332.5844
330.3115
327.1693
333.5002
322.3233
330.3114
310.8820
328.5102
337.2028
333.5002
333.5002
330.3114
331.6723
332.5843
331.2177
330.3114
333.0418
344.8010
330.3115
336.7365
328.0623
335.3436
332.1278
334.4200
334.4200
328.5103
339.5492
333.9596
331.6723
331.2177
330.7641
332.1279
328.0623
334.8813
330.3115
330.7640
334.4200
330.3114
333.9596
333.0418
332.5844
333.0418
329.8598
331.6723
335.8069
324.9528
321.0206
335.8069
331.6723
330.7641
332.5844
331.6722
325.3942
326.2799
332.5844
338.6076
329.8598
332.5843
329.8598
325.8366
329.8598
335.3437
324.9528
329.4090
329.8597
327.6153
333.5002
327.6153
330.3114
324.5123
325.3942
323.1961
330.3115
331.2177
326.7241
327.1693
329.4089
329.4089
332.1278
332.1278
328.0623
326.2799
333.5002
333.0418
334.8813
334.4200
327.1692
332.5843
324.5122
331.6723
331.2177
349.6856
324.9528
333.0418
331.6723
330.3114
335.3437
324.9528
325.8366
332.5844
329.4089
333.5002
334.8813
328.5103
330.3114
332.1278
331.2177
333.5002
327.1693
331.6722
311.7083
332.1278
329.4089
326.2799
333.0417
327.1692
327.1692
332.5844
326.2799
332.1279
326.7242
325.8366
329.4089
304.3900
331.2177
333.0418
328.0623
329.4089
326.7242
325.3942
333.5002
330.7640
328.0623
323.6339
331.2177
330.7641
329.4090
333.5002
334.8813
332.5844
318.8675
333.5002
328.9591
324.5122
330.7640
331.2177
323.1961
333.5002
331.6722
325.3942
328.5103
333.5002
330.7640
329.4089
329.8597
325.3942
330.3115
333.0418
324.5122
338.6076
330.3114
328.5103
333.5002
332.1278
331.2177
323.1962
325.3942
323.6339
331.6723
332.1279
333.0418
324.5122
342.8767
328.5102
329.4089
325.8366
331.6724
329.4089
328.9591
326.7241
335.3437
327.1693
334.4200
326.7241
327.6153
335.3437
328.5102
332.1278
329.4090
332.1279
336.2712
310.4702
331.6723
328.5102
337.2028
329.4089
332.1279
328.5102
325.8366
328.0623
332.1278
331.2177
331.2177
334.4200
333.0418
329.4089
319.7260
332.5844
332.5844
329.4090
327.6153
330.3114
327.1693
331.2177
327.6153
327.6153
334.8813
328.9592
324.5122
328.5103
329.8596
326.7242
326.2799
326.2799
330.3115
330.7640
331.6722
328.5103
327.1693
327.6153
325.3942
327.6153
341.9210
327.6153
331.2177
324.5122
323.6339
333.0417
328.0623
324.0726
323.6339
316.7361
337.6701
332.5844
326.2799
327.1692
322.7592
330.3113
327.6153
330.3115
326.7242
324.0727
328.9591
331.6723
330.3114
326.7241
325.8366
333.9596
322.7592
328.0623
318.4394
331.6722
318.4394
325.8366
324.9528
333.5002
323.1961
330.3114
334.8813
327.1692
319.2963
324.0726
328.0623
332.1277
332.1279
325.3942
327.6153
332.1277
320.1567
323.1961
325.8366
333.0417
297.3274
330.3114
325.8366
338.1384
333.5002
327.1692
332.5842
324.0726
332.1279
325.8366
326.2799
326.7242
329.8597
328.5103
319.2963
327.6153
333.5002
323.6339
327.6153
312.5378
327.1693
331.6724
326.7241
330.3114
325.3942
323.6340
326.7241
318.4394
320.1567
325.8366
332.5843
327.1693
333.5002
326.2799
326.7241
329.4089
324.0726
331.2177
328.0623
324.0726
323.1961
326.2799
325.3943
319.7261
323.6340
325.3943
328.0623
330.7641
326.2799
326.7241
332.1278
330.3114
327.6153
333.9596
327.1693
328.0623
334.8813
330.3113
324.0727
323.1961
328.9591
322.3233
318.8674
328.5103
331.2177
333.9596
328.9591
329.8597
331.6722
323.1961
334.8813
320.5883
324.9529
328.0623
323.6339
325.3943
329.8597
330.7640
330.3114
331.2177
319.7260
332.5843
323.6340
320.1567
325.3943
329.4089
324.9529
318.0122
330.7640
329.4089
322.3233
328.9591
329.4089
324.5122
331.2177
323.1962
327.6153
325.3942
328.9591
329.4089
332.5844
322.7593
324.5122
335.8069
330.3115
333.5002
328.0623
328.0623
330.3114
319.2963
332.1278
326.2799
333.5002
329.4089
327.6153
330.3114
331.2177
324.9529
320.5882
321.0207
332.5843
329.8596
334.8812
326.2799
334.4200
326.2799
334.4200
321.8882
325.3942
322.3232
322.3233
327.1692
325.3943
327.1693
328.5102
333.5002
332.5844
325.8366
324.0727
325.3942
327.6153
324.5122
326.7242
334.8812
321.4540
323.6339
325.3943
321.8882
328.5103
327.1693
323.1962
324.9529
320.5882
321.8882
325.8366
325.8366
323.6340
321.4539
321.8882
328.0623
329.8598
328.0623
330.3114
324.9529
327.6153
331.6723
326.7242
325.3942
327.6153
328.0623
324.5123
334.8813
325.3942
326.2799
321.8882
326.7241
328.0623
323.1961
325.3942
324.0726
321.4539
321.0206
319.7261
334.8813
326.2799
324.9528
326.7242
326.7242
323.6340
318.0122
326.2799
327.1693
327.6153
321.0207
312.1226
329.8597
322.7592
322.3232
323.1961
347.2299
323.1961
326.7242
323.1962
325.3942
326.2799
328.5103
327.6153
324.9529
326.2799
319.7260
319.2963
329.8597
323.6340
321.4539
322.7592
321.4539
323.1961
323.1961
327.6153
324.9529
324.5123
339.5492
323.6340
333.5002
320.1567
322.7592
325.3943
324.9529
331.2177
331.2177
331.2177
325.3943
320.1567
321.0207
323.1961
324.9528
324.5123
319.2963
321.0206
323.1962
331.2178
326.2799
320.1567
328.9591
355.6905
319.2963
330.3115
325.8366
327.6153
320.5882
324.0727
321.0206
319.7260
320.1567
323.6340
323.6339
323.6339
325.3942
318.8674
322.7592
322.7593
325.8366
318.0122
330.7640
319.2963
318.8674
306.8003
326.2799
317.5860
318.4394
320.1567
322.3233
321.0206
325.3942
326.2799
318.0123
318.4394
326.7241
328.9591
317.1606
328.5102
324.9529
321.4540
320.1567
321.0206
318.8675
320.1567
319.2963
321.8882
318.0122
320.1567
328.0623
318.4395
312.9538
317.5861
316.3125
327.1693
323.1962
318.0122
324.9529
326.7241
310.4701
322.3233
323.1962
324.9529
325.3943
319.7260
319.2963
326.2799
317.5860
319.7261
323.1961
319.7261
324.0726
309.2396
320.5882
323.1961
321.0206
317.5860
319.2963
321.4540
322.3233
320.1567
323.6340
316.3124
310.8820
322.3233
323.1962
321.0207
317.1606
317.1606
323.1962
321.0207
324.5123
319.2963
310.4701
320.1567
327.6153
327.1693
318.4394
321.0207
322.3233
318.8674
318.0123
313.7883
318.8674
317.5860
317.5861
321.0207
322.7593
320.5883
318.4394
320.1567
300.8276
311.7082
319.7261
318.8674
319.7261
318.4394
310.4701
319.7261
319.7261
318.4395
322.3233
322.7593
318.0122
294.2670
312.5378
302.4031
313.7884
314.6263
317.1606
321.8882
319.2963
320.5883
321.0207
317.5861
317.1606
318.8674
319.7260
319.7261
318.4394
323.1961
318.4395
319.2963
317.5861
321.4540
320.1567
325.8366
316.3124
319.7261
318.0122
316.3124
319.7261
310.0592
308.4232
320.5883
321.4540
319.2963
315.8896
318.4394
310.8820
317.5860
310.4701
318.8675
314.6263
316.3124
310.8820
316.7361
320.1567
321.4540
313.7884
317.1606
312.1226
312.9538
319.2963
318.0123
307.2048
320.5883
317.1606
318.0123
308.0163
321.0207
309.6489
312.1226
318.0123
317.5860
315.4677
315.8896
310.4702
312.1226
312.9538
312.5378
312.5378
317.5861
317.5861
312.1226
311.7083
320.1567
314.6263
317.1606
320.1567
312.9538
312.5378
306.3966
321.0207
309.6489
314.6263
312.9538
311.2947
318.0122
304.7897
312.5378
316.7361
313.7883
319.2963
306.8003
310.8820
312.1226
306.8004
308.4232
318.0123
310.8820
310.4702
312.1226
311.2947
312.5378
311.2947
304.7897
320.5883
311.2947
310.8820
302.4031
310.8820
318.8674
317.1606
317.1606
316.7361
312.1226
308.0163
316.3125
312.1226
312.1226
318.0122
304.3900
307.2048
312.1226
318.8675
306.3966
312.1226
304.7897
310.0591
320.1567
312.1226
307.6101
309.6489
312.9538
310.4701
295.7912
312.5378
303.9911
302.7990
309.6489
306.3966
319.2963
312.9538
310.8820
312.1226
305.5916
286.0890
311.2947
316.7361
311.7083
302.0081
311.2947
315.8896
308.0163
308.8310
306.3966
308.8310
303.1955
305.9937
318.8675
306.3966
318.4395
324.0727
306.3966
307.6102
305.1902
302.0080
303.9910
305.9937
306.3966
309.2396
307.2049
333.5002
317.1606
308.0163
303.5929
304.3900
308.4232
308.4232
303.9911
308.8310
304.3900
318.0123
298.4873
310.8820
310.4701
299.6541
308.4232
302.0081
305.9937
303.9910
308.0163
304.7897
310.0591
310.8820
291.6275
302.0081
303.5929
305.9937
317.1606
308.8310
305.1903
301.2203
302.7990
308.0163
304.3900
308.0163
305.5916
298.8754
301.2203
298.4873
304.7897
304.3900
307.2049
302.4031
305.1903
308.0163
305.5916
301.2203
290.8799
304.7898
302.4031
295.4091
300.0444
301.6138
300.8275
299.2643
305.1903
305.5916
306.8004
300.8276
302.4031
301.2203
300.8276
301.6138
297.7132
299.2644
296.1741
299.2643
296.1741
302.0081
300.8275
302.7989
304.3900
301.6138
297.7133
297.3274
299.6541
301.6138
299.2643
296.1741
297.3273
293.5092
296.5577
299.2644
298.4873
297.7133
303.5929
296.9422
295.4090
294.2669
299.6541
294.6470
303.5929
298.4872
298.4873
292.3780
296.9422
299.2644
296.5578
294.2669
297.7132
297.3274
295.7912
304.7898
295.4091
298.8754
293.8877
294.2669
293.8877
294.2670
293.5092
295.7912
296.5578
293.1314
293.5092
290.5072
293.1314
292.7544
290.1351
293.5092
290.5071
296.1741
294.2670
292.0024
291.6276
294.6469
295.0276
292.0024
287.9177
292.7544
292.7544
296.9422
290.1351
291.6275
294.6469
292.3780
287.1842
292.3780
290.1351
291.6275
291.6276
290.5072
290.5072
288.6541
287.9177
292.3780
285.0000
299.6541
290.1351
290.1351
299.6541
287.1841
291.6276
290.8799
286.0890
291.2534
290.1351
291.6276
290.8799
287.9177
287.9177
294.2670
291.6275
288.2855
287.9177
287.9177
285.0001
284.2774
289.0232
288.6541
289.7638
285.7253
287.5505
289.0233
286.0890
287.5506
284.2774
285.3624
282.4828
281.7696
287.1842
282.4828
282.8404
285.7253
283.5576
283.1986
285.0001
285.0001
283.1986
279.6460
288.2855
287.5506
283.1987
281.7696
282.4828
284.2775
280.3513
279.6460
281.0591
282.4828
281.4140
286.4534
282.8404
277.1981
282.8404
278.9434
281.0591
292.0024
278.5930
279.9983
282.4828
281.7696
279.9983
278.2433
281.4140
276.1586
273.0744
281.7696
275.4688
277.5459
281.7696
279.2944
277.1982
279.2943
276.1586
276.1587
278.2433
280.7048
277.5458
278.5930
278.5930
278.2433
274.0968
274.7816
276.8510
275.4688
281.0591
280.7048
287.1842
271.3827
276.1586
278.2433
271.7198
272.0576
271.0461
275.4688
269.3727
273.0744
269.7062
270.0403
269.0399
276.1587
272.7348
269.7062
264.7664
272.7348
270.3750
270.7102
273.0744
268.7076
267.3844
259.6407
265.4173
271.7198
269.0398
269.3727
267.3844
270.0403
266.0707
272.0576
267.3844
264.1177
265.7437
263.4713
268.7075
267.7143
264.4417
260.2736
266.0706
266.7263
265.4173
263.7942
269.3727
264.7664
267.0551
262.5061
259.3251
264.1177
262.5061
263.1490
259.9569
269.7062
275.4688
260.2735
263.1490
259.6407
262.5061
259.6407
261.5459
258.3817
258.0684
265.4174
259.0101
258.0684
259.3252
259.6407
257.7556
259.0102
257.7556
258.0684
260.5908
258.3818
256.1996
259.9568
253.7380
257.7556
254.9645
254.6571
255.8900
257.4433
255.5810
256.1996
252.5199
256.5097
252.5200
256.1996
251.0091
254.9645
237.6940
248.6185
248.6185
250.7085
250.7085
251.3103
249.5112
251.0091
251.0091
250.1088
249.2131
249.8097
252.8237
245.0931
249.2132
252.5200
251.9141
255.5810
247.1409
250.7085
245.9678
248.0260
247.7304
246.5533
243.6451
245.9678
243.9337
244.2228
247.7305
244.5125
245.6758
245.6758
240.2190
226.9105
244.2229
241.9234
241.6382
240.5019
241.6382
241.6382
230.6055
243.6451
239.6546
243.0693
240.7853
240.5019
235.4808
239.9366
235.7559
241.0691
233.2964
236.8606
235.2061
239.0922
236.3073
234.1122
231.9454
233.5678
234.1122
230.6055
238.2518
231.9454
229.8067
230.8726
229.8067
228.2206
232.2148
231.6766
226.1295
225.6109
228.7477
230.3388
227.9578
228.7476
228.2206
226.9105
227.4333
227.4333
225.6109
226.6497
226.9105
227.4333
225.8700
222.7875
222.7876
225.0938
222.5333
224.8360
215.3308
224.5785
223.8085
223.2972
222.2794
223.2972
221.5203
218.5193
219.0156
222.2794
218.0246
216.0609
218.5193
217.0397
220.2631
216.7944
216.0609
220.2631
214.8459
215.3308
217.2854
217.5314
213.8806
211.2562
211.9676
214.1214
212.4436
213.8806
208.6754
209.6089
212.6822
212.9211
209.3750
207.0552
209.8431
208.2108
207.5164
207.2857
208.4429
207.2856
204.0910
207.2857
205.2243
207.5164
204.0910
204.9970
198.1139
206.1371
204.0910
201.6271
200.3000
202.0722
200.7411
200.9621
198.5485
199.6408
200.3000
200.5204
200.5204
194.4695
197.2483
195.5321
194.6814
196.6024
196.1734
194.0466
186.4365
192.7852
195.3189
191.3271
193.2045
192.3671
192.7852
189.4737
191.7422
190.9132
192.3671
187.4418
188.0484
186.8378
187.6437
186.6370
188.8611
180.1655
181.3203
186.0363
186.6370
184.4468
183.8553
179.7826
180.9343
182.0954
181.7073
180.5493
180.7417
181.1272
179.5916
178.8300
179.5916
179.0201
175.4540
172.1588
180.1655
171.9780
171.2573
170.7194
171.9780
171.4371
171.9780
172.1588
170.0054
170.5405
169.2952
167.8858
168.7649
167.0125
162.2249
168.7649
168.7649
166.3178
168.2368
166.4912
164.4262
164.9394
163.5752
164.0851
162.0571
161.2213
159.8950
161.2213
162.2249
161.0548
161.3880
160.0601
158.7455
155.8358
155.9957
155.9957
155.6760
155.0391
155.3571
153.7746
157.7682
151.5918
152.6785
151.4373
151.4374
150.3613
149.7505
150.9750
150.0555
148.0861
148.9912
148.6888
148.3871
144.6768
143.3681
144.0934
144.3848
143.3681
143.5128
143.3681
144.3848
140.5094
139.9457
141.2177
139.6648
141.9303
138.2703
139.3846
137.9933
136.0725
136.6182
135.6649
134.1825
134.3165
134.5849
132.8508
132.5864
133.3817
131.4035
131.1422
131.6653
131.1422
131.5343
131.1423
128.9454
128.5620
129.2016
127.5460
124.9214
127.0413
127.7991
125.0450
125.0450
123.4486
124.9213
122.4774
122.7194
122.1154
121.0364
119.8497
116.4792
121.9950
119.8497
119.0265
117.6297
118.6757
118.5590
115.9085
115.5676
116.7084
114.7761
114.5511
115.0017
113.3216
113.4328
114.1024
111.5583
113.5441
109.8239
109.3947
111.1221
108.6479
108.8608
108.6479
109.7165
106.6474
106.4390
105.7131
107.4850
104.7872
104.6849
104.1746
102.3585
103.8697
101.7603
101.4625
102.9603
100.8696
100.6727
98.6286
99.7915
98.6286
98.2440
99.4995
98.3400
96.9094
96.2489
96.4371
93.2847
95.6862
93.1935
93.3760
92.1059
92.1961
92.8296
91.5667
91.8360
90.9415
90.1435
90.0553
90.4973
90.5860
88.3940
88.7413
86.7615
87.7892
87.8754
86.9320
86.5063
85.5766
84.9062
84.9897
84.8228
84.3236
84.2407
82.2725
81.9485
80.2665
82.5976
81.3041
80.7439
80.4254
80.5845
81.4648
79.1624
78.7713
78.6153
78.6153
77.6082
77.9169
76.4602
77.8396
75.4021
75.9295
75.6277
74.8031
74.5795
74.0601
72.9573
73.7646
72.5928
72.7384
71.5804
70.0838
71.5804
71.5804
71.2933
68.5437
69.8722
69.4504
68.9610
68.8913
67.5096
67.5781
67.2359
67.5781
67.2359
66.2177
65.9483
67.3727
64.1522
65.2118
64.0207
63.8894
63.6929
63.1711
61.6892
62.0091
61.8810
61.8170
61.6892
61.1167
60.9267
61.1167
59.8588
60.7372
59.7340
58.8049
58.9898
59.1752
58.2525
59.5473
59.9837
60.6742
60.8003
61.9450
62.2016
63.1710
63.6274
64.6803
65.0786
65.9483
66.6235
67.3726
67.5096
68.1976
69.1704
70.5798
70.5088
71.0072
73.4702
73.1767
72.3023
74.4308
75.0272
76.0808
76.4602
76.6886
77.6853
78.8494
79.7916
80.3459
80.5049
81.5452
81.8677
83.1693
83.9097
82.2725
85.5766
85.0733
86.9320
87.2739
89.0027
89.3522
90.6747
89.9671
92.5576
92.4671
93.6503
93.4673
94.4780
95.2197
95.3128
97.0042
97.5745
98.7250
97.1939
98.6286
100.3781
101.9593
101.6609
103.9712
105.0949
105.0949
105.8165
105.3006
107.8009
108.2236
108.2235
110.1470
110.7960
111.2310
111.9964
112.6570
112.7675
113.9905
114.4387
116.1365
116.0224
118.4424
121.1557
119.3786
121.1557
120.3228
122.9619
122.1154
121.9950
122.8406
124.6745
122.9619
125.7895
126.2886
127.0413
127.0413
129.3300
129.2017
134.8540
131.6653
130.1032
132.5863
132.5863
133.6480
134.3165
136.2087
135.9365
136.3450
136.6182
137.7170
140.0863
141.7874
139.9457
141.2177
143.2235
143.0791
144.0934
146.7408
144.9695
146.2956
147.9359
147.7859
147.6361
150.2083
151.4374
150.9751
150.9750
152.5227
151.2831
154.4053
152.5227
154.7218
155.8357
158.5821
156.6374
159.5656
159.0729
157.9306
160.2253
160.5565
163.2363
162.3929
168.9414
164.5970
164.9394
165.4547
166.4912
167.7107
169.1182
169.2952
168.9414
171.2574
171.6172
172.1588
168.9414
171.6172
169.2952
171.9780
171.0778
179.0201
176.7572
171.6172
176.7572
179.5916
180.5494
181.9013
180.1655
181.1271
181.9013
184.6445
185.6373
183.4623
186.0363
186.0363
187.2402
191.9502
187.2402
190.0889
189.0650
189.6785
189.0650
190.9132
191.9502
194.4695
193.8356
191.1200
193.2044
193.4145
194.2579
195.5321
196.8174
197.8970
200.3000
200.0800
201.1835
197.8970
202.0722
199.8602
197.6804
200.7411
201.1834
202.2952
203.4151
202.0722
206.1371
204.7700
195.1062
204.9970
206.8252
206.1371
206.3661
210.0778
211.0198
208.6754
212.4436
209.8432
211.0198
209.8432
213.6402
210.3127
214.3625
211.0198
214.3625
216.5495
217.0397
211.4930
215.8172
216.0609
215.3308
220.2631
218.5193
219.5134
219.0155
220.2630
222.7875
222.5333
225.0939
220.5137
222.5332
222.0260
223.5527
222.0260
223.8085
226.1295
224.8360
223.0422
226.3894
227.4333
225.0938
227.1717
233.0253
225.0938
225.6108
230.6055
230.8726
226.3894
228.7476
232.4845
231.9454
230.6055
230.8726
232.7547
231.9454
232.2148
246.5534
231.9454
231.6766
234.9320
234.3850
233.0253
233.8398
240.7853
236.3073
236.5837
236.5837
236.8606
239.6547
239.9366
239.6547
237.9727
237.6940
237.9727
240.2190
239.9366
240.2190
241.6382
243.0693
243.0693
241.3534
244.2228
240.5019
242.7821
238.5315
244.5125
244.8025
242.4954
245.0931
246.2603
244.8025
243.6451
237.9727
246.5533
246.5534
247.4355
250.1088
249.8098
248.9156
247.7304
248.6186
249.2132
249.5112
250.4084
249.8097
254.0439
253.7380
251.0091
255.8900
253.4327
256.1996
255.2725
257.7556
254.9645
253.7380
257.1316
253.7380
257.1316
256.1996
256.1996
258.0684
254.9645
260.2736
259.6408
260.2736
260.5908
255.5810
259.3252
259.6407
258.0684
265.0916
259.6407
258.3818
264.1177
260.5908
261.5459
260.2736
237.1379
263.7942
260.2736
258.0684
259.0102
261.5459
265.7437
262.8272
265.0916
264.7664
273.7554
266.7264
265.4174
262.5061
270.3749
262.1854
265.4174
265.7437
266.7264
269.7062
265.0916
271.0462
265.4174
269.0398
264.1177
271.7198
270.7103
268.0447
261.2270
269.3727
270.7103
271.7198
272.3959
273.0744
270.7103
271.3827
274.0969
270.0403
273.0744
269.7062
272.0575
272.7348
272.3958
271.7198
275.1249
277.1981
271.0462
276.8510
276.1587
269.7062
269.7062
275.4688
277.8943
279.2944
271.3827
287.1842
272.3959
277.5458
277.8943
273.0744
277.8943
284.2774
283.5576
276.1586
279.2943
279.9983
270.7103
278.9434
279.9983
276.5045
277.5458
279.9983
281.7696
277.1981
281.7696
281.4140
282.8404
279.6460
280.3513
279.6460
283.5576
283.1986
280.3512
281.7696
281.0591
279.2943
281.7696
276.5045
283.1987
281.7696
286.4534
282.8404
285.3623
283.1987
281.4140
283.9172
285.0001
287.1841
282.8404
279.9983
284.2774
284.2775
280.3512
291.6276
284.6384
285.3624
292.3780
284.6384
284.2775
285.7253
282.4828
289.0233
285.0000
285.0001
284.6384
288.6541
288.2855
289.0233
284.2775
290.5072
285.7253
288.2855
274.0968
286.4533
285.7253
349.6856
290.8799
290.5072
288.2855
287.1841
285.3623
287.5505
288.6541
292.0024
287.1842
294.6469
289.3931
290.1351
291.2534
291.6275
294.6469
290.5071
286.0890
294.6469
287.9177
293.5092
289.0232
284.2775
296.1741
293.1314
291.6275
292.0024
293.5092
292.3781
294.2670
289.0233
299.2644
292.3780
300.4355
296.9422
293.8877
293.5092
294.2670
290.5071
297.7132
295.7912
293.5092
295.7912
295.4091
294.2669
296.5577
296.1741
298.8754
299.6541
293.8877
292.7543
301.2203
303.5929
293.5092
296.9421
294.2670
302.7989
295.0276
296.9422
296.1741
302.4031
300.0445
294.6469
296.1741
293.5092
296.9422
296.9422
299.6540
295.7912
302.0081
298.0999
297.3272
295.7912
295.4090
295.4091
296.5578
298.8754
307.2049
298.8754
305.5916
292.7544
302.0081
297.7133
300.0445
298.4873
303.9911
300.0445
301.6138
300.8276
296.1741
300.8276
304.7897
305.1902
306.8004
300.4357
283.9172
302.4031
296.5577
299.2643
299.6541
305.1902
300.0444
297.3274
299.2643
303.5929
300.8276
302.0080
300.8276
304.3900
303.9911
302.4031
302.0080
302.7989
305.9937
303.5929
298.0999
304.3900
305.9937
321.0206
307.2049
307.6101
306.8003
306.3966
302.4031
304.7897
305.9937
306.3966
305.5916
303.5929
303.5929
306.3966
304.7897
307.6102
345.2847
304.7898
309.2395
305.9937
306.8004
321.4540
302.0080
307.2048
300.0444
301.2203
303.5929
310.4701
307.2049
305.9937
306.3966
307.6102
305.5916
306.8004
305.9937
311.2947
305.5916
310.4702
308.8310
307.6101
307.2048
312.1226
305.5916
309.6489
310.4701
305.5916
308.0163
309.6490
305.1902
347.7188
311.7083
305.1902
309.2395
305.1902
309.6490
304.7897
312.1226
287.9177
305.1902
308.0163
310.8820
305.1902
310.4702
305.5916
309.2395
308.4232
312.1226
312.9538
307.6102
313.3706
310.8820
310.4702
310.4702
306.3966
306.8004
304.7897
310.8820
319.7261
316.3124
309.2395
316.7361
310.4702
316.7361
316.3124
312.5378
310.0592
310.4702
315.8895
320.1567
318.0122
307.6101
312.9538
317.1606
318.4394
321.0207
311.2947
312.5378
308.4232
310.4702
304.7897
305.1902
306.8003
288.2855
318.8675
316.3124
317.5860
320.5883
307.6102
311.2947
312.5378
316.3124
323.6339
316.7361
310.4701
309.2395
310.8820
312.5378
311.2947
308.8310
309.2395
319.7261
310.8820
317.5861
317.1606
315.8896
318.8675
281.7696
310.8820
310.0592
312.1226
312.5378
315.4677
310.8820
312.1226
324.9529
315.8896
318.8674
319.7261
312.9538
318.0123
321.4539
310.0591
320.1567
313.7883
313.3706
309.2395
315.0465
317.1606
320.1567
319.7261
310.4702
313.7883
320.5883
311.2947
318.8675
317.1606
318.8674
319.2963
317.1606
318.4395
310.8820
321.4540
319.7260
331.6723
322.3233
313.3706
319.7261
317.1606
321.4539
317.1606
321.8882
310.8820
319.2963
321.4540
312.5378
317.5860
317.1606
319.2963
321.0207
318.8675
318.0122
316.7361
318.8675
325.3943
318.8674
327.1693
319.7261
320.1567
318.0123
319.7261
320.5883
319.2963
319.2963
316.3124
318.0122
321.4540
320.1567
317.1606
312.1226
318.8674
318.0122
317.5860
313.7883
319.7261
316.3124
322.7593
318.8675
319.2963
318.4394
318.0122
321.4540
320.1567
320.5883
319.7261
319.7261
318.0123
318.4394
317.5860
323.1962
310.4702
321.0207
318.8675
321.4540
319.2963
323.6340
323.1962
317.5860
322.3233
317.5860
324.0727
321.0206
326.2799
323.6340
322.3233
324.0726
317.5860
315.4677
317.5860
326.2799
319.7261
324.9529
319.2963
308.0163
309.6490
332.1278
320.1567
321.0207
324.9529
320.1567
320.1567
322.3232
316.3124
319.2963
323.1962
322.3232
310.0591
318.4394
319.7260
325.3942
319.7260
315.8896
321.0207
323.6340
325.3943
319.7261
312.1226
305.9937
322.3233
317.5860
324.9529
321.8882
319.7261
324.9529
322.3233
326.2799
318.8675
326.2799
325.3943
322.7592
318.0122
319.2963
319.7260
321.4539
320.1567
321.4540
318.8674
319.2963
318.4394
324.0727
321.4539
318.4394
321.4540
325.3942
325.8366
318.4394
324.5122
324.9529
323.6339
322.7593
333.5002
330.7641
321.8882
323.1962
324.9529
318.8674
323.6340
321.4539
324.0727
322.7593
324.0727
326.2799
322.3232
318.8674
324.9529
321.0207
330.7640
321.0206
325.3942
320.1567
329.4089
325.8366
325.3943
319.2963
325.8366
319.2963
322.7592
318.8674
316.7361
327.1693
325.3943
322.7592
318.0122
323.1962
324.9529
316.7361
326.7242
326.7242
318.0122
324.0727
325.8366
329.8597
317.1606
325.8366
325.8366
321.4539
327.1692
329.8598
326.2799
323.6339
324.9528
323.6340
325.3942
324.5123
323.6340
324.5123
322.7593
326.7242
326.7242
322.3232
322.7592
326.2799
324.9528
327.6153
325.3943
321.4539
333.9596
330.3114
325.3943
325.3943
320.1567
323.1961
325.3942
326.7242
325.3943
322.7592
324.9528
321.0206
319.7260
324.9528
327.6153
325.8366
324.5123
329.8596
319.7261
318.0122
326.7242
322.3232
328.5103
328.9591
323.1962
328.9591
330.7641
325.3943
317.1606
329.4089
326.2799
320.5883
328.9592
325.3943
323.1961
324.9528
331.2177
326.2799
323.6339
327.1693
321.0206
327.1693
328.9592
322.7592
326.2799
318.4394
334.8813
330.3115
321.8882
324.9528
330.7641
326.7242
328.5103
324.0726
329.4089
317.5860
327.6153
331.6724
324.9528
320.5882
320.1567
328.5103
328.5103
324.5122
327.1693
331.6723
327.6153
317.1606
325.3942
327.6153
325.8366
328.9591
332.1279
324.0726
328.0623
322.7592
327.6153
325.8366
323.6339
325.8366
333.5002
324.9528
317.5861
324.0726
323.6339
329.4089
328.5103
325.8366
317.5860
327.6153
324.0726
330.3115
327.1693
331.2178
325.8366
321.4539
326.7241
328.9591
325.3943
328.9591
318.4395
327.6153
324.5122
324.5122
324.5122
324.9529
324.0726
326.7241
322.7592
330.3115
322.7593
322.7593
328.9591
331.2177
328.9591
327.6153
331.2178
329.4089
334.4199
331.2177
323.6340
322.3232
331.6724
327.1693
331.2178
328.0623
332.1279
328.0623
328.5103
327.1693
325.8366
330.7640
326.7242
324.0726
331.2177
323.1962
328.0623
325.3942
321.8882
323.6339
325.8366
333.5002
324.0726
329.4090
327.1693
333.9596
330.7641
332.5844
332.5844
312.9538
329.8598
331.6723
316.7361
326.7241
328.0623
328.0623
325.3942
328.0623
327.6153
329.4089
329.8597
327.1692
332.1278
333.9596
325.3942
350.6754
330.3114
324.0726
329.8596
327.6153
332.1278
326.7241
325.8366
331.2177
330.7640
331.2177
323.6340
331.2177
331.2178
325.8366
315.4677
354.1743
332.1277
328.0623
330.7640
326.2799
328.5103
328.9591
328.5103
333.0418
327.1693
304.7897
327.6153
329.8598
327.6153
325.3943
331.6723
328.5102
323.1961
327.6153
332.1279
327.1693
335.8068
296.9422
333.0418
333.5002
331.6723
331.6723
327.1692
334.8813
328.5103
327.6153
329.4089
332.5843
328.0623
324.9529
333.0418
330.7640
327.1692
320.1567
329.4089
321.4540
333.5002
327.6153
339.0779
344.8010
333.5002
332.5843
328.0623
333.0418
332.5844
324.5123
327.6153
324.9528
329.4089
322.3232
335.8069
327.1693
328.9591
330.7640
335.8069
328.0623
328.5103
328.0623
329.4089
330.7640
331.2177
327.1693
331.2177
328.5103
329.4089
330.3114
333.5002
328.0623
328.0623
329.8597
330.3115
328.5103
324.5122
330.3115
336.2712
326.7242
328.0623
329.8598
332.5843
332.1278
334.4200
332.5844
325.3942
329.8596
344.3184
327.6153
330.7641
324.9529
334.4200
329.4089
331.6723
326.7241
333.0418
334.8813
333.5002
333.5002
328.5103
325.3942
328.5102
329.4089
324.5124
332.5843
340.9692
329.4089
325.8366
333.5002
333.0418
330.7640
330.3114
324.0726
325.8366
331.6723
331.2177
325.8366
328.9591
329.8596
331.2177
325.3942
325.8366
334.4200
332.1278
326.2799
323.6339
309.2395
332.1279
329.4089
334.8813
328.0624
331.2177
330.3114
332.5844
331.2177
333.5002
327.6153
325.3942
326.2799
327.1693
333.0418
326.7241
326.7241
335.3437
333.9596
332.5844
328.9591
330.3114
334.4199
333.0417
331.6723
333.0418
332.1279
332.5844
324.9528
328.5102
328.5102
330.7641
331.2177
331.2178
333.9596
333.9596
322.3232
330.3115
333.5002
332.5843
326.7241
327.6153
329.8598
326.2799
324.0726
329.8598
330.3115
320.5882
332.1279
335.8069
331.6722
328.9591
333.9596
326.7242
329.8597
334.8813
335.8069
333.0418
330.7640
330.7641
328.5102
333.0418
334.8813
333.0418
324.0727
327.1692
329.4089
329.4090
336.7365
335.8069
346.7419
328.0623
333.9596
327.1693
333.5002
332.1279
329.4089
327.6153
331.2177
333.9596
335.3437
329.8597
333.9596
333.5002
333.5002
327.6153
339.0779
331.6723
322.7592
335.3437
327.1693
332.1279
334.4200
329.4089
325.8366
328.5103
328.0623
332.5844
330.3114
328.9592
328.0623
329.4089
329.8598
330.3114
333.9596
325.3943
329.8597
324.5122
330.7641
324.9528
332.5844
331.6723
325.8366
329.4090
326.2799
334.8813
332.5843
331.6723
325.8366
334.8813
325.3942
331.2177
324.5122
333.5002
332.1279
334.4200
331.6723
326.2799
333.0418
330.7640
333.9596
324.0726
328.0623
335.8069
332.5844
331.6723
328.9591
334.4200
332.5844
338.1383
329.4089
330.3114
335.8069
333.9596
333.5002
333.5002
332.1278
326.7242
326.7242
332.5843
329.4090
330.3114
331.2177
329.4089
333.5002
331.6723
336.2712
334.4199
331.6723
334.4200
337.6701
331.2177
331.2177
335.8069
332.1279
330.7641
331.2177
329.4089
332.5844
333.5002
327.1692
327.6154
339.0779
326.2799
333.0418
337.6701
329.8598
329.8597
336.7365
330.3115
341.9209
332.5843
335.8069
334.4200
327.6153
323.6339
331.6722
335.8069
337.2028
335.3437
334.4200
327.6153
333.9596
327.6153
328.0623
331.2177
333.9596
332.1279
332.1278
334.4200
333.0418
333.0417
333.5002
334.8813
328.5102
334.4200
331.2177
325.3942
330.7641
333.5002
333.0418
330.7641
329.4089
338.1383
327.1693
332.5843
326.7242
336.2712
331.2177
329.4089
331.2177
330.7640
333.9596
338.6076
330.3115
324.5123
333.5002
332.1279
331.2177
333.0417
333.5002
330.3114
317.5860
327.6153
331.2177
340.0215
331.6723
340.4948
333.0417
333.9596
333.0418
331.2177
333.5002
331.2178
341.4445
328.0623
335.8069
334.4200
333.5002
332.1278
333.5002
332.5844
339.0779
351.1718
339.5492
333.9596
326.7242
338.1384
329.8596
340.0215
333.9596
331.6724
333.9596
332.1278
332.5843
333.0418
334.4200
333.0418
334.4200
328.0623
335.3437
331.2177
333.0417
338.1384
329.4090
335.3436
364.4771
334.8813
334.4200
321.0207
329.4090
335.8069
336.7365
333.5002
329.4089
331.6724
333.9596
327.6153
338.6076
341.4445
331.2177
337.2028
333.0418
342.3984
333.5002
354.6786
343.8368
329.4090
329.8598
330.7641
340.0215
328.9591
318.8674
330.7640
336.2712
329.4090
329.8597
331.6724
333.0417
332.1279
333.9596
341.4445
344.3183
333.5002
328.9591
342.8769
333.0418
333.9596
333.5002
332.5843
330.3115
331.6722
333.5002
332.1278
331.6724
338.1384
325.3942
329.4089
330.3114
331.2177
319.7261
332.5844
333.5002
333.9596
333.9596
333.9596
331.2177
329.8598
329.4090
331.2177
328.9591
331.2178
333.9596
332.5843
329.4089
331.6722
324.5122
339.5492
333.9596
332.5843
322.7592
332.1278
310.4701
331.2177
327.6153
334.4200
330.7640
335.8069
337.2028
327.6153
340.9692
336.7365
336.2712
328.5103
331.6724
336.7365
334.4200
335.8069
332.1278
333.9596
335.3437
333.0418
332.1279
335.8069
328.9591
332.5844
330.7641
330.7640
331.6724
333.9596
326.7241
336.7365
332.5844
331.2177
330.7640
330.7640
332.1278
333.9596
326.7242
328.5102
330.3114
331.2177
329.8596
333.9596
333.5002
331.6723
332.1279
331.6722
333.9596
329.4089
340.0215
329.8598
331.6724
330.7640
330.7641
331.6723
331.2178
332.1279
327.6153
334.4200
328.9591
322.7592
331.6724
326.7242
328.5102
329.8597
329.4089
329.4089
328.0623
332.5843
334.8813
328.9591
329.4089
331.2177
327.1693
331.6723
328.5102
329.4089
333.5002
330.3114
333.0418
326.7242
326.7242
327.6153
333.0418
322.3232
327.1692
329.4089
328.5102
321.0207
330.3114
333.0417
323.1961
331.2177
328.0623
328.5102
333.5002
337.6700
325.8366
333.9596
335.3437
332.5844
331.6722
328.9591
333.9596
332.1278
328.9591
318.4395
329.8598
324.9528
328.9591
333.9596
328.5103
329.4089
333.9596
334.8813
328.0623
325.3942
334.4200
326.2799
336.7365
332.5843
325.3942
330.3115
335.3437
327.1692
328.5102
330.3115
334.4200
323.1962
331.2177
327.1693
326.7241
329.4089
330.7641
333.0417
331.6724
331.2178
328.9591
332.5843
333.0418
328.0623
327.6153
328.5102
328.9591
330.3115
340.9692
334.4200
329.8597
329.8597
326.2799
331.2178
326.7241
329.8597
332.1279
334.4200
330.7640
332.5844
328.0623
329.8596
328.9591
318.0122
332.5843
335.8069
331.6724
323.1962
329.4090
324.9529
328.9591
339.0779
332.1279
332.5844
329.8598
333.0417
327.1693
335.3437
328.5102
331.6724
332.5843
325.8366
332.5844
329.4089
331.2177
333.9596
333.5002
328.5102
333.5002
335.3436
335.8069
331.6724
331.6723
329.4089
333.5002
331.2178
332.5843
332.5844
328.0623
333.9595
331.2178
333.9596
326.7242
331.2177
332.5844
328.0623
332.1279
336.2712
327.6153
328.9591
328.5102
330.3115
339.0779
332.5842
325.8366
329.4089
325.3943
333.9596
333.0418
326.7242
325.8366
328.0623
333.0418
331.2177
333.0418
328.0623
332.5843
332.1279
328.9591
331.2178
330.7640
326.2799
333.5002
317.1606
325.3943
333.9596
327.1693
329.4089
334.4199
328.5103
334.8813
330.7640
324.5123
327.1693
325.8366
332.1277
332.1278
328.9591
273.4146
335.8069
322.3233
332.1278
332.1279
328.0623
333.5002
328.0623
329.8597
324.0726
332.1277
323.1962
328.0623
327.1693
337.6701
331.6724
330.3114
316.7361
334.4200
324.5123
333.0417
330.7640
330.3114
327.1693
335.8069
331.2177
324.9528
335.3437
329.8598
329.4089
332.5844
325.8366
330.3115
325.8366
330.3115
320.5882
330.7641
337.2028
329.8597
329.4089
333.0418
332.1278
326.2799
320.5883
331.6724
328.9591
318.4394
328.5102
329.4089
329.4089
333.5002
328.0623
328.9591
327.1693
326.7242
323.1961
331.2177
331.6724
333.5002
349.1922
325.8366
325.8366
322.3232
330.7641
328.5103
325.8366
332.5844
324.9529
324.9528
333.5002
324.0727
318.4394
330.7640
328.0623
329.4089
325.8366
327.1693
331.2177
319.7261
330.3114
325.3943
332.1278
325.8366
324.0726
330.7641
325.8366
323.1961
328.9591
324.5122
327.6153
328.5103
326.2799
332.1277
330.3115
327.6153
325.8366
333.0418
326.7241
326.7242
331.6724
327.1692
330.7640
328.5103
325.3942
328.0623
322.7592
324.9528
325.3943
321.4539
325.8366
330.7641
325.3943
324.5122
324.0726
318.4394
326.2799
333.5002
330.3115
325.8366
326.7241
325.3942
328.5103
323.1961
333.5002
326.2799
330.3114
324.0726
323.1961
326.2799
328.5103
333.0418
328.9591
333.5002
327.1692
325.8366
327.1692
325.8366
329.4089
333.5002
325.3942
319.2963
327.6153
326.7242
324.5122
329.8597
322.3232
324.5123
324.9529
328.0623
332.5844
324.9528
322.3232
322.3233
329.4089
320.5883
325.3943
330.7640
326.7242
326.2799
326.7242
331.2177
324.5122
327.1693
323.6340
324.0726
327.6153
322.7592
328.5103
319.2963
323.6339
324.9528
327.6153
321.8882
330.7640
325.3943
327.1693
328.0623
334.4200
324.5122
334.4200
324.9528
325.8366
322.7593
326.7242
323.1961
325.8366
336.7365
327.1693
328.0623
326.2799
324.5122
326.7242
317.5861
325.3943
325.8366
327.6153
321.8882
330.7640
327.1693
321.8882
319.7260
327.6153
333.5001
321.0206
324.5123
351.1719
330.7640
326.7242
326.7242
322.3232
326.2799
317.1606
322.3232
322.7592
316.3124
324.5122
324.9529
326.7242
322.7593
326.2799
320.1567
317.5860
318.8674
327.6153
324.0727
320.5882
324.5122
336.7365
326.2799
326.7241
324.5122
327.6153
318.4394
327.6153
326.7242
333.0418
326.2799
326.2799
324.9528
337.2028
327.6153
330.7640
332.5844
317.1606
323.6340
323.6340
322.3232
326.2799
324.9529
323.6340
328.5103
324.0727
329.4089
323.1961
320.1567
330.3114
318.0122
342.3984
322.3232
320.1567
321.4539
328.0623
323.1962
318.8674
321.8882
317.1606
333.5002
321.0207
319.2963
327.6153
321.4540
324.9528
321.8882
321.0207
322.3232
330.3114
325.3943
321.0207
320.1567
322.3233
321.4540
327.1693
321.0206
319.7261
315.8896
321.0206
320.5882
321.0207
321.4539
329.4089
328.0623
316.7361
326.2799
318.4394
321.4540
320.5882
328.0623
318.0122
324.0726
324.9528
322.7593
322.3233
315.0465
320.1567
311.2947
320.5883
323.6339
318.4394
330.7640
324.5123
317.5860
319.2963
336.7365
319.7261
319.2963
299.2644
326.2799
321.0207
320.5882
310.0591
323.6340
318.0122
324.5123
320.1567
320.5882
321.0207
317.1606
322.3233
309.6489
317.5860
324.9529
317.1606
321.8882
321.4540
326.2799
316.3124
320.5883
322.3233
320.1567
319.7261
319.2963
319.2963
318.4394
321.0206
318.8674
318.0123
318.0122
320.1567
321.0206
323.1962
312.9538
321.0207
319.7260
324.5123
319.2963
312.1226
318.8675
320.5883
318.4394
319.7261
326.7242
318.0122
322.3233
318.8674
318.0122
319.2963
319.2963
310.4701
319.2963
321.0207
318.0122
318.8674
315.4677
324.0727
317.1606
318.0122
318.0122
305.1903
305.5916
319.2963
319.2963
320.1567
317.5860
318.0122
320.5883
318.0122
328.0623
321.8882
324.0727
318.4395
317.1606
320.1567
320.1567
321.4540
321.4540
310.4701
319.7261
315.8896
317.1606
320.5883
321.4539
318.4395
319.2963
319.2963
316.3124
317.5861
311.2947
320.1567
316.7361
319.7261
312.1226
318.4395
321.0206
321.4540
318.8675
316.7361
311.2947
323.6339
317.1606
311.7083
311.2947
312.9538
310.4701
319.7261
311.2947
320.1567
317.5860
321.0207
321.8882
318.8675
310.4701
311.2947
311.2947
312.9538
318.0123
321.0207
320.5883
318.0123
320.1567
317.5861
312.9538
317.1606
308.8310
309.6489
320.5883
309.2395
310.8820
315.4677
310.8820
312.5378
313.7883
307.2048
317.1606
342.3984
312.1226
312.5378
315.0465
312.5378
308.8310
310.8820
305.9937
310.0592
310.4701
318.0122
312.9538
305.5916
306.8003
318.4394
302.0081
306.8003
312.1226
307.6102
310.4702
312.1226
309.6490
311.2947
317.1606
310.0592
310.8820
309.6489
310.4702
308.0163
312.5378
312.5378
317.1606
307.2049
309.6490
309.6490
312.9538
311.2947
298.4873
303.9910
305.5916
312.1226
308.0163
319.7260
311.2947
315.4677
305.5916
307.6102
309.6489
300.8275
305.5916
306.3966
306.8003
295.7912
307.2048
304.3900
309.2396
305.9937
306.3966
318.0122
303.1955
276.8510
304.7897
308.8310
306.3966
288.2855
307.6102
306.3966
311.2947
304.7898
302.4031
306.8003
305.9937
305.9937
310.4702
302.7990
307.6102
303.9911
316.3124
303.1955
304.7897
310.4701
300.8275
302.0081
304.7897
303.5929
302.4031
304.7897
311.2947
303.5929
296.5578
303.9910
302.4031
308.8310
297.3274
302.4031
302.0081
303.9911
298.8754
304.7897
302.7989
302.0081
301.2203
305.1902
302.4031
301.2203
304.3900
305.1903
311.7083
298.4872
304.3900
303.9911
304.3900
298.8754
307.2049
298.4873
305.5916
304.3900
302.0080
304.7898
315.4677
304.3900
302.7990
301.6138
302.7990
295.7912
292.3780
304.7898
298.4873
297.7133
298.8754
298.8754
298.0999
297.7132
296.9422
302.4031
294.2669
301.2203
295.0277
298.0999
298.4873
297.7133
301.6138
297.7133
303.1955
299.6541
297.3273
299.6540
299.2644
297.7133
294.2670
297.7132
294.2669
296.1741
299.6540
297.3274
292.7543
297.7133
295.0276
295.0276
298.4872
295.0276
292.3780
299.2644
297.3273
300.8276
295.4090
293.8877
296.5578
300.4357
298.0999
294.2670
291.6275
301.6138
292.3780
293.5092
297.7132
299.6541
294.2670
287.9177
298.0998
295.0276
292.7544
294.6469
288.6541
299.6541
296.5578
293.8877
294.2670
290.5071
298.0999
295.7912
287.5506
292.0024
292.0024
296.1741
298.4872
292.3781
293.1314
292.0024
292.7543
291.2533
293.5092
293.5092
292.7543
292.0024
291.6276
296.9421
289.7638
292.7544
290.8799
293.1314
287.5505
286.8184
287.5506
286.0890
289.3932
291.6275
286.4534
289.3931
290.5072
292.0024
286.0890
286.4533
288.2855
284.6384
289.0232
287.5506
293.5092
286.8184
286.4533
290.8799
295.7912
283.1987
290.5071
288.6541
284.2774
283.1987
283.9172
288.2855
286.0890
285.0000
280.3512
285.7253
285.0000
286.0890
286.8184
282.4828
283.5576
281.0591
285.7253
284.6383
286.4534
285.7253
283.1986
287.1842
280.3512
282.4828
282.1259
284.6384
282.4828
281.4140
280.7048
278.9434
281.0591
281.7696
284.6384
281.4140
282.4828
279.6460
278.9433
281.7696
279.9983
280.7048
282.1259
275.8134
273.7554
276.1587
278.5930
276.8510
276.5045
275.8134
276.8510
277.1981
276.8510
275.8134
277.8943
278.5930
266.7263
272.7348
277.1982
275.1249
276.8510
276.1587
273.0744
275.4689
277.8943
273.4146
273.4146
274.4389
275.1249
276.8510
274.4389
275.4689
273.7554
260.5908
270.3750
274.7816
270.7103
269.0398
271.0462
271.7198
272.0576
270.0403
272.0576
273.0744
268.3758
264.7663
278.2433
269.0398
270.3750
269.7062
270.3750
265.0916
270.0403
266.3982
265.7437
262.5061
266.7264
268.7076
264.1177
269.3727
264.4418
271.0462
266.3983
268.7076
265.4174
267.0550
267.0551
267.3843
259.9569
263.7942
266.7264
263.1490
265.7437
265.7437
267.3843
260.5908
262.8272
271.0462
269.0398
258.6957
262.8272
259.0101
260.9086
259.0101
262.5060
261.8654
262.8272
264.1177
260.5908
261.8654
255.8900
264.4418
254.9645
257.1316
263.4713
259.0101
251.9140
256.5097
259.3251
255.8900
258.6957
254.9645
254.9645
254.3502
252.8236
246.2603
255.5810
253.4327
256.8203
255.5810
254.9645
237.1379
257.4433
251.6119
254.3502
250.4084
251.3102
250.4084
225.6109
252.5200
255.2725
251.3103
250.1088
247.1409
253.4327
251.0091
248.3220
248.6185
245.6757
251.0091
240.7853
248.0260
242.7821
221.7730
248.3220
241.0691
245.0931
248.0260
249.5112
243.6451
246.2603
244.5125
247.7304
245.3842
243.0693
245.3842
238.8116
239.0922
242.4954
245.0931
240.2190
243.0693
240.7853
240.5019
239.0922
237.6940
236.8606
240.5019
239.9366
235.4808
236.8606
234.9320
239.3732
236.8606
236.5838
232.4845
236.8606
234.3850
234.9320
233.0253
236.3073
232.7547
233.8398
233.0253
233.8398
232.7547
233.8398
231.9455
229.5413
227.9578
232.2148
232.2148
231.1402
228.4839
228.7476
229.0117
240.2190
227.4333
228.2207
230.0725
229.2763
226.9105
225.6109
224.5785
226.1295
224.5785
226.1295
223.2972
220.5137
222.7875
222.5333
222.5333
219.5134
225.3522
219.5134
221.2681
219.7629
219.7629
213.1604
216.5496
208.4429
219.7629
230.3388
216.5496
217.7778
216.0609
215.8172
214.8459
208.6754
214.8459
214.3625
211.2562
208.6754
211.2562
212.4436
211.4929
211.9676
211.7301
209.3750
212.9211
208.6754
211.4930
208.9082
207.9790
207.9789
206.3660
207.0552
210.0778
206.1371
207.5164
203.1904
204.0910
204.0910
204.3170
202.0722
203.1904
203.6400
201.8495
201.4051
202.2952
201.1835
198.7664
200.7411
197.8970
197.0326
198.1139
197.4642
195.7456
195.1061
196.1733
197.6804
196.6024
194.2579
191.1200
195.7455
192.7852
193.6249
188.6575
191.1200
189.2692
190.9132
188.4541
196.8174
188.6575
190.7067
187.6437
186.6369
188.2511
187.6437
184.2494
185.8367
184.8425
185.2393
185.4382
186.4365
184.2494
184.8425
184.0522
180.7417
181.7073
181.1272
180.5494
179.4008
181.5137
180.5494
176.5703
176.3836
180.1654
172.1588
173.0662
172.1588
172.5210
164.0851
172.1588
171.2574
171.9780
171.6172
171.9780
169.6498
171.9780
169.8275
168.9414
168.5886
166.4911
166.6647
166.4912
167.7107
165.9719
163.7449
163.2363
164.5970
163.4056
164.5970
163.7449
160.8884
161.5550
160.8884
160.2253
162.0571
163.0672
158.7455
158.4189
158.7455
160.8884
156.9595
156.9595
155.5165
155.0391
154.0896
155.8358
154.5634
153.3037
152.3671
151.7465
150.8213
150.5144
150.2083
148.3871
148.5378
147.9359
148.0862
146.7408
146.2956
146.1475
144.3848
143.6577
143.3681
145.4100
144.0934
141.7874
141.7874
141.7875
140.7922
141.2177
140.7922
138.9655
139.1051
136.7550
137.1663
135.1237
136.7550
136.0725
136.2087
134.5849
132.3225
132.5864
133.6480
132.7185
132.3224
131.0118
131.4035
130.2326
131.1422
130.6216
128.4345
129.3300
128.5620
126.2886
127.5460
127.4196
125.9140
125.7895
122.5983
124.4283
122.8406
123.4486
122.9619
121.9950
121.8747
121.0364
121.7546
120.2043
118.6757
119.0266
121.5146
117.3986
118.9095
116.4792
117.5141
116.8231
115.4542
117.1681
113.2106
114.7761
113.6556
111.6677
111.5583
112.2161
110.1470
110.6876
109.9315
109.0740
108.2236
107.4850
108.4355
107.3800
108.3295
107.0654
106.0236
105.8165
104.4805
104.2764
104.8897
104.1746
102.6589
101.0668
100.6727
100.8696
99.4024
99.7915
99.6941
99.3053
99.4024
98.5323
95.6862
97.9565
97.4792
96.6258
96.8148
94.5704
94.6629
95.4993
93.9254
92.9205
93.0114
92.9205
92.2864
91.3877
92.1059
90.7636
88.7413
90.0553
89.7910
89.8790
89.5275
86.7615
86.7615
86.5063
87.1883
84.9897
86.4214
85.0733
84.9062
84.8228
84.3236
84.2407
84.0750
83.7446
82.2725
82.6791
81.8677
81.3844
80.5049
80.3459
79.4764
79.0840
78.9275
79.0057
78.3819
77.3006
77.4543
77.3006
76.7649
75.1769
75.6277
75.4772
75.1020
74.0600
74.5795
75.1769
73.8384
72.8843
72.7384
72.5928
71.8684
71.5804
70.5798
70.2252
70.3669
70.7220
69.5908
69.2403
68.8913
68.8217
67.5096
67.5781
68.5437
67.3043
65.6127
66.0829
65.0121
65.2118
65.0786
64.4158
64.6803
63.9550
63.4968
63.4315
63.4968
61.8810
62.2016
60.9267
61.0533
61.1801
61.4979
60.1714
60.9900
59.7964
60.3596
58.8665
59.6095
58.9281
58.8665
58.0693
58.1303
58.0083
57.6433
57.8864
