31.0552
31.5183
33.6211
34.8976
36.0630
37.8029
38.3149
39.3978
40.4978
41.8115
42.1068
43.9045
44.6671
45.8522
47.8533
49.0372
48.3891
49.8005
50.7934
51.6309
52.3644
54.5495
55.6658
56.2001
57.2800
57.6433
59.0516
59.0516
59.4852
61.5616
61.9450
61.8810
64.7466
65.0121
66.4204
64.9456
67.0994
69.1704
69.4504
69.8722
72.0128
72.0128
73.1767
74.0601
74.2081
74.5795
74.9524
75.1769
77.0706
75.9295
77.3774
77.6853
79.2408
79.3978
80.5049
80.3459
81.3041
81.3041
82.8422
84.1578
83.3333
83.8271
84.3236
85.4925
86.1671
86.3366
87.3596
86.1671
87.1028
88.3940
88.1343
89.2647
89.0899
90.4973
90.2318
91.9259
91.2089
91.3877
92.7389
92.6482
93.1024
93.7419
92.1961
94.0173
95.3128
95.5927
96.2489
95.6862
96.4371
95.5927
96.2489
95.4060
97.8609
100.0844
98.7250
97.6698
99.9867
98.3400
99.1115
98.7250
100.0844
98.8215
100.3781
101.2645
101.3634
101.0668
101.4625
101.4625
103.9712
104.1746
102.9603
101.6609
103.0609
104.7872
102.6589
103.7682
104.2765
104.5826
105.4036
104.1746
105.4036
106.3350
105.5066
105.3006
105.8165
105.6098
105.8165
105.1977
106.1273
106.5432
108.1177
107.4850
107.6955
105.6098
108.0120
108.4355
108.4355
108.5417
108.2236
108.7543
109.3948
110.3629
109.3948
108.8607
110.1470
109.7165
110.5792
110.0392
110.0392
111.2310
108.4355
110.9046
111.8867
110.3629
109.6091
110.5792
110.5792
110.5792
111.6677
110.7960
111.4491
112.9888
112.4363
111.5583
112.2162
113.0996
112.1062
112.6570
113.4328
112.1062
113.9905
112.3262
111.2309
113.5441
112.7675
112.4363
113.0996
112.4363
112.9888
112.2162
113.3217
112.3262
112.8781
111.7772
114.7761
113.4328
113.9905
113.6555
114.6636
114.7762
113.9905
113.4328
112.8781
115.9085
115.3409
115.0017
115.1146
114.1024
115.3408
114.2144
114.4387
115.1146
116.9380
115.2277
114.8889
114.6636
115.2277
117.1681
115.6811
115.2277
115.5676
115.4542
116.8231
115.5676
116.9380
116.7084
117.0530
116.2506
117.0530
115.3409
115.7948
118.3259
116.9380
116.4792
117.2833
117.3987
116.8231
116.8231
116.2506
117.5141
117.1681
117.6297
118.6757
116.8231
118.5590
117.7455
118.4424
117.8613
117.2833
117.7455
117.9773
117.5141
118.4424
118.7925
118.2096
117.3987
117.0529
118.6757
118.3259
118.6757
117.6297
118.3259
118.7925
116.9380
118.7925
116.8231
118.7925
118.6757
118.6757
116.9380
118.9095
117.5141
117.9773
118.9095
120.0860
119.0266
118.2096
117.1681
116.7084
117.6297
119.2611
119.9678
121.0364
119.9678
118.3259
118.7925
119.1438
119.6139
118.9095
118.5590
117.6297
118.7925
117.7454
118.7925
118.6757
118.7925
119.0265
118.9095
119.9678
118.9095
119.4962
115.6811
118.4424
118.4424
118.9095
119.7317
118.9095
119.0265
119.7317
120.4414
118.6757
118.2095
118.4424
119.4962
118.9095
119.6139
122.9619
120.2043
120.4414
118.7925
119.1438
119.1438
120.4414
119.1438
124.4283
119.6139
118.6757
118.9095
119.4962
119.9678
118.9095
119.8497
119.4962
119.9678
119.0265
120.3228
119.6139
118.2095
118.9095
119.4962
119.4962
119.1438
121.8747
120.3228
119.0266
120.0860
118.3259
120.3228
119.2611
121.1558
120.5602
119.7317
120.7980
120.6790
119.2611
119.4962
119.7317
120.5602
121.9950
119.8497
120.3228
119.8497
119.3786
119.4962
119.2611
119.9678
119.9678
120.5602
120.5602
121.1557
120.5602
121.1557
119.3786
118.9095
121.0364
119.2611
120.7980
120.2043
121.6345
120.5602
120.5602
121.1557
120.6790
120.9171
120.4414
119.6139
119.9678
120.0860
119.7317
121.6345
121.1557
119.9678
121.5146
121.0364
119.1438
121.0364
120.9171
120.0860
121.1558
120.0860
119.1438
121.9950
120.2043
120.2043
119.4962
120.2043
121.9950
121.5146
122.8406
121.8747
121.2752
120.2043
121.0364
121.0364
119.4962
120.6790
120.7980
121.9950
120.2043
120.7980
120.9171
121.5146
121.8747
120.7980
121.0364
121.5146
120.6790
120.2043
120.7980
121.3949
121.5146
122.2359
120.9171
120.4414
123.0834
120.9171
121.3949
122.1154
120.3228
121.8747
119.4962
122.1154
121.3949
121.5146
119.2611
122.3566
121.1558
120.4414
121.7546
120.9171
123.0834
122.8406
122.7194
121.5146
122.1154
121.8747
120.6790
119.6139
120.3228
122.3566
119.6139
119.4962
120.4414
120.6790
121.1558
120.0860
121.2753
118.9095
121.3949
124.3054
120.9171
120.9171
122.1154
121.1557
121.0364
121.0364
121.1558
122.2359
120.5602
121.2753
121.6345
121.2752
116.5938
122.3566
121.3949
121.8747
121.1558
120.3228
119.3786
121.6345
121.1557
121.8747
123.8150
121.5146
121.6345
122.5983
117.6297
121.5146
123.3267
122.3566
121.8747
121.6345
121.6345
121.7546
122.4774
120.4414
122.2359
122.1154
119.8497
121.0364
121.1557
122.2359
118.6757
121.0364
120.6790
121.6345
121.9950
122.5983
121.2753
122.8406
122.9619
123.0834
122.3566
120.6790
120.9171
120.7980
122.9619
122.2359
120.6790
120.7980
122.3566
122.1154
122.3566
122.4774
122.8406
123.3267
122.5983
122.2359
123.8150
123.3267
123.6927
122.8406
122.3566
122.4774
124.4283
122.7194
120.3228
122.1154
123.6927
122.2359
119.2611
122.8406
122.4774
124.0599
122.8406
122.4774
121.5146
124.1825
123.6927
122.9619
121.6345
123.9374
122.7194
119.1438
119.9678
123.8150
121.8747
120.7980
124.3054
121.8747
121.6345
125.4166
122.9619
122.5983
122.2359
122.2359
122.5983
122.8406
123.9374
122.9619
123.3267
122.4774
123.0834
122.5983
121.2752
121.5146
122.2359
122.7194
122.1154
125.0450
123.2050
122.4774
122.7194
124.6746
124.0599
122.5983
121.8747
123.6927
123.4486
122.4774
121.0364
122.7194
123.0834
128.0529
123.6927
122.9619
124.6746
121.8747
121.2752
123.2050
124.7979
122.9619
124.3054
123.2050
124.5513
125.0450
124.0599
124.6746
128.9454
123.3267
124.0599
124.1825
124.7979
123.9374
123.6927
125.0450
124.9214
122.1154
122.7194
123.5706
123.8150
124.1825
124.1826
124.4283
122.9619
125.2926
123.9374
122.7194
121.5146
123.3267
124.4283
122.8406
124.9214
124.4283
125.4166
122.9619
122.8406
125.2926
121.9950
122.9619
123.8150
122.4774
122.8406
124.5514
122.7194
124.5513
124.6746
123.9374
124.6746
124.4283
122.7194
124.0599
125.0450
120.9171
124.4283
127.1673
122.5983
127.0413
124.4283
122.9619
123.9374
123.4486
124.4283
122.7194
122.9619
124.4283
122.9619
123.9374
123.6927
123.8150
123.4486
123.8150
123.8150
122.4774
122.1154
122.1154
123.0834
121.9950
121.7546
122.7194
124.3054
126.0388
125.9140
121.5146
123.9374
123.3267
122.4774
124.3054
124.7979
121.9950
122.8406
123.6927
123.3267
122.8406
122.4774
119.6139
123.5706
122.4774
122.8406
124.5514
122.7194
123.3267
122.9619
123.0834
122.5983
121.9950
123.3267
124.6746
122.1154
123.3267
123.2050
122.5983
123.0834
123.6927
122.5983
123.9374
123.3267
124.5513
124.0599
122.2359
122.2359
122.8406
122.2359
123.5706
122.5983
123.8150
124.6746
123.2050
123.8150
123.0834
124.1826
124.4283
122.8406
122.4774
121.3949
122.7194
122.1154
121.9950
122.3566
122.8406
122.5983
123.3267
122.8406
122.5983
121.5146
122.5983
122.3566
120.3228
122.3566
122.5983
123.0834
122.9619
122.2359
121.1558
123.9374
123.3267
122.7194
122.9619
122.8406
123.3267
123.8150
123.5706
121.3949
125.1687
122.4774
123.4486
123.6927
122.9619
123.2050
118.5590
117.8613
122.7194
121.7545
119.7317
122.3566
122.4774
121.5146
122.4774
121.7546
123.3267
122.4774
122.5983
121.2752
121.9950
121.3949
122.3566
122.8406
122.5983
122.3566
123.2050
121.1557
120.0860
122.1154
122.4774
121.9950
122.5983
120.6790
121.2752
122.2359
122.4774
122.5983
122.4774
123.0834
121.7546
122.4774
122.4774
122.8406
122.5983
121.5146
119.3786
122.1154
122.3566
123.0834
122.2359
122.7194
123.2050
122.4774
121.9950
121.9950
121.6345
122.1154
121.2753
121.6345
124.5514
121.5146
121.7545
121.5146
120.5602
122.4774
121.3949
122.4774
122.5983
122.4774
120.2043
120.9171
121.3949
120.7980
121.1557
121.3949
120.5602
122.1154
121.3949
122.3566
121.1557
120.7980
120.5601
121.1557
122.5983
121.3949
122.1154
121.1557
119.8497
122.2359
121.5146
120.9171
122.4774
123.4486
121.6345
121.1557
121.6345
121.5146
121.0364
121.8747
120.7980
119.2611
121.5146
121.8747
118.7925
120.0860
122.4774
121.3949
119.3786
121.3949
121.0364
122.3566
121.8747
120.2043
120.0860
122.1154
120.6790
119.3786
119.9678
119.3786
120.0860
120.2043
120.7980
120.4414
120.6790
121.7546
121.0364
120.6790
126.2886
120.9171
120.5602
121.5146
120.7980
120.9171
116.2506
120.6790
121.8747
121.0364
120.3228
120.2043
119.7317
118.5590
120.3228
120.4414
121.0364
120.2043
120.0860
118.3259
118.9095
120.7980
119.7317
123.5706
120.7980
119.9678
120.6790
120.7980
119.6139
119.2611
118.4424
119.6139
121.0364
118.5590
118.5590
119.2611
122.9619
119.8497
119.7317
118.7925
118.7925
119.9678
119.0266
119.2611
118.6757
118.9095
115.7948
117.7455
119.3786
120.9171
117.7454
118.3259
118.6757
116.9380
118.3259
118.2095
118.5590
119.1438
118.4424
118.9095
118.7925
119.0266
117.7455
120.4414
117.5141
118.5590
116.9380
117.1681
117.3986
116.8231
117.9773
117.3987
117.3987
116.3649
116.8231
117.0529
116.5937
118.6757
119.0266
112.9888
115.9085
118.0934
115.7948
116.4792
116.3649
116.0224
117.0530
116.0224
115.3409
116.1365
116.5937
116.8231
115.9085
115.4542
115.2277
113.2106
116.3649
116.5938
115.0017
115.9085
114.4387
115.5676
114.8889
114.3265
115.9085
113.0996
115.2277
115.3409
114.2144
113.3216
114.5511
112.9888
114.4387
112.7675
112.1062
113.2106
112.2161
112.3262
112.6570
111.6677
110.4710
111.3400
111.6677
111.7772
111.0133
110.7960
111.2310
110.5792
111.3400
111.0132
112.8781
111.2310
110.5792
110.2549
110.4710
110.3629
108.6479
108.2235
110.2549
109.5019
108.8607
108.7543
108.9673
110.0392
108.7543
109.6091
108.3295
108.9673
108.1177
108.1177
108.2235
107.8009
107.6955
106.5432
106.4390
106.4391
107.1701
108.5417
106.8562
107.5902
106.0236
105.5066
106.5432
105.8165
105.4036
105.3006
105.6098
104.5826
102.9603
103.5656
103.7682
105.1977
103.0609
103.1617
101.7603
101.9593
100.8696
101.5617
100.9681
101.9593
100.2801
100.0844
100.5744
100.1822
99.5968
98.5323
99.5968
100.2801
99.4024
98.3400
98.0522
97.5745
98.9181
97.3840
96.8148
96.7202
95.4060
97.2889
94.9409
94.8482
96.5314
94.1093
95.5927
93.5588
94.0173
92.1961
92.3767
93.4673
92.4671
91.2089
89.7031
90.4088
89.5275
88.4807
89.6153
89.0026
88.0479
88.2208
88.0479
87.0174
86.5913
85.4085
85.4925
85.1570
85.8292
84.8227
85.0733
84.0750
80.8237
83.0056
81.7870
81.6257
80.9036
79.2408
80.2665
80.5845
79.5551
79.3978
79.1624
77.9169
76.9941
76.6886
75.4021
75.7031
75.6277
74.9524
74.5795
73.9122
73.3233
71.8684
73.9122
72.0851
70.0838
70.5798
69.5908
69.4504
68.5437
67.9906
68.0595
67.2359
65.5458
66.0155
65.1452
63.9550
63.3012
62.0091
61.4343
61.6892
60.4224
60.6111
59.9212
58.7433
58.9281
57.3405
57.0990
57.2197
55.1938
55.1350
54.3166
54.1423
53.4492
52.2511
52.5346
50.7379
51.4627
50.3505
49.5816
49.5270
48.6045
48.6045
47.2155
46.8460
46.5831
45.8522
45.3346
44.8718
44.5650
44.5650
43.9045
43.1500
41.9590
41.9098
41.4197
40.4015
39.8262
39.5403
39.2556
38.0817
38.3149
37.0190
36.9274
36.7445
36.0177
35.4778
34.1463
34.0146
33.5339
33.4034
33.2732
33.2732
32.7547
31.2653
30.5123
31.4338
30.5123
29.7267
28.4248
28.9099
28.6669
28.0633
27.9433
27.1093
26.6768
26.5985
26.4031
25.9366
25.3583
24.9376
24.7853
24.0670
24.1422
23.6549
23.6922
23.1343
22.8020
22.5814
21.9608
21.9608
21.2027
20.8094
20.9164
20.6315
20.5250
20.2418
19.5049
21.2745
19.6446
19.9952
20.9522
21.1310
22.5814
22.7652
23.6922
24.5197
24.9757
25.9366
25.7046
27.5051
28.1034
29.2354
29.2762
30.4291
31.2653
31.3074
32.1976
33.1432
33.5775
35.6124
35.3882
36.8816
36.8359
38.2682
38.5488
39.8739
41.7133
41.1759
42.2549
42.3043
44.7182
45.2315
45.7484
45.8003
47.4275
48.9288
45.8522
49.8553
50.2401
52.1379
53.2195
54.2584
54.2003
54.9589
55.4294
57.2196
57.7040
58.3749
59.2371
60.8635
61.3071
61.7531
63.3663
64.1522
64.8129
65.5458
65.9483
67.2359
67.4411
68.8913
69.5907
70.0132
70.5798
71.9406
72.5201
73.6909
73.0304
73.5437
73.8384
76.2324
76.8412
77.2239
77.3006
78.9275
78.8494
79.8706
80.7439
82.3537
80.8237
81.6257
81.6257
83.7446
83.4155
83.4155
84.7394
85.2408
85.7449
86.3366
87.3596
88.3074
88.3940
89.1773
88.3940
89.9671
89.8790
91.1197
91.2089
91.2089
92.1961
92.4671
92.7389
92.1961
93.1024
93.1024
92.6482
95.3128
95.4993
95.8734
95.1267
96.1548
96.7202
98.1481
96.6258
98.2440
97.6698
99.5968
98.6286
98.8215
98.8215
98.9181
99.5968
98.9181
100.3781
100.3781
100.0844
101.3634
101.4625
101.5617
101.2645
102.5587
104.1746
102.5587
104.8897
102.9603
103.5656
105.0949
103.7682
104.7872
105.4036
105.1977
104.9923
105.6098
106.4391
106.8562
106.6474
106.3350
106.0236
108.0120
108.0120
109.6091
107.5902
108.0120
107.1701
109.0740
109.8239
109.1808
109.1808
108.3295
108.6479
110.3629
109.8239
109.5019
110.7960
110.9046
109.0740
111.0133
110.9046
111.1221
110.1469
111.8867
110.6876
111.4491
111.0132
110.7960
111.3400
112.5466
112.5466
112.3262
112.6570
113.0996
113.6556
111.5583
113.7671
115.0017
110.9046
112.3262
112.8781
114.2144
113.7671
113.3217
113.5441
113.8787
114.6636
113.6556
114.2144
114.2144
113.4328
113.9905
112.9888
114.3265
115.2277
115.1146
119.1438
115.2277
115.4542
115.0017
116.2506
114.4387
113.9905
114.7762
114.5511
115.1146
115.7948
116.7084
115.7948
118.6757
116.0224
115.9085
117.0530
116.4792
116.4793
115.5676
118.6757
114.8888
117.0530
118.0933
117.5141
117.5141
116.4792
116.9380
117.2833
117.3987
117.6297
117.3987
117.2833
119.0265
116.2506
117.1681
118.4424
116.9380
118.4424
119.4962
116.5937
117.2833
117.7454
118.5590
117.2833
118.6757
116.8231
118.0934
119.0266
119.1438
118.7925
118.6757
119.2611
119.1438
119.4962
120.6790
118.5590
117.2833
119.6139
117.9773
119.7317
124.5514
120.9171
123.2050
117.9772
120.2043
120.6790
119.6139
119.0266
119.3786
119.2611
120.5602
119.1438
122.2359
118.5590
118.6757
118.7925
120.2043
119.2611
118.9095
120.9171
121.1557
120.3228
120.4414
121.6345
120.9171
122.2359
118.5590
120.3228
120.2043
118.2095
119.6139
122.7194
122.8406
121.1557
121.1557
121.1557
120.5602
119.4961
120.9171
122.2359
121.3949
120.7980
120.7980
119.3786
120.3228
120.3228
121.8747
116.1365
121.0364
122.2359
120.4414
122.8406
121.3949
122.2359
120.7980
121.0364
120.9171
120.6790
120.6790
120.6790
121.7546
120.3228
119.9678
122.2359
120.7980
119.4962
121.7546
121.5146
120.5602
121.5146
121.1558
121.7546
119.6139
120.9171
121.0364
119.9678
120.9171
120.4414
121.6345
119.9678
119.8497
121.5146
121.9950
121.1557
118.9095
121.9950
122.5983
120.7980
120.9171
121.9950
123.0834
121.7546
122.3566
122.3566
122.5983
116.0224
121.9950
121.2752
121.6345
122.4774
122.8406
121.8747
120.6790
122.2359
121.0364
119.7317
122.5983
122.2359
121.8747
122.8406
122.4774
122.4774
121.3949
121.9950
120.9171
121.9950
123.2050
122.3566
122.5983
123.4486
121.7546
122.4774
121.3949
121.2752
122.9619
120.7980
122.1154
122.5983
122.4774
122.9619
123.0834
123.0834
122.8406
122.4774
122.4774
122.5983
123.3267
119.7317
120.5602
122.1154
121.9950
122.4774
121.6345
123.6927
122.3566
123.5706
120.4414
123.2050
122.9619
120.3228
123.4486
121.3949
122.7194
123.4486
120.9171
122.9619
122.8406
122.9619
121.7546
122.8406
122.4774
123.9374
122.4774
123.6927
122.9619
123.2050
123.8150
123.9374
122.5983
122.4774
122.5983
122.5983
123.3267
122.2359
122.9619
122.7194
122.8406
122.7194
121.7546
121.0364
123.6927
122.3566
120.6790
121.9950
122.1154
123.8150
123.2050
124.4283
121.6345
123.6927
122.8406
121.3949
123.2050
121.8747
122.2359
125.6650
123.8150
123.5706
122.5983
123.4486
122.3566
124.0599
122.2359
124.6746
124.1826
124.5514
123.6927
126.1636
123.8150
124.3054
122.7194
124.6746
119.4961
122.4774
122.5983
120.7980
124.0599
120.9171
122.2359
123.3267
120.5602
121.8747
123.8150
124.0599
125.0450
125.0450
122.8406
124.1825
124.7979
123.9374
124.9214
124.3054
120.7980
122.8406
123.6927
123.6927
122.8406
122.8406
122.2359
121.1557
123.5706
122.5983
123.0834
122.7194
123.0834
122.3566
123.3267
122.8406
123.2050
122.7194
123.8150
122.1154
124.4283
122.7194
120.9171
122.8406
123.2050
122.2359
122.5983
123.0834
121.5146
125.0450
126.5389
121.0364
123.4486
123.0834
122.1154
124.4283
123.0834
121.1557
125.9140
121.3949
122.9619
123.9374
123.6927
123.2050
123.3267
123.4486
122.9619
123.0834
122.9619
124.9213
123.8150
122.7194
124.7979
124.9214
123.2050
123.0834
124.3054
123.0834
122.1154
123.5706
123.9374
124.3054
124.7979
124.5513
123.3267
123.0834
122.4774
126.2886
124.3054
122.7194
123.6927
124.9214
124.1826
124.1826
123.2050
124.3053
125.1687
124.6746
124.7979
121.9950
126.5389
126.5389
122.9619
126.6643
123.2050
124.0599
122.2359
124.1826
124.5514
124.3053
123.8150
124.4283
124.5514
122.9619
124.0599
122.3566
122.8406
123.6927
124.5514
122.7194
121.1558
126.0387
125.1687
130.4917
123.8150
126.5389
125.0450
123.3267
124.4283
122.8406
122.8406
122.3566
123.9374
124.3053
123.2050
123.5706
123.3267
124.5514
124.3054
124.7979
124.3054
124.5514
124.0599
124.4283
123.8150
124.5514
124.7979
124.5514
121.9950
123.6927
124.3053
122.7194
124.4283
125.1687
122.7194
123.4486
123.0834
123.2050
123.2050
124.6746
123.6927
123.3267
124.4283
123.3267
123.3267
122.9619
122.5983
124.0599
124.6746
121.8747
124.5514
123.4486
123.6927
123.0834
124.3053
125.1687
122.5983
121.9950
123.0834
123.3267
123.3267
123.3267
123.6927
124.6746
124.3054
123.5706
122.9619
122.5983
121.5146
124.1826
125.2926
124.5514
122.4774
124.4283
122.7194
122.3566
122.9619
123.2050
122.7194
123.3267
123.2050
124.6746
124.4283
124.3054
123.3267
124.1826
122.8406
122.9619
123.8150
122.5983
123.6927
123.0834
123.2050
124.1826
122.9619
123.6927
123.8150
122.7194
122.3566
123.8150
123.4486
123.4486
123.9374
123.2050
122.3566
124.3054
122.8406
122.5983
122.8406
122.2359
122.5983
122.7194
123.9374
123.9374
124.7979
123.9374
124.0599
122.2359
122.8406
123.3267
122.4774
121.8747
122.2359
122.4774
123.3267
124.0599
122.9619
123.8150
124.0599
123.2050
122.9619
123.8150
122.4774
122.1154
123.3267
127.5460
122.1154
127.1673
123.0834
122.4774
123.0834
124.0599
122.9619
122.4774
122.5983
123.0834
123.2050
124.1826
122.9619
122.7194
123.5706
124.4283
123.0834
122.9619
124.3054
123.4486
123.2050
123.5706
121.8747
122.9619
122.8406
123.3267
123.0834
124.0599
123.0834
123.3267
124.0599
122.2359
122.7194
125.1687
123.3267
122.5983
123.0834
121.6345
124.1826
122.9619
123.5706
122.8406
121.2753
122.1154
122.4774
121.6345
122.9619
122.5983
122.7194
123.3267
122.8406
124.6746
121.6345
121.3949
123.4486
125.1687
122.1154
121.6345
122.2359
123.6927
122.8406
123.8150
121.8747
121.3949
122.5983
122.7194
122.5983
122.8406
122.9619
122.7194
122.3566
121.5146
122.5983
121.6345
122.5983
123.0834
122.7194
122.1154
123.4486
122.1154
122.4774
122.4774
122.7194
122.7194
122.5983
121.8747
122.2359
122.4774
122.8406
121.8747
122.2359
123.9374
122.3566
122.4774
121.8747
123.6927
121.9950
122.4774
122.8406
122.4774
122.1154
122.9619
123.2050
122.3566
121.8747
121.9950
123.0834
116.9380
119.8497
119.8497
121.9950
122.1154
121.8747
120.3228
122.3566
121.3949
121.3949
121.8747
122.9619
121.1557
121.6345
121.7545
121.7546
119.1438
120.6790
122.5983
121.2752
123.0834
121.6345
120.6790
119.4962
121.2753
121.2752
121.1557
120.5602
120.0860
121.3949
121.6345
120.5602
120.4414
121.9950
122.4774
120.9171
120.9171
121.7546
120.3228
121.7546
121.9950
120.6790
122.1154
120.9171
119.9678
120.5601
121.6345
119.9678
117.8613
120.0860
120.4414
121.1557
120.2043
119.6139
120.6790
120.7980
122.7194
119.8497
119.1438
122.9619
119.4962
118.5590
119.0265
120.6790
119.3786
119.9678
120.7980
120.5602
120.3228
120.3228
120.4414
116.9380
120.2043
118.9095
119.8497
118.6757
120.4414
119.4961
120.3228
120.5602
117.3986
119.9678
119.2611
118.7925
119.1438
119.8497
120.5602
118.7925
119.4962
118.5590
120.0860
121.5146
119.4962
119.9678
119.0265
120.3228
122.2359
118.5590
118.7925
120.3228
119.2611
118.9095
119.8497
119.0265
120.9171
118.2096
120.4414
119.1438
118.7925
119.0265
119.7317
119.2611
120.0860
118.4424
119.4962
117.2833
118.0934
119.2611
118.7925
118.5590
118.4424
117.6297
120.2043
118.7925
116.7084
117.1681
117.3987
116.1364
115.4542
116.2506
115.3408
118.5590
120.5602
117.0530
115.9085
117.0530
117.9773
116.7084
116.2506
115.7948
115.5676
115.5676
115.2277
116.2506
115.7948
116.2506
117.3987
115.9085
114.7762
115.5676
115.7948
115.3409
120.2043
114.8888
115.0017
114.4387
115.0017
115.6811
113.7671
113.4328
113.2106
114.6636
114.3265
113.8787
113.7671
112.9888
113.8787
114.2144
113.2106
113.3217
113.3216
112.3262
111.2309
111.4491
112.2162
111.0133
111.1221
112.3262
110.4710
112.5466
111.1220
110.0392
111.2310
111.0132
111.5583
110.6876
110.4710
109.3948
109.6091
109.8239
109.7165
110.0392
109.8239
109.3948
109.1808
111.4491
109.0740
108.0120
109.8239
109.1808
106.2311
107.0654
108.0120
107.8009
108.6479
107.9064
106.8562
107.8009
106.3350
107.3800
108.0120
104.8897
107.2750
105.8165
105.6098
104.1746
105.6098
105.0949
105.0949
104.4805
104.9923
110.4710
104.5826
102.9603
103.8697
101.7603
103.2625
101.7603
101.1656
101.3634
100.7711
100.5744
101.3634
101.3634
99.5968
99.7915
99.7915
98.5323
99.2084
99.3053
97.8609
97.8609
97.1939
98.3400
96.3430
97.1939
97.2889
95.6862
94.6629
93.8336
94.9409
95.2197
95.2197
94.6629
94.8482
95.3128
92.7389
92.3767
91.7461
91.9259
92.9205
91.1197
90.1435
89.3522
89.8790
89.9671
89.9671
89.0899
88.5675
87.3596
87.6171
85.9136
86.0825
86.1671
84.9897
86.0825
85.3246
83.4976
84.2407
83.1693
83.0874
81.8677
81.7063
80.8237
80.9036
80.5845
79.1624
79.1624
78.5375
78.4597
79.0057
77.3774
75.9295
76.0052
75.3270
75.6277
75.1020
75.1020
73.6173
72.9573
73.0304
72.5201
71.4367
70.7220
70.2252
70.2252
69.6610
67.9906
67.5781
66.6913
65.8811
66.0829
65.5458
61.9450
64.4818
64.5479
61.8810
62.0091
61.2436
66.8951
60.1714
60.2341
58.4362
58.5589
57.5220
57.8256
56.3194
55.9622
55.1350
54.9003
54.1423
53.2195
52.3644
52.1945
51.6309
51.4067
50.5716
50.1300
48.6585
48.7124
49.0914
47.3214
46.7407
46.4259
45.9042
45.2315
45.6447
45.0771
44.1578
45.9562
43.0999
41.9590
42.1561
41.3709
40.9815
40.3533
39.7307
38.9249
38.2215
37.6639
38.8307
36.9732
36.0178
36.2440
35.1647
34.6315
34.7201
33.1432
35.2094
33.2732
32.4970
32.1976
31.1812
31.2653
31.0133
30.5955
29.4806
29.8501
29.3579
28.6265
28.6669
27.6641
27.0699
27.1883
26.6768
26.7160
26.2472
25.6275
25.2433
24.9757
24.8614
24.2552
23.8419
23.0973
23.5430
22.8020
22.6549
22.1063
21.8519
21.3464
21.5265
21.0236
20.3125
20.4895
19.9952
19.7496
19.7146
19.1225
18.9495
19.1572
19.1572
19.1919
20.2772
20.5250
21.7071
21.9245
22.5081
23.6549
23.7670
23.6922
25.8592
25.9753
27.2673
27.6641
27.8634
28.6669
29.6856
30.7623
30.4291
31.6451
32.6687
33.1865
33.9270
34.5430
35.7472
36.3802
36.9732
37.6639
38.4084
39.8262
40.5943
41.1759
42.0575
43.0500
44.1578
44.1071
46.2168
46.5307
46.6356
47.9067
48.9830
49.5816
50.5716
51.4627
51.7996
52.6483
53.5067
55.1938
55.4884
56.1406
56.4986
56.9786
58.6818
59.7964
60.6742
61.5616
61.6892
61.7531
63.9550
65.5458
66.2852
66.8272
67.6467
67.9217
68.6826
68.1976
70.7932
71.5804
71.2217
72.2299
73.0304
73.2500
73.8384
75.2519
75.2519
76.6886
77.2239
78.3042
77.8396
78.5374
79.3193
80.2665
81.6257
82.8422
81.9485
82.1104
82.6790
83.9097
84.1578
83.9923
85.3246
85.3246
87.6171
87.1883
87.3596
87.7892
89.6153
93.0114
88.1343
89.6152
90.4088
91.5667
92.3767
91.4771
92.3767
92.4671
92.4671
93.5588
93.7419
95.9671
95.8734
94.5704
95.7797
95.4060
96.1549
96.4371
95.0338
96.9094
97.4792
98.8215
97.5745
98.5323
98.3400
99.7915
98.9181
100.4762
100.9681
100.1822
100.7711
102.1587
101.4625
101.5617
102.8597
101.9593
101.4625
102.1587
102.6589
103.7682
104.5826
105.8165
104.9923
105.4036
104.9923
105.5066
106.7517
106.0236
106.2311
106.0236
106.0236
106.6474
107.1701
105.7131
106.3350
107.9064
110.5792
109.3948
108.7543
108.3295
108.4355
109.3947
108.2236
108.1177
108.9673
108.5417
108.9673
110.1469
111.2310
111.1221
110.5792
110.5792
110.1469
111.8867
110.7960
112.3262
111.4491
111.0132
112.1062
111.8867
114.5511
110.4710
111.8867
112.4363
112.2161
111.6677
111.1220
112.2162
111.8867
113.3217
113.4328
113.9905
113.6556
113.7671
113.7671
112.2162
113.3217
113.6555
113.8787
114.7762
115.4542
113.0996
114.5511
115.5676
114.6636
115.1146
114.7761
113.7671
115.6811
110.1470
116.1365
114.7762
115.2277
115.3409
115.3409
115.0017
115.3409
116.3649
115.4542
115.7948
115.0017
115.9085
116.8231
117.1681
116.8231
116.7084
116.7084
117.0529
117.2833
118.0934
115.4542
117.0530
117.6297
117.8613
117.3986
117.9773
117.7455
117.1681
117.5141
117.8613
117.7454
117.1681
119.0265
118.3259
118.7925
118.5590
118.3259
117.9773
117.6297
118.5590
120.4414
120.4414
119.3786
118.5590
118.4424
118.7925
119.3786
119.2611
119.7317
118.7925
119.3786
119.3786
118.9095
120.7980
118.9095
118.3259
119.0266
119.7317
119.4962
119.4962
119.8497
119.1438
118.6757
119.0266
118.6757
119.1438
120.4414
120.2043
119.9678
118.2095
118.5590
119.7317
120.6790
120.4414
120.2043
120.0860
122.1154
119.6139
120.5602
120.2043
121.0364
120.4414
121.0364
119.6139
120.2043
119.8497
120.2043
120.0860
118.9095
119.7317
119.8497
120.0860
120.6790
122.8406
120.7980
120.4414
120.4414
120.9171
120.7980
121.2752
121.7546
120.4414
121.8747
122.3566
121.2752
120.7980
120.5601
121.9950
122.1154
120.3228
119.9678
120.2043
121.5146
122.1154
120.6790
121.1557
121.3949
121.9950
120.7980
120.5601
122.3566
122.3566
122.2359
120.2043
120.6790
122.7194
122.7194
121.7546
122.7194
123.2050
123.6927
121.8747
122.1154
119.8497
119.7317
120.4414
121.8747
122.3566
122.2359
121.8747
121.1557
122.7194
124.3054
122.9619
122.2359
120.2043
121.2752
122.7194
122.2359
123.6927
121.1557
124.6746
119.3786
121.3949
120.3228
122.5983
120.4414
123.4486
121.7546
122.7194
122.8406
120.5601
122.5983
125.9140
124.5514
122.9619
122.4774
122.2359
123.4486
124.3054
125.5408
122.4774
122.4774
122.5983
121.1557
120.9171
122.4774
121.9950
124.4283
122.5983
122.7194
122.4774
121.9950
124.6746
122.1154
125.7895
120.3228
122.4774
122.7194
120.6790
122.5983
122.1154
123.6927
121.7546
122.7194
122.9619
117.6297
122.9619
124.0599
122.3566
122.2359
122.2359
123.8150
122.5983
122.7194
122.7194
123.3267
123.6927
122.5983
121.1557
122.1154
122.5983
122.5983
123.3267
122.8406
124.0599
123.3267
123.9374
122.2359
122.5983
123.3267
121.9950
123.8150
122.8406
122.7194
121.7545
121.5146
121.1558
121.8747
121.3949
122.7194
122.7194
122.4774
124.3054
122.7194
122.5983
123.0834
126.4137
123.5706
124.6746
123.3267
122.5983
123.5706
121.3949
123.2050
123.2050
123.2050
122.5983
123.0834
124.1826
122.9619
123.2050
122.8406
122.4774
123.9374
123.5706
123.5706
124.1826
123.2050
122.2359
122.7194
123.0834
121.0364
123.5706
123.3267
121.3949
122.7194
123.3267
122.5983
123.6927
121.2752
121.7545
124.0599
122.7194
122.9619
122.8406
120.7980
124.6746
121.3949
122.4774
122.8406
121.3949
121.9950
123.4486
122.7194
123.0834
124.6746
123.6927
126.6643
123.3267
123.4486
124.3054
122.5983
124.1825
122.9619
124.3054
124.1826
122.9619
123.8150
125.9140
124.7979
124.4283
123.3267
123.2050
122.4774
122.4774
124.7979
123.0834
123.9374
121.8747
124.0599
123.5706
124.4283
123.4486
123.5706
124.6746
123.4486
121.9950
123.5706
122.9619
125.1687
122.5983
122.8406
124.5514
124.6746
125.1687
122.7194
122.4774
124.4283
122.2359
122.5983
123.4486
123.0834
124.5513
126.9155
124.1825
126.1636
123.3267
123.2050
122.3566
123.6927
122.7194
124.7979
122.2359
119.4961
120.9171
123.2050
123.8150
123.6927
122.1154
124.4283
125.1687
123.6927
123.2050
125.5407
123.6927
123.0834
122.8406
126.7899
123.0834
123.9374
120.4414
123.4486
124.3054
126.2886
126.2886
126.7899
124.6746
123.3267
124.4283
122.3566
125.0450
123.6927
124.3054
122.7194
122.7194
124.1826
122.9619
122.7194
122.4774
124.6746
124.1826
122.7194
123.0834
124.4283
124.3054
124.1826
123.6927
124.0599
124.6746
122.5983
125.0450
123.0834
124.3054
124.0599
124.4283
122.7194
123.9374
123.4486
123.2050
120.7980
124.0599
124.3054
124.6746
124.5514
123.3267
124.5514
124.1825
124.6746
123.4486
123.3267
124.6746
123.5706
123.2050
124.3054
124.1826
123.6927
123.2050
123.8150
124.1825
124.6746
122.8406
123.6927
124.5514
123.5706
124.3053
124.4283
122.7194
122.7194
124.0599
124.1826
124.6746
123.4486
123.5706
123.3267
123.5706
121.9950
118.4424
123.8150
123.4486
122.2359
121.8747
123.8150
124.4283
122.5983
123.4486
123.8150
123.9374
122.4774
123.5706
124.9214
122.2359
123.4486
122.1154
123.3267
122.4774
123.8150
125.9140
123.8150
124.4283
123.8150
123.8150
123.5706
123.0834
122.4774
130.1032
120.7980
123.4486
123.3267
122.8406
123.3267
123.3267
122.5983
124.4283
124.5514
124.5514
122.7194
123.6927
124.3053
122.4774
120.4414
123.6927
121.8747
122.1154
124.7979
123.5706
124.3054
126.9155
123.6927
121.0364
123.6927
124.5514
123.3267
121.5146
123.3267
122.1154
122.4774
122.4774
123.4486
123.4486
123.0834
122.7194
123.8150
123.2050
122.8406
121.8747
122.9619
122.8406
122.3566
123.9374
120.0860
123.2050
124.4283
122.9619
123.6927
124.6746
124.3054
123.0834
122.5983
122.8406
123.6927
123.5706
123.8150
123.0834
123.9374
123.8150
120.5601
122.3566
123.0834
124.1826
122.9619
122.9619
121.7546
123.3267
122.9619
122.2359
122.8406
122.9619
123.4486
122.4774
119.9678
122.4774
122.5983
123.6927
122.2359
123.0834
120.4414
124.6746
122.2359
121.0364
123.6927
122.8406
122.4774
122.9619
123.4486
122.4774
122.2359
122.3566
122.7194
122.4774
123.8150
122.7194
121.9950
121.7545
122.8406
117.3987
122.4774
122.3566
123.9374
123.5706
122.7194
125.2926
122.4774
122.3566
121.9950
122.8406
123.4486
123.6927
122.4774
122.1154
123.2050
122.3566
123.5706
119.8497
123.6927
122.9619
123.0834
121.3949
122.2359
122.8406
121.3949
122.2359
123.4486
122.7194
122.8406
123.4486
122.9619
121.3949
121.6345
123.8150
123.3267
121.1558
121.1557
122.2359
121.1557
122.5983
122.3566
123.4486
122.2359
122.2359
121.6345
122.5983
122.7194
122.1154
123.2050
122.1154
122.7194
121.8747
122.8406
122.4774
125.0450
122.8406
122.4774
121.2753
122.1154
122.2359
122.7194
121.3949
120.6790
123.3267
121.6345
120.9171
122.4774
121.0364
122.2359
122.3566
122.1154
122.5983
121.0364
121.6345
122.1154
122.2359
121.6345
121.7545
121.5146
119.6139
122.1154
120.2043
121.7546
120.6790
121.3949
117.9772
122.9619
120.9171
121.1557
121.5146
120.6790
120.4414
121.3949
122.1154
122.1154
121.3949
121.9950
120.3228
121.6345
119.4962
121.5146
121.3949
121.9950
121.2752
121.5146
122.5983
119.8497
118.6757
120.7980
121.5146
119.8497
121.9950
119.7317
121.6345
120.9171
121.6345
120.0860
119.7317
119.9678
121.8747
118.7925
119.0266
121.0364
120.5601
120.6790
121.0364
122.2359
120.7980
120.3228
120.5602
121.7546
123.3267
122.7194
119.9678
119.9678
123.8150
119.9678
120.4414
119.2611
119.6139
120.4414
119.3786
119.9678
119.3786
120.4414
120.0860
120.0860
117.9773
119.6139
119.7317
119.3786
119.8497
120.3228
119.4961
118.3259
118.2095
120.9171
119.4962
120.4414
119.6139
118.4424
121.2753
119.6139
118.3259
119.9678
118.0933
118.6757
118.2095
118.7925
118.9095
119.2611
119.4961
118.4424
119.2611
118.6757
117.0530
118.0934
117.9772
118.2096
118.3259
117.9773
116.4792
118.0934
119.2611
118.4424
118.5590
117.7455
115.9085
117.0530
119.3786
118.3259
117.9772
119.0266
117.1681
117.5141
116.5937
118.9095
117.0530
116.5937
116.7084
115.5676
116.2506
116.4793
116.1365
116.4793
115.7948
115.6811
116.0224
115.2277
114.7761
115.1146
117.1681
115.3409
115.4542
114.7761
114.5511
114.2144
117.0530
114.8888
115.0017
116.8231
112.9888
111.2309
114.3265
115.0017
114.1024
113.0996
113.2106
113.0996
113.5441
111.8867
112.2162
112.7675
113.5441
113.2106
111.3400
111.4491
111.3400
111.2310
112.7675
111.9964
111.3400
111.8867
112.2162
111.7772
111.1221
108.9673
111.6677
111.2310
111.7772
109.7165
111.6677
109.9315
109.8239
109.5019
109.7165
110.1470
109.3948
109.1808
109.1808
109.6091
108.3295
108.2236
108.0120
107.4850
106.2311
108.5417
107.3800
107.8009
107.6955
108.3295
106.7517
106.3350
105.5066
106.0236
107.5902
106.5432
104.9923
105.5066
106.6474
104.2764
106.6474
103.7682
104.3784
104.2764
101.9593
102.1587
104.0729
102.4585
101.8597
102.5587
102.6589
102.1587
101.5617
100.4762
100.4762
101.4625
99.9867
98.9181
99.9867
100.4762
99.0148
99.4024
98.6286
97.6698
98.8215
98.0522
97.9565
96.5314
95.8734
95.6862
95.7797
95.0338
95.6862
94.8482
94.4780
95.1267
94.7555
93.0114
93.4673
92.3767
92.3767
92.2864
92.2863
90.5860
91.0305
90.4088
90.3203
89.9671
89.8790
87.1883
87.6171
87.0174
88.5675
87.0174
86.0825
86.5063
84.3236
84.8228
85.1570
84.8228
83.5799
83.2513
83.0874
82.0294
81.7870
82.0294
81.5452
80.2665
81.3041
79.6339
78.6153
78.4597
78.6153
78.0716
77.9942
76.9941
76.6124
74.5795
74.2081
74.3565
74.2081
72.7384
74.2081
72.1575
72.1575
71.2217
71.2217
71.0072
69.3103
71.7243
69.1704
67.1677
66.8951
66.4880
66.8951
66.2852
65.5458
65.2118
63.9550
62.2659
61.8810
61.3706
60.2341
59.8588
59.7964
59.2371
58.5589
58.0083
57.5827
57.0990
56.4388
55.0763
54.8417
54.3747
53.4492
52.4211
52.1945
50.5716
51.4067
50.6270
50.7934
49.8553
48.7124
48.0672
48.0672
47.5337
46.4259
46.4783
46.1124
44.4120
44.4120
43.9045
43.2000
43.4006
42.5024
42.4033
41.4686
40.6426
40.4978
40.0174
39.5403
38.1282
38.0351
37.7102
38.9249
36.1082
36.6988
35.7022
33.6647
34.1463
33.9708
33.4904
32.7117
33.0567
32.1549
32.0271
31.2653
31.0133
30.4291
30.0563
29.9737
28.7478
29.1132
28.2639
27.6641
27.7437
26.5202
27.4257
26.1305
26.0141
25.8205
25.1667
24.7473
24.9757
24.3307
23.9168
23.5430
22.3982
22.7284
23.2084
22.3982
21.9971
22.3251
21.3824
21.3105
20.8094
19.9601
20.5960
20.2066
19.5398
19.7146
19.1919
19.1919
19.6097
18.5707
18.7426
18.0579
18.5707
