133.6480
134.4506
139.8052
143.6577
147.9359
151.5918
152.8345
160.8885
161.3880
163.4057
169.1181
171.7975
176.7572
181.1271
182.0954
184.8425
189.0650
191.3271
194.2579
197.2483
203.8653
205.6800
209.1415
207.2856
211.0198
213.6401
224.0648
222.7875
224.5785
230.0726
230.0725
231.9454
237.4158
235.2061
241.0691
244.8025
245.6757
248.9156
250.7085
253.4327
253.7380
261.8654
261.5459
267.7143
267.7142
271.0462
274.4389
277.1982
279.9983
278.5930
284.2774
279.9983
289.0232
287.5506
293.5092
294.6469
299.6541
295.7912
294.6469
298.4873
303.1955
305.5916
305.1902
312.1226
308.4232
315.4677
318.4394
324.0727
328.9591
322.7592
326.2799
334.8813
325.3942
327.6153
335.8069
332.1278
332.1278
333.5002
344.3183
328.9592
343.3562
348.7000
334.4200
348.7001
342.8767
346.2552
347.2299
352.1683
347.2299
355.1840
354.6786
361.3376
358.2401
356.7069
365.5333
356.7069
366.0631
365.5333
368.7305
365.5332
370.8866
365.5332
375.2585
372.5166
377.4752
382.5389
372.5165
384.2507
383.1081
382.5389
380.8390
405.1587
382.5389
391.2214
384.2506
400.2221
401.4472
389.4598
388.8756
406.4081
397.7898
441.9273
383.6787
394.7825
411.4680
403.2961
414.6823
402.6783
397.7898
408.9255
404.5363
407.6637
404.5363
412.1077
403.2961
416.6304
407.6636
409.5587
415.3300
422.5639
408.9256
407.6636
417.9373
422.5639
419.2508
407.0351
425.2450
426.5957
417.2830
429.3185
423.9010
426.5957
424.5720
430.0035
425.9194
433.4557
428.6351
432.7617
424.5721
428.6351
431.3791
421.8978
439.0736
442.6453
434.1516
439.0737
441.2111
442.6454
444.0874
441.9272
439.0737
454.4001
438.3650
453.6504
444.0874
449.1954
452.1575
451.4140
438.3649
446.9946
442.6455
440.4966
448.4598
449.9329
447.7262
451.4140
452.1574
462.7810
453.6505
431.3791
449.1953
453.6505
463.5556
462.0087
452.1574
461.2385
457.4186
452.9029
450.6725
464.3323
480.3274
473.0188
463.5555
455.9052
468.2477
455.9052
467.4602
459.7042
459.7042
480.3274
469.0374
468.2477
463.5555
471.4195
455.9052
472.2178
471.4194
481.9769
471.4195
488.6697
476.2443
473.0186
493.7912
477.8706
481.1508
520.7967
489.5172
484.4687
467.4603
485.3040
481.9767
516.1265
496.3856
487.8247
502.5281
502.5281
486.9820
496.3856
495.5183
493.7912
466.6750
492.0742
481.1510
496.3856
483.6357
492.9313
491.2193
486.1419
490.3670
495.5183
492.0741
493.7912
492.0741
492.9315
505.1996
492.9313
508.7984
500.7601
502.5281
514.2781
498.1276
491.2193
505.1996
502.5280
486.9820
496.3856
492.9313
496.3854
512.4407
496.3854
511.5261
508.7986
493.7911
512.4406
499.8802
493.7912
518.9202
516.1264
518.9202
512.4407
516.1265
506.9936
524.5841
517.9860
505.1993
522.6845
511.5260
510.6141
522.6846
519.8569
526.4951
521.7391
524.5841
520.7966
557.6873
491.2193
519.8570
521.7391
540.2073
532.2991
517.0548
515.2008
524.5840
547.2912
521.7391
544.2361
538.2120
523.6329
544.2362
525.5382
534.2578
538.2118
533.2770
528.4179
547.2912
535.2417
553.4893
546.2697
588.6559
536.2288
541.2098
534.2580
541.2098
533.2770
532.2991
537.2187
544.2362
532.2993
531.3243
548.3161
556.6328
567.3334
544.2362
529.3837
553.4891
553.4891
546.2697
546.2698
544.2362
568.4227
556.6328
546.2698
557.6873
558.7454
557.6874
550.3756
556.6328
557.6874
567.3334
555.5816
556.6327
543.2241
552.4481
615.1136
556.6327
551.4100
550.3756
554.5338
551.4102
555.5816
569.5154
579.5143
553.4893
558.7452
537.2187
565.1653
572.8156
548.3161
567.3334
550.3754
555.5814
567.3334
573.9227
554.5336
575.0338
555.5816
572.8156
568.4227
560.8715
557.6874
555.5816
572.8156
573.9227
564.0868
573.9229
533.2770
569.5154
564.0866
576.1481
573.9229
589.8162
552.4479
575.0338
602.8398
569.5154
569.5155
580.6437
582.9139
569.5154
577.2666
561.9397
560.8715
576.1483
568.4225
593.3203
566.2476
600.4354
589.8162
600.4354
588.6561
590.9801
581.7767
585.1992
575.0338
590.9801
530.3525
586.3475
569.5154
568.4227
567.3333
572.8156
576.1483
548.3161
585.1992
593.3203
598.0474
576.1481
571.7120
571.7120
560.8715
573.9229
573.9227
563.0116
576.1481
552.4479
558.7451
553.4891
553.4891
557.6874
579.5143
550.3756
563.0116
580.6437
575.0338
563.0114
568.4227
560.8716
557.6874
568.4227
561.9399
576.1483
564.0868
567.3333
580.6435
563.0116
569.5155
576.1481
560.8715
552.4479
551.4100
563.0114
567.3334
550.3754
559.8066
573.9229
610.1529
554.5336
563.0116
573.9229
555.5816
557.6874
566.2477
567.3334
552.4479
565.1653
569.5154
563.0114
557.6874
567.3333
561.9399
571.7120
581.7769
554.5338
544.2362
608.9235
541.2100
569.5155
563.0114
558.7454
550.3756
539.2080
554.5338
566.2476
545.2515
542.2155
546.2698
549.3443
555.5816
549.3442
547.2914
529.3839
557.6874
545.2515
540.2075
552.4479
550.3756
546.2698
543.2243
554.5338
545.2515
552.4481
538.2120
529.3837
554.5338
522.6845
537.2189
548.3161
533.2770
534.2580
521.7391
537.2189
536.2287
538.2118
549.3442
529.3839
537.2187
521.7391
550.3753
517.0549
530.3527
533.2771
521.7391
511.5260
510.6141
541.2100
520.7967
526.4952
528.4180
520.7966
523.6328
526.4952
521.7393
539.2080
507.8948
519.8569
518.9200
534.2580
519.8569
502.5280
520.7966
508.7986
521.7391
523.6329
526.4952
527.4551
513.3579
548.3160
510.6143
519.8569
509.7050
515.2008
520.7966
538.2120
513.3580
507.8947
509.7050
507.8947
494.6535
502.5280
498.1276
499.8802
475.4343
495.5182
499.8800
481.1508
499.0027
491.2193
486.1418
494.6535
495.5183
481.1508
484.4687
491.2194
485.3040
488.6697
492.9313
498.1276
494.6535
481.9769
481.9767
484.4688
494.6535
477.8706
487.8246
475.4344
472.2178
466.6750
468.2477
482.8051
472.2181
477.0562
461.2384
476.2440
462.7810
459.7042
473.0186
474.6268
462.7810
464.3323
467.4603
458.9403
454.4000
461.2384
467.4603
464.3322
461.2384
451.4139
461.2385
444.8113
458.1785
447.7263
452.1575
445.5372
449.1953
454.4000
446.2650
452.1575
442.6453
449.9330
452.9030
483.6358
430.0035
439.7842
441.2111
423.9009
449.1953
432.7616
436.2500
442.6454
434.8492
434.8491
440.4967
434.8492
430.0035
423.2315
421.8979
421.8978
429.3184
423.2315
419.9100
417.9373
417.2830
419.9101
418.5932
421.2335
418.5933
410.8301
405.7827
410.1936
412.7490
401.4471
410.1936
393.5898
403.9155
400.2222
399.6118
393.5898
394.1855
394.7825
385.9747
392.4028
399.0031
392.4027
384.8239
382.5388
383.1081
374.1579
369.8061
371.4285
386.5522
377.4751
370.8866
374.1580
367.6599
367.1264
367.1264
362.3793
365.5333
362.9020
363.4259
358.2401
355.6905
357.2168
359.2679
356.1981
349.6856
349.1922
354.1743
345.7693
351.6696
343.3562
343.3563
326.7241
336.2712
330.7641
335.8069
331.2177
324.0726
324.5122
332.1278
334.8812
341.9209
321.4540
324.0726
325.8366
325.8366
317.1606
318.4394
312.1226
309.6489
307.2049
302.7990
298.4873
301.6138
301.6138
300.4357
301.2203
292.7543
298.0999
289.3931
284.2774
287.1841
293.5092
283.5576
280.7048
277.1981
277.1982
271.0461
278.9434
273.0744
275.1249
265.4174
261.8654
261.2269
262.8272
264.7664
262.1855
259.0101
253.7380
259.0101
252.2168
250.7085
248.9156
245.6757
244.8025
242.2092
243.6451
240.5019
236.8606
234.1122
232.2147
231.4081
227.6953
223.8085
223.0422
224.0648
217.0397
219.5134
215.8172
215.8172
213.4001
209.1415
207.5164
207.9790
203.8654
199.6408
198.1138
198.1139
195.1061
194.4695
184.2494
188.2511
186.4364
185.8367
184.8425
183.0705
181.3203
177.8840
174.8993
170.8985
171.6172
170.1835
168.5886
166.1448
164.0851
162.8983
161.0548
157.6061
153.3037
153.3037
149.4462
150.6678
147.3369
144.5307
144.9696
141.0757
140.6507
137.5791
136.4815
136.0725
134.1825
131.6653
128.6897
126.4137
126.1636
127.2934
122.7194
121.0364
119.9678
118.2096
116.4793
114.5511
112.7675
110.6876
109.7165
107.3800
108.0120
105.9200
104.2764
101.6609
102.4585
104.2765
105.4036
107.2750
111.7772
116.5938
118.3259
124.0599
125.0450
128.0529
131.6653
133.3817
137.0291
141.6448
143.8027
147.0385
150.6678
153.6175
156.9595
158.4189
160.8884
163.9149
168.9414
172.3398
171.9780
177.8840
180.5494
182.2899
187.8459
190.0889
190.9132
195.7455
198.5485
199.4217
200.9621
204.7700
208.9083
216.0609
215.3308
217.2853
222.7876
222.7876
227.6954
227.1717
236.3073
237.1379
235.2062
235.4808
242.7821
240.7853
242.4954
245.9678
250.1088
259.6407
255.2724
259.9568
259.9568
261.5459
264.1177
264.4417
273.4146
276.1586
281.7696
281.0591
283.9172
287.9177
289.0233
292.3781
284.2774
294.6469
295.7912
297.7132
300.0445
303.9910
302.0080
305.9937
309.6489
310.8820
308.0163
316.7361
320.1567
320.5883
328.5103
322.3232
324.5122
329.8597
323.1962
331.6724
333.9596
333.0418
343.3563
342.3984
341.9210
346.7419
349.1922
339.0779
348.7000
347.7188
350.6754
350.6754
352.1683
365.0046
355.6905
367.1263
365.0046
365.5333
374.1580
369.8061
375.2585
365.0046
376.9191
377.4751
375.2586
379.1512
381.9709
377.4751
398.3958
391.2213
392.4028
389.4599
387.7110
394.7826
393.5898
408.9255
401.4471
394.1855
402.6783
403.2961
401.4471
395.3811
404.5363
406.4081
401.4471
408.2939
406.4081
411.4680
404.5363
407.6636
419.2509
420.5710
417.9373
421.2335
423.9009
417.2829
425.9195
423.9009
418.5932
423.9010
430.6903
425.9194
438.3650
436.2500
441.2110
425.9195
441.2110
434.1516
432.7616
446.2650
439.7842
434.8492
434.8492
436.9532
452.1574
441.9272
449.1954
455.1517
449.1954
454.4000
453.6505
448.4599
451.4139
441.2110
465.1111
453.6505
470.6232
458.9403
456.6609
460.4703
468.2477
460.4704
462.0087
465.1109
485.3042
463.5556
471.4195
468.2477
467.4602
477.0563
481.9769
483.6358
499.0028
466.6750
480.3274
475.4344
480.3274
494.6535
462.7810
480.3274
469.8292
474.6269
479.5060
487.8247
484.4688
492.9315
488.6696
493.7912
468.2477
496.3856
494.6535
487.8247
487.8246
498.1276
486.9821
499.8800
496.3856
499.8800
491.2193
506.9937
496.3854
502.5281
540.2075
499.0025
495.5182
511.5260
505.1993
493.7912
508.7986
491.2193
506.9937
511.5261
513.3580
505.1993
517.9860
511.5260
513.3577
517.0548
510.6141
520.7967
517.9861
524.5841
521.7391
512.4406
526.4952
510.6140
527.4551
507.8947
507.8948
520.7967
521.7391
518.9200
511.5260
538.2118
525.5382
527.4551
542.2155
519.8570
530.3527
534.2580
526.4951
539.2081
521.7391
535.2419
536.2287
538.2118
540.2075
519.8569
540.2075
543.2241
554.5338
551.4102
541.2098
541.2098
532.2991
503.4158
541.2098
541.2100
538.2118
544.2362
532.2993
545.2515
517.9860
541.2098
546.2697
545.2513
567.3334
563.0114
541.2100
558.7454
563.0116
553.4891
536.2287
547.2914
551.4102
553.4893
550.3753
549.3443
554.5336
549.3443
543.2241
545.2513
557.6873
563.0116
555.5816
557.6873
556.6328
549.3442
551.4100
546.2698
557.6874
566.2476
569.5154
580.6437
561.9399
522.6846
567.3333
559.8066
557.6873
561.9399
540.2075
557.6874
552.4481
557.6874
568.4225
569.5155
575.0338
568.4225
575.0336
560.8716
579.5143
558.7452
554.5338
559.8068
560.8716
572.8154
536.2287
564.0866
564.0866
570.6118
567.3334
571.7120
554.5336
560.8715
564.0866
571.7118
554.5336
566.2476
572.8156
577.2666
579.5141
576.1483
559.8066
567.3333
579.5141
565.1653
572.8156
558.7452
565.1653
570.6119
579.5143
575.0336
588.6562
576.1481
576.1481
576.1481
573.9229
564.0868
588.6559
582.9139
576.1483
577.2666
571.7120
634.3493
572.8156
575.0336
594.4961
576.1481
590.9801
577.2664
605.2609
564.0868
594.4957
585.1992
570.6119
586.3475
579.5141
592.1480
576.1481
590.9801
575.0336
581.7769
566.2477
588.6561
571.7120
588.6561
601.6357
598.0474
578.3884
599.2396
594.4959
590.9803
586.3477
679.0557
594.4961
579.5143
586.3475
569.5154
599.2396
586.3475
589.8162
568.4225
588.6561
595.6757
589.8163
582.9137
608.9235
593.3199
560.8715
590.9801
599.2396
571.7120
584.0544
572.8156
556.6328
585.1992
569.5154
589.8162
586.3475
571.7120
588.6561
575.0336
564.0868
582.9137
590.9801
586.3477
558.7452
581.7767
567.3333
575.0336
571.7118
560.8715
569.5154
577.2666
567.3334
576.1483
573.9229
579.5143
545.2513
571.7120
576.1481
558.7454
573.9229
585.1992
589.8162
589.8162
573.9229
566.2476
567.3333
593.3201
509.7050
596.8594
568.4227
557.6874
570.6119
557.6874
551.4102
579.5143
590.9803
598.0474
575.0336
576.1483
547.2912
589.8162
523.6328
576.1483
572.8156
573.9229
564.0866
572.8154
582.9139
563.0114
568.4225
548.3161
572.8156
556.6328
555.5816
576.1483
566.2476
573.9227
557.6874
573.9229
561.9399
585.1992
588.6561
572.8156
561.9399
556.6327
554.5338
564.0868
545.2512
553.4891
572.8156
559.8068
564.0868
558.7452
563.0114
545.2515
549.3442
556.6328
563.0116
537.2189
555.5816
556.6328
550.3756
543.2243
551.4100
543.2243
549.3442
529.3839
541.2098
552.4481
515.2009
540.2073
552.4481
535.2417
543.2241
535.2419
528.4179
534.2580
548.3161
538.2118
555.5816
539.2080
567.3333
542.2155
564.0868
540.2075
535.2419
551.4102
558.7452
533.2771
528.4179
532.2991
532.2991
534.2578
542.2155
555.5814
533.2771
541.2098
528.4180
517.0548
528.4180
529.3839
521.7391
544.2361
509.7049
522.6846
520.7966
522.6845
516.1264
530.3527
520.7966
522.6845
515.2008
518.9202
515.2008
511.5260
525.5382
511.5260
506.9935
512.4406
517.9860
511.5258
523.6329
506.0951
515.2009
502.5281
504.3062
506.9937
492.0741
497.2552
499.8802
496.3854
491.2193
504.3062
490.3669
495.5182
485.3040
492.9313
492.0741
499.8802
495.5183
492.0741
498.1276
492.9315
497.2554
494.6534
482.8050
479.5060
478.6871
485.3040
491.2193
469.0373
477.0562
467.4602
473.8216
477.8706
458.9403
472.2180
479.5060
473.8216
450.6724
475.4345
504.3062
465.8918
462.0088
465.1109
464.3323
463.5555
453.6504
465.1109
460.4704
455.1516
458.1785
441.9272
455.9052
447.7262
466.6750
452.1575
469.8291
431.3791
445.5373
447.7263
436.2499
452.9029
434.1516
446.9947
437.6581
438.3649
449.1953
444.0875
432.0694
426.5957
436.9532
439.7842
432.0695
435.5486
420.5709
418.5932
417.2830
428.6352
431.3791
409.5587
413.3918
420.5710
415.9794
408.9255
414.6823
408.9256
408.9255
408.9255
399.6118
415.9793
415.9793
408.2938
405.1586
403.9154
401.4471
393.5898
390.0456
400.2221
398.3957
394.7826
389.4598
395.3812
391.2213
392.4027
390.0457
385.3986
383.1081
384.2506
388.8756
379.1511
375.2585
378.0325
365.0046
367.6599
369.8061
366.0631
365.5333
357.7279
356.7069
347.2299
354.6786
361.8578
360.3005
350.6754
353.6711
355.6904
350.6754
348.7000
341.4445
349.6855
342.8767
335.3436
341.9210
331.6723
329.8596
340.9692
327.1693
330.3115
322.3232
322.7592
319.7261
318.0122
314.2069
323.6340
308.0163
310.4702
312.5378
303.9911
303.5929
300.8276
299.2644
297.3274
302.4031
299.2644
294.2670
293.1314
291.6275
295.4090
292.0024
290.1351
293.1314
285.3624
283.1987
279.6460
283.1986
253.4327
282.8404
272.0575
272.7348
273.0744
267.0551
264.7663
262.8272
255.2725
258.3817
260.2736
261.5459
252.8236
252.8236
251.0091
250.7085
245.9678
243.6451
241.6382
242.7821
239.6547
239.6546
232.4845
231.6766
230.6055
226.9105
226.6498
223.8085
220.5137
217.7778
218.2718
214.6040
214.3625
212.4436
207.2856
211.7301
206.5954
205.4520
201.1835
197.2483
196.6024
193.8356
192.9947
193.6249
188.0484
190.7067
183.4623
183.0705
179.5916
180.5493
179.5916
171.9780
169.8275
171.6172
169.6498
166.3179
164.4261
162.5612
161.3880
159.7301
157.9306
158.7455
153.4605
152.6785
148.0861
146.5922
148.2365
144.2390
141.9303
139.3846
135.8006
134.0486
132.8508
132.4543
129.7159
128.9454
126.9155
126.0387
122.7194
121.1557
120.5601
118.2095
117.5141
116.8231
114.7762
112.6570
110.3629
109.7165
107.4850
104.4805
105.6098
104.0728
103.5656
100.9681
99.5968
97.8609
97.0990
98.4361
101.4625
106.3350
108.9673
111.4491
115.4542
115.3408
118.2096
124.5514
124.7979
128.6897
132.0591
137.1663
140.7922
140.3682
144.6768
147.0385
148.3871
151.1290
155.5165
157.7682
160.8885
164.7681
166.4912
170.0054
171.0778
170.3619
176.7572
180.5493
184.2494
186.0363
190.5005
191.5345
194.6814
200.3000
200.3000
202.0722
203.8654
209.3750
210.7838
211.7301
213.8806
221.5203
224.3214
225.3521
225.8699
227.9577
232.2147
234.1122
240.5019
237.9727
241.6382
243.3569
250.4084
249.5112
254.6571
254.9645
257.4433
261.2270
258.6956
265.4174
274.0968
270.7103
272.7348
277.1982
283.9172
280.3512
282.8404
293.5092
287.5505
284.6384
281.7696
292.3780
295.4090
298.4873
304.3900
299.2643
306.8003
310.4702
307.2048
309.2395
308.4232
318.4394
317.1606
323.6340
320.1567
326.7241
333.9596
333.5002
328.9591
335.8069
338.1383
339.0779
346.2551
339.0779
342.3984
349.6855
345.7693
350.1800
349.6855
356.7069
361.3375
358.2401
364.4771
355.1839
372.5166
367.1264
367.6598
371.4286
369.2677
378.0325
369.8061
369.2677
373.6096
376.9190
374.7076
387.7111
380.2751
395.3812
391.8113
393.5898
387.7111
399.6118
392.4028
403.9154
392.4028
393.5898
397.1855
397.1855
394.7825
402.6783
402.6783
402.0620
441.2110
407.0352
407.6636
410.1936
421.8979
408.9255
421.2336
423.9010
420.5709
421.8979
434.1515
355.6904
426.5958
432.7617
421.8979
423.2316
425.2450
423.2315
428.6351
433.4557
439.0737
432.7616
433.4556
444.8113
427.9536
444.0874
443.3654
442.6453
452.1575
445.5370
441.9272
449.1953
423.9009
449.1954
445.5373
452.1574
454.4000
460.4704
444.0875
447.7262
451.4139
467.4602
462.7810
462.0087
469.8292
468.2477
469.0373
467.4603
470.6234
469.0373
450.6724
478.6872
468.2477
445.5372
474.6269
481.9769
462.0087
481.1508
470.6231
468.2477
464.3322
481.1510
471.4194
466.6750
479.5061
477.0562
500.7602
470.6231
501.6429
493.7912
481.1508
492.0741
491.2193
487.8247
484.4688
486.1419
492.0741
501.6429
499.8802
491.2193
497.2554
513.3580
505.1995
489.5170
500.7602
501.6427
507.8947
508.7984
494.6534
486.9821
505.1993
503.4158
492.9313
511.5258
504.3064
499.8800
513.3579
518.9200
518.9202
536.2287
507.8947
517.0549
525.5382
527.4551
521.7391
533.2771
532.2993
513.3580
506.9936
518.9202
521.7391
520.7966
515.2009
506.9936
538.2120
541.2100
526.4951
531.3243
531.3245
525.5381
538.2118
537.2187
533.2771
512.4407
529.3837
544.2362
525.5381
552.4479
529.3837
536.2288
552.4479
538.2120
552.4479
545.2512
558.7454
534.2578
552.4479
528.4179
541.2098
552.4481
552.4481
545.2515
546.2697
531.3243
534.2578
542.2155
561.9397
538.2120
554.5336
536.2287
546.2697
554.5338
557.6874
530.3525
522.6845
555.5816
553.4893
531.3245
555.5816
535.2417
551.4100
555.5816
561.9399
551.4100
539.2081
545.2513
552.4481
556.6328
547.2912
555.5816
556.6328
552.4479
551.4100
539.2080
556.6328
553.4891
566.2476
568.4227
555.5816
572.8154
567.3334
578.3885
563.0114
563.0116
559.8068
528.4179
576.1483
567.3333
558.7454
559.8068
555.5816
558.7454
575.0338
560.8716
557.6874
559.8068
578.3885
567.3334
572.8156
566.2477
555.5814
566.2476
539.2081
573.9227
554.5338
549.3442
556.6328
567.3334
635.6685
568.4227
553.4893
537.2187
571.7118
561.9399
570.6118
560.8715
569.5154
572.8156
576.1481
571.7120
514.2781
587.4998
564.0866
551.4100
580.6437
607.6985
579.5141
589.8163
571.7120
555.5814
558.7452
577.2664
582.9137
587.4999
578.3885
590.9801
582.9137
570.6118
572.8156
568.4225
584.0546
575.0338
575.0336
590.9801
580.6435
589.8162
590.9801
590.9801
586.3477
567.3333
590.9801
587.4999
537.2187
595.6759
587.4998
572.8156
586.3475
602.8398
552.4479
545.2513
577.2664
589.8163
586.3475
580.6435
585.1990
592.1482
589.8160
580.6435
589.8160
566.2476
575.0338
610.1531
602.8398
595.6757
610.1529
572.8154
589.8162
598.0476
593.3203
604.0483
582.9139
607.6985
595.6759
586.3475
594.4957
553.4891
570.6118
580.6435
585.1992
567.3333
599.2396
585.1992
578.3884
588.6561
576.1483
582.9137
576.1481
571.7118
582.9137
576.1483
565.1653
554.5336
567.3334
580.6437
570.6118
595.6755
567.3333
552.4479
576.1483
546.2697
559.8066
584.0544
575.0338
551.4100
638.3215
550.3756
585.1992
573.9229
558.7452
525.5382
573.9229
568.4227
551.4100
582.9139
565.1655
563.0114
548.3160
570.6119
569.5154
586.3475
554.5336
598.0474
571.7118
592.1480
566.2477
586.3477
578.3885
556.6328
586.3475
570.6118
578.3884
561.9399
569.5154
576.1481
556.6327
590.9801
555.5814
553.4891
564.0866
590.9801
576.1483
501.6430
577.2666
576.1483
568.4225
558.7452
576.1481
558.7454
553.4893
557.6873
551.4100
580.6435
554.5338
553.4893
560.8715
563.0114
541.2098
534.2578
559.8068
563.0116
556.6327
563.0114
549.3442
534.2578
626.5320
552.4479
564.0866
551.4100
554.5338
559.8068
537.2189
558.7454
556.6328
555.5816
563.0116
526.4951
543.2241
530.3527
533.2771
558.7452
543.2243
536.2288
546.2697
553.4891
546.2698
551.4102
550.3754
537.2187
531.3243
570.6119
549.3443
533.2771
539.2081
545.2515
532.2993
539.2081
531.3243
537.2187
526.4951
533.2770
541.2100
538.2121
519.8569
535.2419
536.2288
553.4893
516.1264
523.6329
519.8570
520.7966
517.0548
523.6329
521.7391
531.3245
518.9202
510.6141
515.2006
520.7967
503.4158
525.5382
506.9937
513.3579
512.4407
517.9860
519.8570
520.7966
508.7986
506.0952
512.4406
518.9202
503.4159
496.3856
507.8947
515.2008
506.9936
496.3854
496.3856
489.5172
505.1993
492.9313
496.3856
514.2781
493.7911
499.0027
487.8246
496.3856
490.3670
470.6231
490.3670
489.5170
481.1510
477.8705
478.6872
464.3322
491.2194
475.4344
429.3185
477.8706
485.3042
483.6358
471.4195
468.2477
455.9052
478.6870
477.0563
475.4345
471.4195
463.5556
473.0188
452.9029
458.9404
449.9329
448.4598
458.1784
457.4187
458.1784
469.0374
446.2648
446.9946
456.6609
454.4000
452.9030
449.9329
445.5373
456.6609
453.6504
437.6581
454.4001
452.9029
433.4556
440.4966
446.2648
436.9532
423.9009
443.3654
436.9532
430.6903
434.8491
422.5639
421.8978
421.8979
436.2499
412.7490
418.5932
434.1515
415.3299
419.9100
422.5638
426.5958
408.2939
419.9101
414.0362
410.8300
420.5709
408.9255
404.5363
409.5587
405.1586
403.2961
408.9256
401.4471
400.8340
398.3958
399.0031
414.0363
399.6119
398.3958
387.7110
386.5522
381.4043
381.9709
378.5911
383.6787
376.3643
379.7125
372.5166
371.9720
366.5941
367.1263
376.3643
374.7076
378.5912
360.3004
361.8578
359.7837
349.6856
360.8185
349.1922
357.7278
346.7419
345.2846
344.8010
342.8767
343.3563
347.7188
347.2299
340.9692
354.1743
333.5002
334.8813
333.5002
332.1279
326.7241
324.5122
326.2799
335.8069
321.0207
309.6489
312.5378
314.6263
318.4394
317.1606
308.4232
302.7990
310.0592
305.1903
302.0081
304.7897
296.9422
296.5577
291.6275
295.0276
292.0024
285.7253
287.9177
284.6384
285.7253
289.3932
281.7696
280.7048
274.0968
274.7816
271.7198
269.7062
268.7075
277.1982
267.7142
267.3843
259.0101
259.0101
257.4433
259.6407
252.8237
251.9141
254.0438
245.9678
251.9141
240.5019
240.7853
237.9727
238.5315
232.2148
239.6547
233.0253
225.0939
225.6108
225.3522
222.7876
219.7629
216.5495
221.5203
215.3308
215.5738
209.1415
210.7837
206.3661
207.5164
205.6800
203.4151
202.5185
201.8495
198.9845
193.8356
193.4145
192.9946
191.3271
189.6785
182.8749
184.6445
182.6797
183.8553
175.0840
176.5703
171.2573
169.8275
168.7649
170.8985
164.9394
164.7681
163.7449
157.1208
158.5821
156.1558
153.1471
151.4373
149.9029
150.5144
143.9480
142.9350
140.7922
140.5094
138.2703
138.2703
134.4506
132.8509
129.8449
127.4196
129.0734
125.5407
123.5706
121.2753
120.2043
120.4414
116.9380
117.1681
115.9085
113.6556
115.0017
110.3629
108.1177
106.1273
103.5656
102.4585
102.1587
101.1656
99.4995
98.1481
97.4792
94.4780
93.4673
94.0173
93.3760
