35.2540
36.5621
37.2026
37.5252
38.5957
39.6355
40.4015
41.3709
42.3538
43.2000
44.5650
44.6160
46.3736
47.2684
47.9067
48.5506
49.6362
51.4627
53.0477
51.7996
54.1423
55.1938
55.4884
57.7040
58.1914
58.7433
60.1714
61.3706
61.8170
63.3012
64.7465
69.2403
65.5457
68.4051
69.3103
69.2403
70.5087
70.4378
73.1035
73.9122
74.3565
76.6124
76.7649
77.0706
78.9275
79.8706
82.0294
82.1914
81.0636
84.1578
83.9923
86.4214
86.0825
87.3596
94.9409
88.6544
91.2089
91.2089
92.8296
93.1935
93.5588
95.5927
95.5927
97.0041
97.8608
97.9565
100.8696
98.9181
102.2586
102.4585
102.6589
103.9712
107.3800
106.4390
106.9607
108.5417
110.4710
109.5019
111.5583
113.3217
112.8781
114.2144
115.5676
115.1146
118.6757
117.8613
117.9773
119.4962
120.6790
120.4414
121.7545
123.6927
127.0413
125.4166
126.0387
125.5408
127.4196
131.9277
130.8816
131.0118
130.6215
133.6480
134.3165
135.8007
135.9365
137.8551
137.3038
139.1050
139.2447
140.9339
141.9303
142.5034
142.2165
144.2390
144.9696
145.8520
146.7408
150.0555
148.8399
152.2116
150.9750
152.3671
153.7746
152.9907
155.9957
154.8803
158.9091
157.7682
161.5550
160.2253
156.1558
163.4057
160.8884
163.4056
165.2827
164.2555
165.2827
167.5358
165.6269
169.8275
168.7649
170.7194
171.2574
171.9780
171.2573
171.0778
176.7572
178.8300
177.6956
178.2616
179.9739
178.6404
183.0704
182.2899
183.0704
187.0388
184.0522
188.0484
186.6370
187.0388
188.2511
191.1200
192.9947
190.0889
192.5760
191.7422
191.7422
194.6814
195.7456
194.4695
200.3000
198.3310
198.5485
199.8602
198.9845
203.6401
204.5434
205.2243
204.3170
203.6401
206.5955
208.2108
208.9082
210.7837
212.9211
214.1214
212.4436
211.7301
209.3750
212.6822
217.0397
215.8172
218.2718
219.2643
228.4839
219.5134
221.7729
219.7629
225.3522
225.0939
224.8360
227.1717
225.6109
224.3215
227.6954
230.6055
230.3388
231.9455
233.8398
232.7547
233.2963
233.8398
231.4081
234.1121
236.3073
235.7559
237.4158
238.2518
238.2519
238.8116
240.2190
244.2228
241.0691
244.8025
242.7822
245.9678
245.6757
246.8469
246.5534
248.3220
249.8098
248.9156
251.9140
251.3102
251.6119
253.4327
253.4327
253.1279
257.7556
254.0439
260.9086
261.8654
260.5908
260.9086
261.2270
256.1996
255.5810
266.3983
264.7663
265.4174
282.1259
264.4417
269.7062
270.3750
266.0706
272.0576
265.7437
270.0403
272.0576
275.1249
278.2433
276.5045
274.4389
274.0968
276.1587
279.9983
271.3827
286.4534
280.7048
279.6460
282.4828
282.1259
282.1259
286.8184
283.5576
284.2775
293.8877
287.1842
283.1987
286.8184
291.6276
293.5092
293.1314
293.5092
289.3931
291.2533
295.7912
301.2203
293.5092
298.0998
298.0998
296.5578
296.1741
293.8877
297.3274
302.0081
305.9937
304.3900
305.9937
312.9538
301.2203
306.3966
318.4395
312.1226
305.5916
309.6489
310.8820
306.3966
309.2396
318.0123
307.6101
318.0122
315.8896
319.7261
315.8896
314.2069
317.5860
319.7260
323.1962
327.6153
323.6340
320.1567
320.1567
328.5102
324.0727
321.4539
324.0726
324.9529
316.7361
330.7640
331.6723
335.3437
333.9596
329.4089
332.5843
329.8598
335.3436
331.6723
340.9692
341.4445
342.3984
340.0215
337.6701
339.0779
340.0215
334.8813
345.7694
347.7189
347.2299
356.1981
349.6856
347.2299
347.7188
344.3184
356.1982
341.9209
353.1691
354.1743
341.9209
350.6753
351.6696
355.1840
352.6681
351.1720
355.6904
358.2401
356.1981
358.7535
361.3376
362.9021
360.3005
360.8185
365.0046
363.9509
360.8185
365.0046
369.8061
362.3794
367.6598
363.9509
368.1945
366.0630
368.7305
366.0631
370.8866
365.5332
358.2401
378.5912
372.5166
370.8864
367.6599
392.4028
375.2585
378.0325
374.7076
379.7124
384.2507
375.2586
373.6096
368.7305
385.3987
371.9720
371.4285
379.7125
373.6095
380.8391
379.7124
386.5521
399.6119
378.5912
381.9709
384.2506
388.2926
385.9748
392.9955
391.2214
381.4043
383.1081
382.5388
391.2213
390.0456
388.2926
388.8756
393.5899
387.7111
397.1855
387.7111
400.8340
395.3812
388.8756
372.5166
395.3812
387.7110
400.2221
386.5521
404.5363
395.9811
402.0620
400.2221
399.0031
397.1855
391.2214
402.6783
399.0030
402.6783
407.0352
408.9256
408.9256
410.8301
403.9154
403.9155
403.2961
400.8339
409.5587
400.2221
415.9793
402.0620
409.5588
406.4081
406.4081
411.4681
405.7827
412.7489
410.8300
411.4680
417.9373
414.6823
416.6303
414.6824
414.6823
421.8979
417.9373
408.9255
422.5638
421.8978
417.2829
418.5932
410.1936
399.0029
420.5710
413.3918
430.6904
448.4599
429.3185
422.5638
419.9100
421.8978
425.2450
427.2738
419.9101
418.5933
423.9009
422.5639
422.5638
431.3791
430.0035
423.2315
431.3791
436.9531
425.2449
435.5487
425.2449
421.8979
421.8978
435.5487
434.1516
438.3649
442.6454
439.0737
440.4966
442.6454
432.7616
444.0874
422.5638
435.5486
431.3790
432.0694
441.2112
434.8491
439.0736
432.0695
433.4556
434.8491
422.5638
435.5487
437.6581
441.9272
449.1954
444.8113
449.1954
449.1954
445.5370
445.5372
447.7262
456.6609
443.3654
514.2781
453.6505
438.3650
456.6609
446.2649
451.4140
445.5370
445.5373
456.6610
455.1517
451.4140
444.0874
453.6504
454.4000
451.4140
473.8216
456.6609
441.2110
454.4001
455.9052
455.1516
455.1516
452.9029
458.1785
459.7043
458.1785
468.2477
439.0736
461.2385
464.3323
459.7042
452.1575
465.8920
454.4000
465.8918
464.3323
456.6609
456.6609
445.5373
447.7262
469.8292
466.6750
468.2477
481.9769
465.8918
468.2477
469.0373
471.4195
466.6750
460.4703
474.6268
469.8293
482.8051
472.2181
473.8216
495.5183
478.6872
492.9315
475.4344
475.4343
484.4688
477.0562
471.4195
479.5061
487.8247
488.6696
476.2440
482.8051
473.0188
466.6750
467.4603
471.4196
494.6535
490.3670
474.6268
469.8291
475.4343
502.5281
477.0563
491.2193
452.9029
491.2193
480.3273
482.8051
487.8247
478.6871
498.1277
498.1276
481.9769
478.6871
486.9821
491.2194
489.5172
465.8918
488.6696
492.9313
485.3042
496.3854
497.2554
492.0741
489.5172
480.3274
493.7912
503.4159
492.9313
494.6535
465.8918
486.9820
499.0025
500.7601
492.9313
483.6358
514.2780
480.3273
491.2193
484.4687
499.0025
502.5281
499.8802
490.3670
517.0548
504.3064
511.5258
491.2193
492.0742
486.9821
492.0741
500.7601
455.1516
491.2193
499.0025
522.6846
496.3854
514.2781
511.5261
507.8947
478.6871
499.8800
502.5280
514.2780
550.3754
506.9935
512.4406
515.2009
504.3062
511.5261
522.6846
492.9313
499.8800
499.8802
509.7049
535.2419
511.5260
507.8947
531.3245
507.8947
518.9202
517.9860
510.6140
504.3064
524.5840
509.7051
523.6329
517.0548
520.7966
511.5260
524.5841
517.9860
522.6846
519.8570
507.8948
506.9937
515.2008
548.3161
508.7986
520.7967
522.6846
500.7601
513.3579
519.8569
509.7050
520.7966
529.3839
520.7967
513.3580
516.1264
523.6329
517.9861
528.4180
522.6846
515.2008
533.2770
540.2075
518.9200
524.5841
515.2008
519.8569
517.9861
526.4951
529.3839
523.6328
536.2288
533.2771
536.2287
531.3245
523.6329
520.7966
524.5840
523.6328
524.5841
517.9860
522.6845
539.2081
526.4952
529.3839
545.2515
536.2288
528.4179
529.3839
535.2417
531.3245
519.8569
540.2075
532.2993
534.2580
541.2100
531.3243
528.4180
524.5840
537.2189
541.2098
524.5840
559.8068
533.2770
553.4893
524.5841
575.0338
536.2288
554.5338
540.2075
534.2580
536.2287
539.2081
527.4550
532.2991
533.2771
551.4102
551.4099
541.2098
540.2075
535.2417
554.5338
539.2080
541.2100
544.2362
554.5338
561.9399
553.4893
538.2118
541.2100
548.3163
545.2513
536.2288
552.4481
540.2075
537.2187
536.2288
551.4100
553.4891
544.2362
566.2477
548.3161
550.3756
552.4481
557.6874
489.5170
552.4479
566.2477
555.5816
553.4893
514.2781
555.5816
550.3754
552.4481
550.3754
553.4893
554.5338
589.8162
553.4891
559.8068
584.0544
544.2362
538.2118
570.6118
565.1655
534.2578
546.2698
554.5336
557.6873
568.4225
538.2120
569.5155
565.1653
568.4227
550.3754
563.0116
546.2698
543.2243
534.2578
545.2515
559.8066
555.5816
627.8234
572.8154
554.5336
576.1483
559.8066
554.5336
569.5154
564.0866
559.8068
553.4893
541.2098
558.7454
578.3885
557.6874
570.6119
556.6328
561.9399
564.0868
569.5154
572.8156
656.0423
565.1653
561.9397
567.3333
563.0114
555.5816
634.3493
586.3475
557.6873
566.2477
569.5154
563.0114
571.7120
564.0866
558.7452
570.6119
577.2664
568.4225
563.0114
560.8716
560.8715
577.2666
576.1483
572.8156
569.5155
593.3203
556.6328
564.0868
572.8156
564.0866
568.4225
569.5154
565.1655
573.9229
569.5154
565.1653
580.6437
570.6118
569.5154
570.6118
579.5141
576.1483
570.6118
566.2476
567.3333
537.2189
570.6119
582.9137
572.8156
576.1483
581.7767
593.3203
578.3885
585.1990
573.9229
590.9801
588.6561
588.6559
567.3334
592.1480
604.0483
593.3199
602.8399
566.2476
586.3475
555.5816
593.3199
594.4961
587.4999
595.6755
578.3885
577.2666
598.0474
576.1481
593.3199
588.6559
570.6118
585.1992
572.8156
623.9634
586.3475
590.9801
585.1990
592.1482
565.1653
581.7767
610.1529
588.6559
589.8162
588.6562
581.7769
580.6435
569.5155
589.8162
595.6757
587.5001
594.4957
594.4961
586.3475
606.4774
599.2396
573.9229
602.8398
596.8596
588.6559
585.1992
604.0482
594.4959
584.0546
600.4356
587.4998
568.4225
588.6559
593.3199
599.2394
606.4775
567.3333
587.4998
572.8154
605.2609
573.9229
588.6559
584.0548
587.4998
590.9801
612.6247
606.4775
623.9634
601.6357
594.4959
593.3199
622.6857
596.8594
600.4354
602.8398
593.3201
605.2607
594.4959
588.6559
674.6344
588.6562
600.4354
592.1482
586.3477
590.9801
600.4356
593.3199
599.2394
589.8162
580.6435
598.0474
586.3475
594.4961
616.3646
649.1271
604.0483
588.6559
606.4775
601.6355
606.4774
588.6559
592.1480
593.3199
601.6357
598.0474
560.8716
595.6757
596.8596
604.0483
606.4774
605.2609
612.6247
601.6355
617.6199
598.0476
586.3478
610.1529
607.6983
593.3199
595.6755
611.3867
580.6435
590.9803
594.4959
604.0482
605.2607
611.3867
608.9236
608.9235
608.9236
607.6985
606.4775
593.3203
601.6355
599.2396
607.6983
607.6985
604.0482
588.6562
580.6437
598.0474
604.0482
612.6247
602.8398
582.9140
589.8163
596.8596
594.4959
581.7767
620.1439
586.3478
611.3867
560.8716
595.6755
608.9236
604.0483
620.1437
568.4225
588.6562
585.1990
629.1194
602.8398
615.1136
607.6983
590.9801
604.0482
606.4775
573.9229
589.8162
598.0476
596.8596
631.7249
590.9801
588.6562
594.4961
613.8670
579.5141
593.3203
582.9139
592.1480
601.6357
611.3867
612.6247
627.8235
620.1439
606.4775
600.4354
588.6561
587.4998
604.0482
596.8596
571.7120
593.3203
576.1483
592.1480
596.8596
741.4905
599.2396
584.0544
601.6357
573.9229
584.0544
599.2396
600.4354
586.3475
580.6435
590.9803
589.8160
593.3203
579.5141
630.4200
605.2607
568.4225
586.3475
573.9227
598.0476
580.6437
587.4998
590.9801
587.5001
558.7452
563.0114
582.9139
588.6561
572.8156
581.7769
578.3885
623.9634
588.6561
593.3199
582.9139
568.4225
598.0476
607.6983
579.5141
582.9137
584.0546
588.6562
580.6437
575.0336
588.6562
573.9227
594.4957
695.7076
594.4961
584.0544
570.6118
587.4999
576.1481
581.7767
593.3199
573.9229
582.9137
571.7120
581.7767
593.3199
567.3333
567.3333
578.3884
577.2666
590.9801
571.7118
571.7118
577.2666
563.0114
568.4225
563.0114
584.0546
585.1990
581.7769
575.0338
568.4225
570.6118
575.0338
578.3884
579.5143
548.3163
581.7769
565.1653
589.8162
571.7120
572.8154
575.0338
587.5001
612.6245
569.5154
571.7120
568.4227
590.9801
565.1653
522.6846
572.8156
548.3160
567.3333
556.6328
579.5141
572.8154
585.1990
556.6327
580.6437
585.1992
585.1990
550.3754
564.0866
576.1481
561.9397
554.5336
576.1483
584.0546
556.6328
571.7118
588.6561
557.6873
571.7118
564.0868
579.5143
572.8156
564.0868
548.3161
542.2155
550.3754
558.7452
581.7769
588.6561
561.9397
564.0868
575.0336
548.3161
572.8156
558.7454
551.4100
560.8715
567.3334
560.8715
556.6325
568.4227
560.8716
540.2073
572.8156
516.1265
599.2396
569.5155
585.1994
555.5814
556.6328
545.2515
545.2515
564.0866
551.4102
491.2193
560.8715
551.4100
552.4479
536.2287
541.2101
559.8066
548.3160
558.7454
538.2118
544.2364
554.5338
544.2361
556.6328
534.2578
575.0338
537.2189
543.2241
561.9399
551.4099
543.2241
533.2770
576.1483
546.2697
546.2698
552.4479
544.2362
555.5816
539.2080
548.3160
543.2241
546.2698
552.4478
557.6874
535.2417
528.4179
540.2073
539.2080
539.2080
555.5816
543.2243
547.2914
550.3754
522.6845
546.2697
520.7966
546.2697
520.7966
545.2515
537.2187
549.3443
535.2417
524.5840
523.6329
544.2362
542.2155
539.2081
532.2991
532.2991
545.2513
520.7966
539.2081
548.3161
525.5381
543.2243
532.2991
544.2364
525.5381
533.2770
530.3525
492.0741
529.3837
528.4179
525.5382
537.2189
523.6328
527.4550
604.0482
522.6845
519.8570
528.4179
539.2081
554.5338
513.3580
517.9860
516.1264
521.7391
490.3669
522.6846
539.2081
524.5840
421.2336
569.5154
520.7966
516.1265
528.4180
523.6329
517.9861
522.6845
504.3062
506.0954
533.2770
519.8569
524.5840
517.0549
516.1265
521.7393
514.2780
477.0563
507.8947
517.9860
517.9860
520.7967
504.3062
509.7051
514.2780
513.3580
519.8570
506.0952
507.8947
508.7986
514.2780
498.1276
509.7051
506.9937
508.7986
506.0951
521.7393
506.9937
502.5280
492.0742
506.0952
500.7601
503.4159
500.7602
512.4406
493.7911
496.3856
499.8802
515.2009
494.6535
511.5260
500.7601
499.0027
512.4407
489.5172
490.3669
482.8051
492.9313
487.8247
504.3064
493.7911
491.2193
492.0741
502.5281
484.4687
497.2554
477.8705
497.2555
496.3854
483.6357
492.0742
485.3040
490.3669
485.3040
494.6535
481.1508
485.3042
483.6358
491.2193
480.3273
479.5060
469.0374
490.3670
498.1276
481.9769
490.3669
469.8292
478.6872
477.0563
476.2443
478.6871
482.8051
489.5170
480.3273
477.8706
467.4602
473.8216
464.3323
481.9769
481.1508
465.8920
474.6269
484.4688
474.6269
471.4194
461.2384
449.1954
470.6232
472.2181
452.9029
472.2180
473.0185
453.6504
468.2477
484.4687
467.4603
472.2180
465.8918
466.6750
482.8050
455.1517
486.9821
462.0087
458.9403
453.6504
469.0374
454.4001
461.2385
454.4001
451.4139
463.5556
460.4703
443.3654
454.4000
447.7262
448.4598
456.6609
449.9329
441.2111
457.4187
439.7842
442.6453
446.2650
451.4140
445.5372
445.5370
446.9945
450.6725
445.5370
410.1937
444.8114
442.6453
440.4966
446.9946
449.1954
439.7842
439.7843
446.9945
431.3790
439.7843
463.5556
444.0874
435.5487
430.6903
434.1515
422.5638
427.2739
427.9536
444.0874
422.5638
433.4557
421.2335
423.9010
430.6903
414.6823
421.2336
419.2508
408.2938
417.9372
428.6352
426.5958
414.6824
434.1516
419.9101
415.9793
411.4680
413.3918
421.8979
421.8979
415.3300
399.6118
408.2939
417.9373
425.9195
415.3300
408.2939
396.5826
405.7826
404.5363
408.9256
416.6304
397.1855
403.9155
400.8339
407.0351
403.2961
398.3958
405.1587
403.9154
399.0030
408.2938
405.7827
394.1855
402.0620
399.6118
394.1855
408.2938
403.2961
360.8184
391.2213
394.1855
387.7110
397.1855
389.4598
391.2213
394.1855
387.7110
380.2751
380.8390
393.5899
388.8756
392.4027
388.8755
380.8391
376.9190
389.4598
392.9955
388.2927
374.1580
379.7124
379.7124
378.5911
376.3642
373.6095
373.6096
378.5911
370.3456
367.1264
371.4286
376.9191
373.6096
374.1580
373.0625
371.9720
362.9020
363.4259
366.0630
366.0632
363.4259
361.3375
364.4771
365.5333
362.9021
366.5941
358.2401
356.7069
363.9510
353.1690
356.1982
356.7069
358.7534
354.6786
354.6785
353.6711
356.7069
357.2169
356.1982
354.6786
346.2551
358.2401
340.9691
352.6681
355.6904
348.7000
346.7419
336.2712
338.1383
335.3436
346.7419
337.6700
340.4948
347.2299
346.7420
340.9692
340.9691
340.0215
336.7365
332.5843
331.6723
334.8813
335.3437
329.4089
335.3437
325.8366
333.0417
331.2178
333.0417
324.5122
321.8882
324.0726
328.0623
326.2799
321.0206
325.3942
321.0207
321.8882
320.1567
320.5882
320.5883
336.2712
314.6263
318.8674
309.2396
316.3124
313.7884
310.4701
310.0592
304.7897
308.8310
293.1314
305.5916
304.7898
302.7989
312.5378
307.6102
299.2644
306.8003
304.7898
299.6539
308.0163
303.1955
298.0999
293.1314
296.9422
293.1314
296.5578
283.9172
295.7912
292.7544
292.0024
293.1314
289.7638
289.7638
286.8184
286.8184
286.4533
293.1314
281.4140
288.2855
294.2670
278.2433
277.8943
286.0890
282.1259
278.5930
280.7049
271.0462
279.9983
270.7103
273.4146
275.4688
274.4389
274.7816
275.4689
266.3982
271.0462
262.8272
266.3982
268.7076
267.3844
266.3983
265.0916
264.4418
262.1855
261.8654
261.8654
266.0707
265.0916
255.2724
256.1996
254.3502
259.6407
256.5097
256.1996
257.1315
254.6571
247.7304
250.1088
247.7305
246.5533
250.4084
245.6758
249.2131
252.2168
244.8026
253.7380
242.2092
245.9678
240.7853
241.9234
257.7556
241.6382
250.4084
240.2190
233.2963
233.0253
233.5679
235.4808
236.0313
232.4845
230.6055
231.1402
227.9577
227.9577
226.1295
227.4333
224.0648
224.3215
218.0246
228.2207
226.6498
221.5203
218.5193
222.0260
219.2643
218.0246
215.8172
213.8806
211.0198
216.3050
216.7944
213.1604
211.0198
210.5480
211.0198
208.2107
210.3127
208.6754
207.7475
208.2108
205.6800
203.8654
204.0910
201.6271
202.5185
202.9661
200.9621
196.6024
198.9845
208.6754
196.8174
196.3877
196.6024
196.3877
194.2579
196.3877
193.4145
190.0889
189.6785
188.0484
190.5005
191.5345
187.6437
188.0484
187.6437
189.2692
183.8553
183.8553
182.8749
185.0408
183.2662
179.9739
179.2103
177.5074
177.3194
178.4509
176.9443
171.9780
171.9780
171.6172
171.4371
171.6172
170.0054
170.5405
167.8858
169.2952
167.7107
169.2952
165.4547
164.4262
165.9719
165.9719
161.8895
161.0548
160.8885
160.3908
158.2560
156.1558
156.7984
158.4189
156.1558
154.7218
153.6175
153.9320
151.5918
152.8345
153.9320
150.9750
148.0861
151.4374
147.7859
148.2365
145.5571
145.1162
143.9480
142.7909
143.0791
143.6577
141.9303
135.2588
139.5246
138.2703
137.1663
145.7045
139.2447
135.9365
134.8540
134.4506
131.9277
132.3224
132.0592
130.2326
130.4917
124.5513
129.9740
130.8816
127.4196
125.4166
125.7895
125.9140
124.3053
124.1826
122.1154
123.6927
121.8747
120.3228
119.6139
119.1438
116.1364
117.9773
118.9095
116.8231
115.5676
113.8787
112.4363
113.6555
111.6677
113.2106
114.4387
111.3400
109.3948
108.8607
108.7543
108.2236
105.1977
106.5432
104.3784
104.4805
102.3585
100.8696
100.8696
102.6589
99.6941
99.1115
98.3400
98.2440
96.8148
96.9094
95.1267
94.0173
93.7419
92.8296
94.5704
92.5576
93.1935
91.7461
90.6748
88.2208
89.6153
87.8754
88.2208
86.8467
86.5063
85.4925
86.2518
84.7394
84.4066
83.4155
83.1693
81.6257
82.1104
79.0840
80.3459
79.0057
79.0057
78.0716
78.4597
76.5363
77.3006
75.5524
75.2519
73.6909
74.1341
73.3967
73.9122
72.5928
72.6656
70.7932
71.0072
69.1704
69.2403
68.6826
67.7154
66.8951
65.8811
66.3528
65.5458
64.6803
65.6127
64.6803
64.2180
61.6254
61.6892
61.1801
60.7372
60.5482
59.9837
60.2968
57.7648
58.8665
57.2800
57.2800
56.9184
56.0811
56.2598
54.7832
55.0175
54.6663
54.0263
53.0477
53.0477
54.3747
51.6309
51.1273
50.7379
50.4057
49.5816
49.6909
49.4179
48.4967
48.0137
47.6401
47.2155
46.4783
46.1646
45.9562
45.6965
45.5929
45.0258
44.2086
42.5520
42.8005
42.8503
42.3538
41.3709
42.3043
41.9098
41.0301
40.2092
40.4015
39.6354
39.0664
40.4015
38.6896
37.7102
37.4790
37.8029
37.0190
36.8359
36.5621
36.9732
36.3801
35.4329
35.5226
35.1647
34.5430
34.5430
33.7520
34.0585
34.2783
33.4034
33.4904
34.0585
33.6647
33.7957
33.4469
34.2343
33.9708
35.3434
35.6124
36.0178
37.1567
36.8816
37.5252
38.2215
38.7366
38.5020
39.4928
40.3052
41.1759
41.4197
42.8503
43.5011
43.8540
44.6671
45.4378
46.2168
46.2690
47.0569
48.1207
49.4179
49.0914
50.6824
51.3507
51.7433
53.1622
52.8763
55.0175
55.0763
56.3194
57.1593
57.1593
59.9837
59.4852
60.0462
61.1801
61.4343
61.7531
63.4968
65.0786
65.6797
67.2359
67.0994
67.7841
69.6610
69.2403
70.5088
69.0307
71.7963
73.9122
74.5795
74.8031
76.3083
76.2324
76.5363
79.0057
79.6339
80.6642
81.3041
81.5452
83.0056
85.0733
84.4897
85.0733
86.5063
86.8467
87.9616
89.0026
89.7910
90.6747
95.4060
93.9254
93.3760
95.8734
94.7555
97.1939
97.4792
99.0148
100.3781
100.6727
101.3634
101.1656
103.5656
104.7872
105.6098
107.5902
105.6098
108.2235
107.8009
109.5019
110.1469
111.4491
112.2161
114.1024
115.3409
114.2144
114.3265
116.4792
118.6757
119.9678
119.0266
119.9678
121.2753
123.6927
125.4166
124.1826
126.4137
126.4137
127.7991
127.2934
129.8449
130.1032
131.2728
131.2728
131.7964
132.7185
134.9888
134.9888
135.9365
136.2087
136.8919
138.5479
142.3598
142.3598
140.6507
142.7909
144.2390
144.3848
144.9696
147.9359
147.9359
146.2956
150.2083
150.6678
150.6678
152.3671
155.8358
155.9957
154.5634
156.9595
158.9091
157.4441
160.2253
158.0932
161.5550
161.3880
163.4056
162.8983
165.6268
165.4547
167.0125
172.1588
169.4724
171.7975
170.7194
170.1835
170.5405
177.1318
176.0110
176.7572
177.5074
186.2362
185.6373
177.8840
181.3203
184.4468
185.2393
184.4468
184.4468
184.4468
184.4468
188.4542
188.2511
188.8611
190.5005
188.6575
190.9132
194.0466
193.8356
193.4145
196.3877
194.2579
194.8936
196.3877
200.3000
199.6408
201.1835
199.4217
201.1835
204.3170
206.3660
202.2952
207.0552
208.9083
205.2243
207.5164
210.0778
212.4436
211.9676
211.9676
214.1214
212.6822
215.8172
217.2853
216.7945
212.4436
220.2631
219.7629
218.2718
218.7673
220.0128
223.5526
229.8067
226.1295
224.8360
225.6108
229.0118
224.5785
230.8726
225.6109
227.4333
227.6953
233.2963
232.4845
233.0253
232.7547
237.9727
238.2519
235.7559
241.0691
238.5315
239.3732
243.9337
245.3841
246.2603
244.8025
246.8468
249.2132
249.2131
245.9678
245.6757
249.5112
250.4084
249.8098
251.3103
256.8204
253.1279
258.6956
259.6408
260.2736
260.9086
258.0684
257.4433
264.1177
260.5908
276.1586
260.5908
261.5459
264.4418
271.7198
265.7437
270.7103
270.3750
268.3759
269.0398
274.4389
274.4389
269.3727
269.0399
276.8510
274.4389
274.4389
279.2944
281.7696
279.9983
272.3958
267.0551
278.9433
281.7696
279.9983
283.5576
281.7696
280.7049
293.5092
286.0890
287.1841
286.0890
290.8799
290.5072
287.5505
289.7638
303.1955
293.8877
291.2533
294.6469
293.8877
297.7132
298.8754
294.2669
299.2643
299.2643
302.7990
301.2203
305.9937
309.2396
305.5916
307.6102
302.7989
295.7912
308.4232
309.2395
312.1226
346.7420
308.4232
308.8310
316.7361
321.0207
316.7361
312.1226
321.0207
321.8882
319.7261
317.1606
321.8882
324.5122
327.1693
320.5882
323.6339
329.4090
326.7241
320.5882
330.7640
327.6153
328.0624
334.8813
334.8813
353.1690
331.2178
329.8598
339.5492
333.0417
334.8813
338.1383
334.8813
333.0417
351.1719
334.4200
338.1383
348.7000
349.1923
345.2846
345.2846
335.3436
343.3562
347.2299
347.2299
351.1720
349.1922
353.1690
349.6855
358.7534
350.6754
357.7279
354.1743
351.6695
352.6681
354.6785
359.7837
360.8185
365.0046
363.9510
363.4259
364.4772
359.2679
357.7278
363.9509
371.4287
361.8578
374.7076
362.9020
368.1945
366.5941
375.2586
375.2586
373.0624
365.5332
380.2751
379.7125
379.1512
380.8390
385.3987
381.4043
384.2506
380.2751
379.7125
377.4752
371.9720
387.7110
379.1511
381.4043
388.2926
380.8391
381.9709
381.4043
388.8756
374.7076
384.8239
382.5388
385.9748
391.8113
384.8239
387.7110
388.2926
390.6327
387.1309
396.5826
400.2222
389.4599
396.5826
392.9956
383.6787
396.5826
390.0457
403.9155
412.1078
397.7898
402.0620
403.2961
399.0030
400.8339
404.5363
405.7827
399.0030
409.5588
399.0030
412.1077
416.6304
390.0456
409.5587
390.6327
399.6119
407.6636
412.7490
414.6823
404.5363
419.2508
414.6823
420.5709
400.2221
419.9101
410.1937
423.9010
410.1937
418.5932
415.9794
431.3791
415.3301
419.9100
410.1936
415.9793
421.8979
421.2335
423.2315
426.5957
438.3650
420.5709
422.5638
432.0695
426.5957
432.7616
434.1516
426.5958
427.2739
427.9536
419.9100
441.9273
421.8979
429.3184
439.7843
430.0035
431.3791
437.6581
436.2500
444.8113
445.5370
439.0736
441.9273
434.1516
440.4967
441.9274
451.4140
449.1953
433.4557
444.0874
439.7843
448.4598
444.8113
456.6610
446.2648
455.1517
458.1785
455.1517
448.4599
446.2649
455.1517
435.5486
450.6725
460.4704
460.4703
463.5555
464.3323
461.2384
453.6504
454.4001
454.4001
460.4704
466.6750
465.1111
465.1109
468.2477
461.2385
447.7262
462.7811
457.4186
465.1109
466.6750
455.1517
468.2477
472.2180
473.0186
469.8292
467.4603
463.5555
470.6232
462.0088
462.7810
444.0874
452.1574
473.8217
462.0087
466.6750
489.5170
458.9403
472.2181
472.2178
491.2194
468.2477
478.6872
478.6872
496.3856
479.5061
476.2441
465.8918
483.6357
484.4687
471.4194
466.6750
468.2477
486.9820
481.9769
484.4688
479.5060
489.5172
469.8291
489.5170
480.3274
478.6871
493.7912
486.1418
492.9313
478.6872
492.0742
490.3669
489.5170
495.5183
482.8051
494.6534
492.9313
493.7911
497.2554
509.7049
483.6357
499.8802
506.0951
505.1995
497.2552
485.3040
491.2193
491.2193
493.7912
500.7601
500.7602
493.7911
495.5182
501.6429
488.6696
490.3669
500.7602
495.5182
576.1483
505.1993
513.3580
494.6535
497.2554
502.5281
485.3040
501.6427
491.2193
517.9860
480.3273
516.1264
492.9313
526.4952
514.2780
506.9936
511.5260
492.0741
502.5281
512.4404
611.3867
507.8948
519.8569
507.8947
493.7911
509.7050
518.9202
520.7966
517.0548
511.5258
508.7986
510.6143
519.8569
509.7049
518.9202
519.8569
515.2008
529.3837
504.3062
511.5260
514.2780
521.7393
525.5382
517.0547
512.4407
517.9861
510.6141
517.0548
517.0549
508.7986
520.7967
518.9200
517.0548
534.2578
520.7966
547.2914
515.2008
533.2771
525.5382
551.4099
524.5841
540.2073
511.5261
519.8570
540.2073
537.2189
553.4891
521.7391
540.2075
528.4179
523.6329
521.7391
515.2008
519.8569
526.4951
529.3839
534.2580
521.7391
541.2098
531.3245
527.4550
532.2991
544.2361
521.7391
551.4102
534.2580
540.2075
554.5338
533.2771
533.2771
538.2120
509.7050
550.3756
541.2100
545.2513
538.2118
537.2187
560.8716
534.2578
532.2991
539.2080
535.2417
545.2513
546.2697
549.3442
536.2288
538.2120
526.4952
556.6328
556.6327
530.3525
546.2698
548.3160
552.4479
557.6874
558.7452
544.2362
540.2075
544.2361
553.4893
547.2912
546.2698
548.3160
546.2698
537.2187
548.3160
554.5336
552.4479
560.8716
556.6328
526.4951
559.8068
563.0114
559.8068
551.4099
560.8716
553.4891
550.3756
547.2914
571.7118
548.3161
549.3442
539.2081
558.7454
552.4479
548.3161
533.2770
539.2080
541.2100
543.2244
554.5338
585.1992
554.5338
542.2157
559.8068
560.8715
555.5816
556.6327
557.6874
564.0866
569.5154
564.0868
560.8715
545.2515
555.5816
576.1483
553.4891
571.7118
563.0116
549.3442
560.8716
552.4479
556.6327
553.4891
580.6435
558.7454
592.1484
573.9229
552.4481
569.5154
551.4100
554.5336
569.5154
575.0338
563.0114
564.0866
565.1655
595.6759
544.2362
587.4999
587.4998
548.3161
553.4891
569.5154
625.2455
579.5141
554.5336
590.9801
565.1655
556.6328
557.6873
590.9801
547.2914
578.3884
567.3333
600.4354
568.4225
571.7118
568.4225
551.4100
566.2476
579.5143
553.4893
602.8398
601.6357
590.9803
576.1483
580.6435
587.4998
595.6755
575.0336
584.0544
542.2154
651.8781
573.9229
585.1990
576.1483
557.6874
590.9801
580.6437
587.4999
584.0546
589.8162
615.1136
581.7767
639.6551
611.3867
579.5143
569.5154
579.5143
572.8156
571.7118
569.5154
594.4961
565.1653
565.1653
567.3334
575.0338
538.2118
573.9227
561.9399
555.5814
600.4356
564.0868
607.6983
565.1653
565.1655
595.6757
573.9229
586.3477
584.0546
563.0116
580.6437
590.9801
580.6435
589.8163
579.5143
589.8162
581.7767
601.6355
587.4998
566.2476
593.3203
584.0544
576.1481
567.3333
565.1653
605.2609
580.6437
589.8162
573.9227
605.2609
558.7452
610.1531
592.1482
584.0546
584.0544
581.7767
582.9137
587.4998
573.9227
612.6247
584.0546
585.1992
594.4961
577.2666
569.5154
576.1481
594.4961
589.8162
587.5001
588.6561
568.4225
590.9801
610.1529
598.0476
608.9235
592.1484
586.3477
599.2394
590.9803
589.8162
582.9137
599.2396
595.6757
588.6561
598.0474
604.0483
599.2396
580.6435
593.3199
589.8163
593.3203
594.4959
592.1482
598.0474
596.8596
596.8597
590.9801
598.0476
586.3477
601.6357
590.9803
588.6561
571.7118
595.6757
584.0544
601.6357
589.8163
598.0476
594.4961
595.6759
775.6805
593.3199
596.8596
594.4961
608.9236
585.1990
598.0474
593.3201
605.2609
590.9801
607.6985
593.3201
590.9803
594.4961
590.9803
602.8399
545.2513
598.0476
600.4356
598.0474
590.9801
600.4354
610.1531
580.6435
600.4354
602.8398
601.6355
596.8597
612.6247
604.0482
622.6855
596.8596
600.4354
596.8596
608.9235
593.3203
586.3477
599.2396
595.6757
592.1482
593.3199
601.6357
594.4959
604.0483
593.3201
592.1482
587.4998
683.5276
592.1482
605.2607
599.2394
589.8163
602.8399
596.8597
606.4774
598.0474
611.3867
596.8596
595.6757
612.6247
615.1136
631.7251
606.4775
616.3644
586.3478
600.4354
631.7249
601.6357
612.6247
613.8670
606.4775
611.3867
604.0483
608.9235
623.9634
573.9229
618.8797
605.2607
602.8399
594.4959
631.7251
590.9801
598.0476
601.6357
612.6247
616.3644
600.4356
593.3201
575.0338
596.8597
615.1134
604.0483
612.6247
608.9235
611.3867
622.6857
623.9632
607.6985
602.8398
600.4356
604.0482
607.6983
604.0482
604.0483
627.8235
588.6562
606.4774
604.0482
594.4959
608.9236
598.0474
602.8399
630.4200
606.4775
606.4774
595.6757
592.1480
593.3199
606.4774
611.3865
596.8597
523.6329
607.6985
631.7251
781.3347
607.6985
604.0483
604.0482
600.4354
638.3215
626.5323
602.8398
579.5143
600.4354
580.6435
592.1482
600.4354
610.1529
592.1482
605.2609
615.1134
611.3865
585.1990
600.4356
616.3646
615.1136
599.2396
606.4775
615.1136
571.7120
589.8163
611.3867
611.3865
593.3199
604.0482
589.8163
617.6199
594.4961
613.8670
602.8398
587.4998
588.6559
589.8163
604.0482
578.3887
612.6245
595.6755
599.2396
620.1437
576.1481
601.6355
578.3884
605.2607
607.6985
604.0482
605.2607
621.4124
600.4354
594.4957
598.0474
596.8597
601.6355
600.4354
604.0483
593.3203
509.7049
585.1990
610.1531
604.0482
596.8596
576.1483
602.8399
601.6357
579.5141
600.4356
600.4354
595.6755
611.3867
584.0544
594.4961
586.3477
588.6562
589.8162
589.8163
575.0338
594.4959
570.6118
599.2396
606.4774
556.6327
589.8160
571.7118
576.1481
589.8162
569.5154
586.3477
573.9227
581.7767
602.8399
586.3475
573.9229
567.3333
593.3199
590.9801
577.2666
590.9801
588.6561
578.3884
590.9801
589.8162
674.6344
587.4999
575.0338
570.6119
586.3475
590.9803
587.4998
578.3884
581.7767
517.0548
578.3884
602.8399
573.9229
590.9801
599.2396
594.4957
595.6759
579.5143
564.0866
573.9229
567.3333
588.6561
568.4225
593.3199
575.0338
594.4961
620.1437
588.6561
577.2664
587.4999
658.8445
568.4227
594.4961
556.6328
572.8156
576.1483
570.6118
581.7769
566.2476
559.8068
570.6119
584.0544
573.9227
576.1483
572.8156
580.6437
571.7118
588.6561
572.8156
570.6119
576.1483
571.7120
567.3333
554.5336
568.4227
573.9229
582.9139
557.6874
569.5154
576.1483
571.7120
582.9139
558.7454
553.4891
576.1483
555.5816
569.5155
555.5814
584.0546
570.6119
567.3334
563.0114
564.0866
552.4479
572.8154
566.2476
555.5814
569.5154
559.8068
553.4891
554.5336
561.9397
553.4891
572.8156
573.9229
589.8162
567.3334
560.8715
557.6874
555.5814
557.6874
576.1483
548.3161
569.5155
552.4479
578.3884
565.1655
576.1483
564.0868
580.6435
566.2476
565.1655
590.9801
555.5816
558.7454
555.5814
606.4774
559.8068
575.0338
579.5143
566.2477
551.4100
543.2241
569.5154
555.5814
563.0116
576.1483
571.7120
548.3163
560.8716
554.5336
551.4100
549.3442
555.5816
570.6119
532.2993
580.6437
548.3161
555.5816
535.2419
555.5816
552.4479
555.5814
535.2417
532.2991
539.2081
536.2287
534.2580
545.2513
544.2361
569.5155
531.3243
538.2118
525.5381
543.2241
558.7454
537.2187
558.7454
538.2120
556.6328
539.2080
537.2187
554.5338
519.8569
573.9229
528.4179
538.2120
536.2287
527.4550
519.8569
520.7966
545.2513
542.2155
552.4479
534.2578
540.2075
526.4952
537.2189
541.2100
519.8569
529.3837
530.3527
517.9860
535.2419
538.2120
538.2120
520.7966
508.7986
542.2155
510.6141
543.2243
521.7393
542.2155
536.2288
538.2120
520.7967
525.5381
504.3065
534.2578
525.5382
519.8569
520.7966
509.7050
553.4891
541.2100
512.4406
525.5382
526.4952
520.7967
517.9860
596.8597
511.5261
525.5382
525.5381
516.1265
508.7984
511.5260
492.0741
506.0952
526.4952
517.9861
527.4550
524.5841
511.5261
510.6141
510.6143
506.9936
523.6328
511.5260
490.3670
497.2552
493.7911
505.1996
507.8948
504.3062
513.3580
510.6141
511.5260
496.3856
507.8947
508.7986
510.6140
504.3064
517.0549
492.9313
501.6427
507.8948
514.2778
519.8570
499.0027
509.7049
500.7601
496.3854
496.3856
508.7984
499.0027
499.0027
505.1996
496.3856
493.7912
497.2554
496.3856
503.4158
497.2554
484.4688
482.8051
488.6697
494.6535
507.8947
487.8247
486.9820
490.3670
499.8800
493.7912
491.2193
471.4195
481.9769
483.6357
478.6871
454.4001
475.4343
484.4687
461.2385
485.3042
478.6871
489.5170
489.5170
489.5172
486.9821
476.2441
474.6269
485.3042
473.0188
481.9767
478.6870
467.4602
476.2443
466.6750
473.8217
479.5061
475.4343
472.2180
477.8705
469.8291
470.6232
468.2477
468.2477
501.6430
468.2477
466.6750
469.0374
477.8706
473.0186
480.3274
462.0087
474.6268
475.4345
456.6610
468.2477
477.8706
471.4195
469.0373
456.6610
496.3856
461.2385
467.4603
451.4139
463.5556
458.9404
461.2385
464.3322
453.6504
467.4603
458.1784
452.9029
459.7043
439.7842
455.1516
452.1574
452.9029
439.7843
456.6609
464.3323
496.3856
441.2111
446.2649
438.3650
444.8114
423.2315
449.9329
450.6725
444.0874
442.6454
444.8113
419.9100
433.4556
599.2396
435.5487
449.9330
436.9532
439.0737
433.4556
433.4557
441.9272
434.8491
432.0694
427.2738
449.1954
425.9194
421.2336
432.7617
427.2739
427.2738
420.5709
434.1516
427.2738
432.0695
427.9536
423.2316
435.5487
437.6581
430.6904
425.9195
425.9194
416.6303
417.9373
410.8300
446.2649
407.6636
421.8979
413.3918
405.7827
419.9101
419.9100
408.2938
408.2939
402.6783
400.2221
401.4471
399.6118
399.6118
404.5363
398.3957
402.6783
400.2222
390.0457
396.5825
399.6119
399.6119
402.0620
401.4472
394.1855
400.8340
399.6118
390.6328
373.6096
395.3812
401.4472
387.1310
395.3811
383.6787
384.8239
384.8239
392.9956
385.9747
387.7111
401.4472
380.2751
385.3987
386.5521
388.2927
388.2926
386.5521
380.8390
426.5958
380.8390
380.8390
369.2675
382.5389
377.4752
379.7124
380.2751
370.3456
373.0625
373.0624
375.2586
371.9720
368.7305
374.1580
359.7836
375.2586
370.8864
368.7305
360.8184
362.9021
367.1263
365.5332
365.5333
357.7278
362.9021
367.6599
356.7069
354.6785
357.7279
351.1719
352.6682
356.7069
352.6681
353.6711
355.1840
347.2299
348.2089
356.1982
350.6753
346.2551
355.1840
356.1982
352.6682
344.8010
342.8767
350.1799
346.2552
347.2300
340.9691
341.9210
331.2177
340.0215
343.3562
343.3563
335.3437
334.4200
341.4445
332.1278
336.7365
337.6700
329.8597
333.9596
336.7365
333.0418
326.2799
330.7640
330.7641
333.0417
327.6153
325.3943
325.3943
329.4089
323.6340
318.0122
331.2177
323.6340
318.4394
318.0122
318.8674
314.2069
320.5883
318.0123
318.8675
317.1606
307.2048
313.3706
310.0592
318.8674
306.8003
316.3124
306.8004
306.3966
311.7082
300.0444
303.5929
300.8276
312.9538
293.8877
300.0445
298.8754
296.1742
298.0999
298.8754
296.5577
295.7912
296.5578
294.6469
290.8799
292.7543
292.0024
286.8184
293.5092
296.9421
291.2533
290.8799
283.9171
290.1351
286.0890
286.0890
286.4533
284.6384
282.1259
284.2775
283.9171
279.9983
282.4828
278.9434
275.4689
279.9983
277.5459
271.3827
278.9434
268.7075
268.0448
273.0744
266.7263
270.3750
272.7348
268.3759
266.0707
264.4417
263.4713
262.1854
251.0091
262.5061
261.8654
265.4174
262.8272
261.2269
259.6408
259.9568
258.3817
259.0102
256.1996
259.0102
254.0438
255.5809
250.4084
251.0091
248.0260
251.3103
250.4084
249.5112
248.9156
246.5534
245.3842
242.7821
244.5124
249.2132
242.7821
241.9234
241.0691
241.3534
238.2518
237.6940
235.2062
235.2061
230.8726
232.7547
231.6766
235.2062
227.1717
227.9578
226.9105
227.4333
228.2207
227.9578
227.6954
226.1295
224.5785
224.0648
225.3521
222.7876
222.0260
219.7629
228.4839
217.5314
219.5134
215.8172
215.8172
215.5738
212.2054
215.5738
213.1605
213.6402
210.7838
210.5481
207.9789
209.1415
206.1370
207.5164
207.2856
208.2108
204.9970
204.5434
202.7421
203.1904
201.8495
200.5204
208.4429
195.1061
197.0326
196.1734
196.3877
195.9592
196.8174
192.7852
192.9947
194.0466
191.3271
191.7422
187.6437
188.6575
190.0889
186.4365
187.8459
189.8835
184.8425
183.8553
183.0704
182.8749
181.3203
177.3194
180.3573
180.1655
178.6404
175.8251
176.7572
173.2484
171.9780
171.9780
171.4371
170.7194
168.0612
170.8985
170.3619
169.4724
164.0851
166.8385
167.8858
165.2827
165.4546
160.5565
163.4056
163.5752
162.7296
159.7302
157.4441
160.2253
158.2560
157.4442
154.4053
154.4053
157.4442
153.9320
151.2831
150.8213
150.5144
152.9907
150.9751
151.9014
151.2831
149.4462
155.5165
143.8028
143.8028
142.2165
143.6577
143.6577
143.8028
143.5128
140.6507
138.1317
140.6507
137.5791
137.9933
137.8551
134.9888
134.1825
134.7194
132.5864
131.0118
129.9740
131.5343
128.9454
127.7991
128.9454
127.7991
126.9155
127.7991
123.3267
125.1687
124.0599
121.3949
121.7545
120.5602
119.9678
118.2096
118.6757
117.6297
117.6297
117.1681
114.7761
115.6811
115.0017
113.3217
111.0132
112.6570
110.9046
111.6677
109.8239
110.0392
110.5792
106.7517
105.4036
106.0236
103.8697
104.1746
104.2765
105.0949
104.1746
101.6609
104.1746
100.2801
99.2084
97.3840
97.2889
97.0042
95.5927
95.9671
96.3430
94.1093
93.2847
93.1024
92.7389
91.3877
91.2089
89.9671
90.4088
89.8790
90.4973
88.7413
87.8754
87.0174
88.6544
85.4925
84.4897
84.5728
84.4066
84.0750
84.0750
81.7870
82.3537
79.6339
79.9497
80.4254
79.7127
77.9169
77.1472
76.7649
76.8412
76.2324
75.8540
75.5524
74.5795
74.0601
73.0304
71.4367
71.9406
71.4367
70.5087
70.7932
69.8017
68.2667
69.5206
67.8529
67.9217
64.8792
66.5557
65.2785
65.6127
64.6141
61.8170
63.4968
61.6892
61.4979
61.8810
61.2436
61.6254
60.6111
59.1134
59.1134
57.8864
57.8256
56.9786
56.7382
56.9184
55.5475
55.3115
55.2526
54.7247
53.6795
53.6795
53.1049
52.9334
51.6309
51.5748
50.5716
50.2401
50.5163
50.1850
50.0200
48.7124
47.8000
48.8205
48.0672
46.8986
45.9562
46.8986
45.8003
44.5140
45.0771
44.3611
43.5011
43.6521
42.8005
42.9002
42.4033
40.2092
41.4686
41.2246
41.3709
39.7784
40.4015
39.6354
39.4453
38.7366
38.6427
38.4552
38.1748
37.5714
36.6988
36.7445
36.6988
36.1082
36.0178
34.7201
35.7922
35.3434
34.9865
34.1463
34.1024
34.1024
33.6211
33.3166
33.7520
31.8146
32.5399
33.7520
32.1976
32.4113
32.6687
33.0134
33.4034
33.3166
33.7520
34.3664
35.2094
35.3882
36.2440
36.8359
36.8359
37.2026
37.9421
39.0192
38.3616
41.6153
40.0174
41.0301
41.1273
42.2055
43.0000
44.2594
43.8540
44.3102
46.2690
46.3213
47.8533
49.4179
47.8533
49.7457
51.1831
51.7433
52.1379
51.7996
52.4778
53.9106
55.6658
55.6657
56.8583
57.4615
58.0083
58.8049
59.8588
61.3706
61.1801
62.1374
63.4968
64.8129
65.1452
65.9483
66.4880
68.1976
68.0595
69.1704
69.8017
71.1501
72.0128
75.0272
72.4474
73.8384
75.4772
76.8412
77.1472
77.3774
77.9942
79.2408
80.6642
80.5049
81.8677
83.2513
83.8271
84.0750
85.5766
84.8227
87.2739
87.6171
87.1028
90.6747
90.4973
92.1961
93.1935
93.2847
94.1093
94.7555
95.3128
97.2889
97.3840
98.9181
98.3400
99.2084
100.0844
101.6609
104.6849
104.3784
105.4036
106.5432
106.4391
107.4850
108.1177
108.0120
109.0740
109.8239
111.2310
113.0996
113.6556
116.0224
115.0017
113.6556
117.3986
118.5590
117.7454
119.1438
119.0265
122.5983
120.3228
124.1826
125.9140
126.1636
127.2934
126.0387
128.1799
128.6897
123.5706
131.5343
131.5343
132.4543
134.4506
134.4506
136.4815
136.2087
134.9888
138.5479
139.6648
140.9339
139.5246
142.9350
143.9480
145.1162
143.0791
144.8231
148.0861
148.3871
148.6888
149.4462
151.4373
149.7505
152.3671
152.8345
154.4053
155.8357
155.8358
156.1558
157.1208
160.2253
160.5565
160.5565
164.5970
163.0672
162.3929
166.3178
165.1109
166.3179
167.8858
165.7993
166.8385
170.3619
171.6172
171.7975
168.4126
172.3398
172.1588
171.9780
177.8840
177.6956
179.0201
178.8300
181.7073
183.0705
182.8749
182.8749
186.4365
182.8749
187.0388
189.6785
188.0484
189.4737
189.0650
193.2045
189.0650
190.7067
193.6249
190.5004
199.4217
196.3877
197.8970
200.0800
197.6804
209.1414
200.9621
200.9621
202.5184
202.7421
205.2243
208.9083
207.5164
206.1371
208.2108
209.8432
209.8431
209.8432
216.5496
213.1605
216.0609
216.3051
213.6402
217.5314
219.7629
215.3308
218.2718
218.2717
221.2681
222.7876
223.0422
221.7730
224.3215
227.1717
228.7477
225.8699
232.2148
227.9578
223.0422
230.6055
233.2964
231.1402
232.4845
231.9455
235.4808
236.3073
236.8606
238.2519
236.8606
240.5019
239.6547
239.3731
244.5125
245.0931
241.6382
243.9337
243.3570
248.0260
244.5125
254.3502
249.8098
251.0091
248.9156
254.6571
252.8237
256.8203
251.9141
256.8204
257.7556
254.9645
260.2736
260.2735
260.2736
260.5908
268.3759
259.3251
261.8654
261.5459
265.0916
262.1855
267.0551
265.4173
269.7062
274.4389
269.0398
265.7437
273.4146
270.3750
274.0969
271.3827
274.4389
270.3750
268.0448
275.8135
273.7554
283.9171
279.2943
279.9983
282.4828
280.7048
283.5576
283.1987
283.1987
288.2855
285.7253
286.4534
286.8184
290.5071
289.7638
286.8184
290.5071
292.0024
291.6276
294.6469
292.3780
293.1314
300.8275
297.3274
293.8877
304.3900
302.7989
302.4031
304.3900
300.4356
308.4232
309.6490
307.2049
301.2203
307.2049
310.0592
311.2947
307.6101
308.4232
321.4540
318.0123
319.2963
318.4394
311.2947
312.5378
317.1606
318.0122
320.1567
318.8675
319.7260
324.9529
328.5102
327.6153
327.1692
328.5103
330.3115
330.7641
326.2799
333.9596
328.5102
328.5102
332.5843
336.2712
338.1384
341.9209
350.1798
346.7420
342.3984
336.7365
340.9691
336.7365
328.9591
354.6786
340.4948
334.4200
349.1923
350.1798
344.8010
351.1718
345.7694
350.1800
346.2551
345.7693
349.1923
357.2168
360.8185
356.7069
349.6856
362.9021
359.2680
355.6904
351.6695
361.3376
360.3004
364.4772
374.1580
359.7836
350.6754
366.0631
353.6711
365.0046
373.0625
371.9720
367.1263
388.2927
373.6095
365.0046
375.8108
373.6096
376.9190
368.7305
374.1579
371.4286
372.5165
376.3642
378.5911
375.8107
381.9709
380.2751
380.2751
376.3642
387.7111
362.9021
376.3642
385.9748
385.3986
383.1081
387.7111
383.6787
388.8755
383.6787
397.7897
395.9812
395.3811
389.4599
392.4028
391.2214
386.5521
398.3958
400.2222
388.8756
394.7825
397.7899
385.9747
431.3791
393.5898
398.3958
395.3812
403.9154
402.6783
396.5825
397.7899
402.0620
407.0352
397.7898
407.6637
401.4472
395.9811
400.2221
400.8340
405.1587
399.6118
404.5363
410.1937
407.0351
409.5588
410.8300
403.2961
412.7490
413.3917
407.0351
416.6304
416.6303
412.7490
410.8301
417.9373
414.6823
418.5933
414.0363
417.2830
422.5639
419.9100
419.2508
418.5931
415.3301
415.9794
423.2315
430.6904
429.3185
425.2450
424.5720
434.1516
430.6904
433.4557
432.0694
422.5639
436.2500
425.2449
439.0737
427.2738
425.2450
441.2110
446.2650
430.0035
426.5958
432.7616
444.0874
446.2650
438.3650
430.0035
437.6581
443.3654
439.0737
446.2649
439.7843
447.7263
437.6581
449.1953
452.1575
449.9328
444.8113
441.9272
455.9052
447.7261
455.9053
447.7262
446.9946
457.4187
459.7043
460.4704
446.2649
458.9403
455.1516
457.4186
461.2385
455.1516
444.8114
449.1954
468.2477
461.2385
471.4195
447.7262
462.7811
458.1785
448.4599
466.6750
462.7811
465.1109
456.6610
457.4186
458.9403
455.9053
464.3322
445.5373
469.8291
469.0374
465.1109
491.2194
465.1109
469.0374
473.8217
465.1109
475.4343
462.0087
470.6232
465.1109
475.4343
473.0188
479.5061
475.4344
466.6750
452.1575
489.5170
481.9767
475.4343
469.0374
480.3273
472.2180
480.3274
480.3273
484.4688
472.2180
489.5172
495.5183
487.8247
481.9767
495.5183
476.2441
477.0562
487.8247
490.3669
492.0741
477.8705
493.7911
480.3274
492.0742
495.5183
489.5170
499.8802
497.2554
493.7912
470.6231
480.3274
491.2194
499.0027
492.9315
500.7602
487.8246
483.6357
511.5261
494.6535
502.5280
494.6535
493.7911
500.7602
502.5280
503.4159
508.7984
501.6429
503.4158
506.9937
492.0742
500.7601
501.6429
509.7049
506.0954
506.0952
492.0741
499.0027
500.7601
520.7967
490.3669
514.2780
495.5183
501.6429
517.9860
510.6140
506.9935
498.1277
508.7986
506.0954
506.0951
511.5260
508.7984
499.8800
511.5261
511.5260
518.9200
517.0548
512.4406
511.5260
517.9861
513.3579
492.0742
518.9200
530.3527
518.9202
521.7393
516.1265
522.6846
519.8569
524.5841
513.3579
580.6435
491.2193
517.0548
516.1264
515.2009
516.1264
517.9860
529.3839
520.7966
519.8569
513.3579
526.4952
524.5840
511.5260
507.8947
512.4406
521.7391
525.5381
537.2189
542.2154
522.6845
531.3245
534.2578
545.2513
528.4180
524.5841
515.2008
525.5382
518.9202
511.5260
516.1265
529.3837
519.8569
528.4180
538.2118
533.2771
537.2187
543.2243
519.8570
519.8569
538.2118
532.2993
529.3839
530.3527
535.2417
541.2098
512.4407
538.2120
547.2914
525.5382
526.4951
548.3163
543.2243
537.2187
534.2580
557.6874
544.2362
538.2120
538.2118
541.2098
554.5336
538.2120
547.2912
556.6328
546.2697
530.3527
541.2100
530.3527
538.2118
538.2118
554.5338
546.2697
537.2189
560.8716
541.2101
538.2121
556.6325
531.3243
536.2287
540.2073
533.2770
542.2154
555.5816
545.2515
531.3245
556.6328
539.2080
495.5183
538.2118
558.7454
534.2578
551.4102
548.3163
557.6874
554.5338
550.3754
551.4102
545.2513
555.5816
580.6437
546.2698
540.2073
539.2080
543.2243
559.8068
581.7770
553.4893
524.5841
554.5336
557.6873
563.0116
550.3754
567.3334
539.2080
549.3443
545.2515
544.2364
537.2187
565.1655
537.2187
604.0482
551.4100
556.6328
536.2288
553.4891
557.6873
559.8066
563.0114
568.4225
576.1483
553.4891
566.2476
563.0114
580.6437
550.3754
544.2362
529.3837
565.1653
556.6327
577.2666
553.4891
588.6561
567.3334
558.7452
555.5814
555.5814
560.8716
551.4102
518.9202
559.8066
568.4225
557.6874
636.9927
570.6119
561.9399
563.0116
569.5155
569.5155
555.5816
575.0338
576.1483
545.2513
551.4102
537.2189
573.9229
568.4225
570.6119
567.3334
558.7454
585.1990
576.1483
578.3884
590.9801
572.8154
559.8068
579.5143
566.2477
570.6118
576.1481
581.7769
560.8715
556.6327
571.7120
567.3333
513.3580
561.9399
586.3475
558.7452
589.8162
560.8716
581.7767
577.2664
590.9801
584.0544
569.5155
577.2664
572.8156
581.7769
560.8716
570.6118
568.4225
590.9801
668.8173
563.0114
580.6437
587.4998
582.9137
573.9227
573.9229
578.3884
559.8068
605.2609
570.6118
566.2476
565.1653
588.6559
587.4999
590.9801
581.7767
588.6559
563.0114
596.8597
578.3884
579.5143
571.7118
584.0544
586.3475
576.1483
587.4998
577.2664
595.6757
587.4998
599.2394
587.4998
599.2394
582.9137
596.8597
579.5143
589.8163
592.1482
588.6561
592.1484
549.3443
577.2666
602.8398
559.8066
576.1483
584.0544
580.6437
594.4957
573.9229
555.5814
590.9801
567.3334
594.4959
584.0544
607.6985
592.1482
608.9235
589.8162
601.6355
575.0336
608.9235
590.9801
589.8162
589.8162
593.3199
592.1480
595.6759
598.0476
578.3884
601.6357
595.6759
607.6985
585.1992
586.3477
584.0546
595.6759
592.1482
582.9137
616.3646
600.4354
588.6559
602.8399
588.6562
588.6559
580.6435
590.9801
588.6562
606.4775
610.1529
594.4961
593.3199
613.8670
587.4999
612.6247
608.9235
598.0476
599.2394
608.9235
606.4774
605.2609
592.1484
606.4774
621.4124
587.4998
588.6561
594.4959
606.4774
593.3201
586.3475
595.6759
604.0482
593.3199
615.1136
610.1531
590.9801
592.1484
599.2396
535.2417
596.8596
592.1482
594.4961
602.8399
630.4200
595.6759
599.2396
610.1529
589.8163
717.9589
612.6247
613.8670
593.3203
586.3475
595.6757
612.6245
606.4775
600.4354
601.6355
615.1136
611.3865
587.4999
606.4774
621.4126
612.6247
604.0482
612.6247
601.6357
590.9801
593.3203
633.0350
589.8162
592.1482
606.4774
563.0116
611.3867
596.8597
607.6983
592.1484
599.2396
599.2394
462.7810
613.8668
627.8235
599.2394
595.6757
610.1531
594.4959
621.4124
615.1136
599.2396
617.6199
605.2609
608.9236
615.1134
625.2455
599.2394
590.9803
610.1529
621.4126
621.4126
605.2607
608.9235
634.3495
653.2609
605.2607
600.4356
595.6757
592.1482
613.8670
618.8795
572.8154
592.1482
595.6757
617.6199
601.6355
594.4961
587.5001
594.4961
599.2394
623.9632
622.6855
608.9236
623.9634
617.6199
602.8398
618.8797
598.0474
590.9803
625.2454
613.8670
610.1531
593.3201
590.9801
611.3867
615.1136
625.2455
607.6985
623.9632
588.6561
593.3199
601.6357
607.6983
617.6199
608.9235
600.4354
623.9632
618.8797
588.6559
613.8670
612.6247
616.3646
642.3369
653.2611
608.9235
606.4774
593.3201
620.1439
589.8163
571.7118
593.3199
593.3201
606.4774
589.8163
608.9235
589.8163
598.0474
582.9139
615.1134
595.6757
613.8670
604.0483
622.6857
590.9801
618.8797
613.8668
604.0482
600.4356
592.1482
627.8234
585.1990
610.1529
569.5154
585.1990
608.9235
596.8596
697.2568
596.8596
585.1990
605.2607
596.8597
601.6355
612.6247
630.4200
576.1483
595.6759
590.9801
545.2513
596.8597
608.9236
588.6562
610.1531
586.3475
593.3203
584.0544
621.4126
595.6757
585.1992
602.8399
589.8160
611.3867
605.2607
579.5141
593.3199
582.9137
589.8162
581.7767
571.7118
586.3478
670.2632
581.7767
607.6983
582.9137
599.2394
595.6755
592.1480
590.9803
617.6198
589.8162
593.3203
588.6561
598.0476
576.1483
578.3885
611.3867
573.9229
586.3477
587.4998
572.8154
587.5001
596.8597
584.0546
582.9137
588.6559
606.4775
605.2609
581.7769
575.0338
582.9137
585.1990
615.1136
588.6559
578.3885
570.6118
590.9803
580.6437
581.7767
590.9801
594.4961
572.8156
571.7120
567.3333
586.3475
587.4998
587.5001
587.4998
559.8068
586.3475
568.4227
582.9137
575.0338
567.3333
592.1484
578.3885
570.6118
592.1480
596.8597
573.9227
564.0866
571.7120
584.0546
567.3333
568.4225
595.6759
573.9229
570.6118
584.0546
580.6437
586.3475
518.9200
582.9139
581.7769
572.8154
571.7118
587.5001
575.0338
580.6437
570.6119
582.9139
571.7118
565.1655
564.0866
599.2396
578.3885
576.1483
551.4100
565.1653
563.0116
567.3333
573.9229
569.5154
581.7769
572.8156
571.7120
555.5814
566.2476
566.2476
579.5143
565.1655
582.9139
556.6328
557.6874
564.0866
579.5143
568.4225
571.7120
568.4225
556.6328
546.2698
571.7120
563.0116
550.3756
553.4893
576.1483
572.8156
555.5814
553.4891
553.4891
559.8066
559.8068
550.3754
542.2154
567.3334
554.5336
585.1992
551.4100
555.5814
573.9227
542.2154
564.0868
549.3442
558.7452
522.6846
548.3161
551.4100
556.6327
546.2698
557.6874
576.1483
553.4891
554.5338
563.0116
552.4479
553.4893
580.6437
557.6874
556.6328
559.8068
569.5155
552.4481
536.2287
556.6328
536.2287
554.5338
556.6328
554.5338
623.9632
556.6328
542.2155
536.2287
554.5338
536.2288
519.8569
534.2580
551.4100
543.2244
544.2362
538.2118
545.2513
540.2075
543.2243
544.2362
540.2075
534.2578
547.2914
545.2513
540.2073
533.2771
537.2189
536.2287
550.3756
532.2991
555.5816
554.5338
538.2118
529.3839
536.2288
552.4481
536.2287
540.2075
532.2993
536.2288
552.4481
525.5382
538.2120
520.7966
578.3884
541.2098
517.9860
521.7393
520.7966
522.6845
536.2288
535.2417
536.2288
551.4102
532.2991
554.5336
544.2362
523.6328
526.4952
522.6846
528.4179
537.2189
548.3161
504.3064
528.4180
510.6141
521.7391
532.2993
483.6357
528.4180
528.4180
526.4952
529.3839
522.6846
526.4952
527.4551
521.7391
518.9200
524.5841
515.2009
507.8948
496.3854
527.4551
528.4180
521.7391
518.9202
517.0549
530.3527
507.8948
526.4952
498.1277
527.4551
510.6140
512.4406
511.5261
510.6143
501.6427
500.7601
528.4180
499.8800
546.2698
499.8802
507.8947
488.6696
503.4159
515.2009
493.7911
499.8800
515.2009
519.8570
505.1995
510.6140
497.2554
498.1276
508.7984
498.1277
497.2554
507.8945
493.7911
485.3040
503.4159
483.6357
497.2554
494.6534
493.7911
498.1277
497.2552
498.1276
508.7984
491.2193
489.5172
496.3854
477.8705
493.7912
479.5060
508.7984
492.9313
454.4000
488.6696
489.5170
484.4688
477.0563
490.3670
475.4343
477.0562
457.4186
481.1510
476.2440
477.8705
468.2477
485.3042
482.8051
493.7912
468.2477
481.1508
480.3273
479.5061
455.1517
481.1508
498.1279
479.5061
468.2477
466.6750
445.5370
444.0875
465.1109
476.2441
458.9403
466.6750
469.8292
479.5061
514.2781
471.4195
464.3322
464.3322
458.1785
458.9404
468.2477
457.4186
462.7811
475.4345
454.4000
465.8920
465.8918
465.8920
467.4602
471.4195
461.2385
468.2477
469.0374
454.4000
450.6725
453.6505
446.2649
464.3323
443.3656
464.3322
452.9030
436.2500
444.0875
453.6505
450.6725
452.9030
454.4001
444.0875
439.7842
446.9945
450.6725
446.9946
443.3656
454.4000
449.1953
444.0874
449.1953
424.5720
441.9273
439.0736
449.9329
435.5486
426.5957
446.2650
434.1516
441.9272
432.0695
442.6453
436.2499
433.4557
437.6581
430.6903
436.2499
433.4557
441.9273
428.6351
377.4752
427.2738
436.2500
424.5720
439.0736
434.1516
429.3184
427.2738
423.2315
427.2739
425.2449
446.2649
439.0736
418.5932
422.5639
417.9373
423.2316
412.1077
421.2335
415.3299
412.7490
407.6636
435.5487
418.5931
415.9794
409.5587
410.8300
397.1855
410.8301
412.7490
412.7489
403.2961
381.9709
404.5363
407.6636
339.0779
401.4471
397.7898
405.1586
402.0620
411.4681
400.2221
410.8301
405.7827
397.7899
387.1309
390.6327
388.2926
397.7898
388.8755
382.5389
391.2213
393.5899
382.5388
403.2961
390.0456
390.6329
392.9955
392.9956
363.4259
377.4752
383.6787
385.3987
371.4286
381.9709
374.7076
381.4043
381.4043
384.8240
377.4751
384.8240
374.1579
374.1580
385.9747
370.3456
373.0624
371.9720
376.3643
363.9510
379.7125
363.9509
365.5332
366.5941
369.8060
360.3004
353.6711
352.6681
366.0631
366.0631
355.6904
358.7534
357.7279
351.1719
353.1690
354.1743
365.5332
355.1840
358.2401
354.6786
350.6754
352.6682
348.7001
348.7000
348.2089
352.6682
346.7419
354.1743
349.1923
343.8368
352.6682
350.1798
339.0779
344.8010
339.0779
344.3184
339.0779
334.8813
336.7365
335.8069
341.9210
365.5332
340.4948
335.3437
336.2712
334.4200
324.9529
333.0418
326.2799
333.5002
325.8366
333.5002
326.2799
332.1279
328.9591
328.9591
326.2799
324.9528
330.3114
324.9528
318.4394
328.0623
331.2177
320.1567
317.1606
315.8896
320.1567
313.3707
318.8675
321.4540
319.7261
314.2068
309.2396
310.4702
308.0163
309.2395
306.8003
305.5916
298.8755
308.0163
305.9937
305.9937
301.2203
305.5916
300.4357
300.0444
292.3780
297.7132
295.7912
293.5092
300.0445
292.3780
291.6275
293.1314
299.6541
295.4090
287.9177
292.3780
292.7544
291.2533
290.1351
292.7544
289.3931
285.3623
283.1987
284.2775
288.2855
283.1987
278.5930
281.7696
307.6102
285.0001
277.1981
282.1259
274.4389
277.5458
275.1249
278.9434
272.3959
272.3959
272.7348
274.0969
274.7816
271.0462
270.7103
265.0916
268.7076
269.7062
269.3727
262.1854
265.4174
266.3983
262.5060
259.3251
257.7556
254.9645
260.2736
258.3818
259.0102
255.2724
249.8097
256.8204
252.2167
252.8236
255.5810
253.7380
248.3220
249.5112
249.5112
248.0260
243.0693
245.6757
242.2092
249.8097
244.2228
239.6546
245.6757
238.5315
241.3534
236.0314
236.5837
239.9366
237.9727
234.6583
230.0725
231.9455
232.2148
233.0253
232.2148
226.6497
227.6953
228.2207
224.8360
232.4845
225.6109
222.2795
223.8085
223.0422
219.7629
222.2794
231.1402
219.7629
216.5496
220.2631
216.5495
214.1214
207.9789
217.5314
215.8172
202.9661
209.1414
210.7838
209.8432
207.0552
206.5955
206.1370
206.3661
207.2857
207.9790
207.2856
202.9661
203.8654
203.4151
203.6400
202.5185
199.4217
197.6805
199.2029
198.1139
197.4642
195.3190
195.1062
193.6249
191.1200
190.5005
195.5321
191.9502
191.3271
189.6785
186.2363
188.8611
185.4382
184.6445
184.4468
184.2494
183.2662
182.2899
180.7417
181.9013
179.2103
177.5074
179.2103
171.7975
176.7572
171.2573
177.6956
172.1588
170.5405
171.4372
170.8985
169.6498
169.6498
166.8385
171.9780
163.9149
166.3179
163.7449
162.8983
163.7449
163.5752
160.5565
157.2824
160.5565
158.5821
157.6061
157.4442
155.1980
155.8358
155.9957
152.9907
151.1290
152.9907
151.5918
151.4373
150.2083
147.6361
148.3871
147.9359
146.2956
146.1476
145.2630
144.9696
143.6577
143.0791
143.0791
142.0733
139.2447
141.3599
138.2703
138.8262
138.5479
136.4815
135.6649
134.5849
132.8509
134.7194
132.1907
133.1160
130.6216
130.3621
128.8174
130.3621
127.7991
127.5460
126.0387
126.1636
124.4283
124.1825
125.1687
123.6927
122.3566
120.2043
119.4962
120.6790
118.2095
118.3259
116.7084
122.9619
113.4328
115.2277
114.7761
114.7762
113.5441
111.9964
110.3629
109.9315
109.9315
108.1177
108.3295
107.5902
106.2311
106.4391
106.5432
104.5826
104.6849
104.5826
103.6669
101.3634
100.9681
99.5968
99.4024
99.8891
97.2889
96.7202
98.1481
95.2197
95.1267
96.4371
94.5704
92.8296
93.5588
92.9205
90.0553
90.3203
88.7413
88.9155
89.6152
88.9155
88.3074
87.0174
85.9136
84.4897
86.2518
84.0750
83.0056
83.2513
81.7063
82.1104
81.3041
81.4648
80.5049
79.8706
78.5374
77.7624
77.9942
77.1472
76.6124
76.7649
73.3233
74.2823
74.5795
73.5437
71.8684
71.2933
69.2403
72.7384
71.9406
70.0132
70.0838
68.8913
67.3726
67.3043
68.1976
66.1503
65.2785
65.0786
64.8129
63.8894
61.6254
61.8810
61.8170
63.3012
62.6526
60.1088
59.4852
58.7433
60.1088
58.3749
58.6818
57.9473
57.7648
58.3137
57.2196
55.9028
55.3705
54.7247
54.9003
53.7372
55.1938
53.5642
54.8417
51.9122
51.7433
50.8489
51.4067
51.5187
49.4724
49.4724
47.9602
47.6934
48.0137
47.9602
48.0137
46.1124
44.7694
46.2168
45.2315
44.9231
50.9602
44.4630
45.2315
43.5514
43.5011
43.2000
42.2549
42.0575
41.9098
41.7133
40.5460
39.7307
41.0301
39.8739
42.0575
37.5714
38.4552
39.1137
38.2215
37.9421
38.0351
37.7565
36.8816
36.8359
36.0630
36.1082
36.1082
35.7022
35.3882
35.4330
35.3434
34.6315
34.0585
33.7957
33.3600
33.8394
32.9702
32.4541
32.5828
32.2830
32.1549
31.3916
33.3166
32.6687
