51.5187
52.8192
55.3115
55.1350
56.5585
57.7648
57.9473
60.4852
60.5482
63.3012
64.8129
64.6141
66.4204
67.3727
69.8017
70.9358
71.9406
73.0304
74.0601
74.9524
76.8412
76.5363
79.2408
78.7713
81.3844
82.2725
83.3333
84.2407
84.4897
85.6607
89.8790
88.5675
89.3522
91.7461
91.6564
93.8336
95.7797
96.4371
97.7653
93.1935
98.6286
99.6941
101.4625
101.6609
104.6849
108.2236
105.1977
108.6479
109.3947
109.7165
111.0133
111.6677
113.9905
115.0017
116.2506
116.7084
116.4792
118.5590
120.3228
119.7317
122.7194
123.4486
124.4283
124.9214
128.8174
128.3071
128.3071
129.2016
130.8816
133.7814
132.5864
136.6182
135.2588
137.7170
137.8551
140.6507
141.0757
141.5023
142.0733
143.9480
145.5571
144.9695
148.0861
148.9912
149.1427
151.1290
150.5144
152.3671
153.9320
153.3037
156.1558
156.1558
160.0601
160.7224
160.7223
162.5612
164.0851
163.7449
164.0851
169.4723
166.6647
170.7194
168.2368
165.1109
172.1588
171.2573
170.8985
171.9780
177.1318
179.4008
185.0408
179.2103
183.0705
181.5137
182.6796
183.4623
186.8378
184.2494
189.8835
188.0484
187.8459
190.2945
190.0889
192.7852
194.0466
196.1733
194.8936
201.1835
196.3877
198.1139
203.1904
202.0722
202.5184
207.7475
199.6408
205.2243
204.5433
205.6800
207.9790
207.5164
207.7475
208.2107
208.2108
211.2562
210.5481
211.4929
212.6822
214.8459
216.5496
213.6402
214.6040
217.2853
219.0155
217.5314
221.5203
224.3215
220.2631
220.5137
223.8085
223.2972
229.0117
226.6498
223.0422
231.9455
228.7476
229.2763
230.0725
232.7547
232.4845
234.6582
234.6583
234.1122
234.3850
234.9320
237.9727
240.2190
233.8398
241.9235
241.0691
241.3534
242.4954
242.4954
241.9234
249.5112
247.4354
250.1088
246.5534
249.2131
247.7305
254.6571
251.9141
251.6119
257.4433
253.4327
254.6571
256.1996
256.1996
257.1316
252.8237
254.9645
258.3817
261.8654
261.5459
260.5908
265.7437
259.0102
262.5061
262.1855
269.0398
263.1490
265.0916
264.1177
271.0462
270.7103
269.3727
267.7143
270.0403
272.0576
271.7198
268.7075
275.1249
274.0969
275.1249
278.2433
277.1981
272.7348
274.4389
275.4689
274.7816
282.8404
283.5575
278.5930
281.0591
278.5930
281.4140
284.2774
279.9983
287.1842
286.8184
282.8404
287.9177
286.8184
288.2855
293.8877
288.2855
292.0024
293.8877
290.1351
292.0024
293.1314
287.1841
294.2670
309.6489
292.3781
296.9422
292.7543
296.5578
297.7132
301.2203
294.2669
301.6137
294.6469
300.8276
304.7898
301.6138
306.8004
308.0163
303.1955
308.4232
303.1955
302.0081
301.2203
308.8310
307.6102
309.6490
307.2049
324.0726
309.6489
312.5378
310.4702
305.9937
305.9937
308.0163
312.1226
313.7883
328.5103
310.8820
309.2395
312.5378
318.4395
308.8310
306.3966
319.2963
319.2963
319.7260
318.0122
322.3233
320.5882
318.0123
320.5883
318.4394
325.3943
321.0206
324.9529
323.6339
320.1567
330.3114
321.0207
324.9529
331.6722
329.8597
327.6153
329.8597
325.8366
327.1693
335.8069
328.9591
334.4200
333.5002
339.0779
342.3984
340.0215
336.7365
328.0623
334.8813
331.6722
336.2712
332.1278
337.6700
330.7640
335.3437
335.8069
342.8768
336.2712
338.1383
340.9692
344.3184
346.7420
345.7694
344.3184
348.2089
343.8369
340.9691
340.9692
340.4948
343.3563
348.7000
343.3562
338.1383
347.2299
343.3562
338.6076
347.7188
348.7000
344.3184
346.2551
348.7000
349.6855
355.6905
342.3984
353.6711
345.2847
349.6855
350.6753
351.1720
356.1981
358.2401
350.6754
354.6786
356.1981
361.3376
352.6681
354.6785
360.8184
347.7188
355.6904
352.1683
353.6711
363.9509
357.7279
361.3375
348.2089
361.8579
340.0215
360.8185
358.2401
356.1981
360.8185
363.9509
365.0046
369.8060
362.9020
358.7535
363.9510
361.8578
361.3375
359.7837
369.8060
364.4772
367.6599
359.7837
363.9509
362.3793
375.8108
364.4772
369.8060
360.3004
360.3005
369.2676
363.9510
377.4752
361.8578
375.2586
369.8061
362.3794
366.0631
374.7076
365.0046
369.8060
366.5941
356.1982
373.0625
367.1263
363.9509
375.2586
379.1512
374.1580
367.6599
375.2586
352.1683
365.0046
372.5166
376.3642
369.8061
373.0625
379.1512
380.2751
370.8864
383.1081
376.9190
368.7305
375.2586
375.8108
370.3457
354.1743
369.8060
372.5166
350.6754
380.8391
377.4752
371.9720
380.8391
376.3643
371.9720
377.4752
381.4043
378.0325
376.9191
375.8108
374.1580
383.6787
378.0325
372.5165
380.8390
375.8108
380.2751
376.3643
381.9709
374.7076
376.3643
377.4752
392.4028
385.3987
375.8108
379.7124
378.5912
366.5941
381.9709
374.7076
381.4043
371.9720
370.3456
390.6327
375.8107
379.1511
376.3643
385.9748
381.9709
369.8060
381.9709
384.2506
382.5389
379.7124
381.9709
387.7111
380.8390
387.1310
390.6328
380.8391
381.4043
386.5521
385.3986
382.5389
382.5389
390.0457
375.8108
388.8756
384.2507
380.8390
388.8756
420.5709
387.1310
384.2507
389.4598
386.5521
385.9748
388.2926
391.2213
386.5522
385.3987
397.1855
389.4599
394.7824
393.5897
386.5522
390.0457
388.2926
375.2586
381.4043
394.1854
387.1309
388.2926
395.9812
385.9747
395.3812
403.2961
389.4599
391.2213
384.2506
399.6119
403.2961
393.5899
397.1855
390.0457
394.7824
399.0031
389.4599
399.6118
386.5521
392.4027
396.5825
392.4027
392.9956
346.7420
390.6329
391.8113
402.0620
397.1855
391.8114
400.8340
398.3958
401.4472
393.5897
401.4472
393.5897
391.8113
387.7110
394.1854
395.9812
390.0456
394.1855
391.8113
395.3812
388.8756
394.7826
395.9812
391.8113
393.5899
400.2222
379.7125
384.2507
402.0620
395.3812
385.9748
400.2221
399.6118
397.1855
391.2213
387.1310
395.9812
400.2221
388.8756
402.0620
397.1855
391.8113
393.5897
394.1855
395.3812
388.8755
389.4599
401.4472
391.8114
417.9372
399.0031
398.3958
392.4027
405.1587
395.9812
399.6119
395.3812
401.4472
403.2961
394.7825
400.2222
402.0620
433.4557
397.7899
402.0620
395.9811
391.8114
403.9155
400.2222
392.9955
404.5363
399.6119
407.6637
401.4472
402.0620
410.8301
401.4472
404.5363
401.4472
398.3958
401.4472
402.6783
402.0620
403.2961
381.4043
392.9955
410.1936
402.6783
395.3810
400.8340
400.8340
403.2961
403.9154
393.5898
396.5826
397.7898
405.7827
400.2222
404.5363
396.5826
400.2222
410.8301
392.4027
397.7899
403.2961
399.6119
401.4472
403.9155
400.2221
388.2926
396.5825
406.4081
403.2961
393.5898
409.5588
402.0620
402.6783
395.3811
400.8340
400.2222
404.5363
402.6783
408.2939
409.5588
392.4028
403.9155
408.9256
402.6783
410.8301
410.8300
406.4081
395.3811
402.0620
403.2961
410.8301
408.2938
403.9155
407.0352
405.1587
402.6783
414.0363
402.6783
412.1078
400.8339
403.9155
410.8301
407.0352
401.4471
403.9155
403.9155
405.7827
400.8339
399.6118
402.0620
399.0031
403.9154
408.2938
420.5710
403.9155
400.8340
406.4081
415.3300
403.2961
392.4027
412.1078
408.2938
402.6783
402.0620
403.2961
409.5588
407.6637
401.4472
406.4081
402.6783
397.7899
405.7827
412.1078
402.6783
403.2961
407.6637
405.7826
438.3650
399.6118
414.6823
407.6637
404.5363
403.9155
400.2221
373.0624
411.4681
411.4681
414.0363
398.3957
399.0030
407.0352
403.9154
408.2939
411.4681
403.2961
409.5588
414.6823
405.1587
403.2961
402.0620
400.2221
402.6783
415.3300
403.9155
403.2961
403.2961
415.3300
427.9536
401.4471
405.7826
406.4081
405.7826
410.1937
410.1937
402.6783
408.2939
410.8300
410.8300
404.5363
402.6783
402.0620
403.2961
401.4472
411.4681
417.2829
403.9154
412.1077
400.2221
410.8300
400.2221
414.6823
408.9256
408.9256
411.4681
401.4472
403.9155
405.1587
394.7826
433.4557
402.6783
405.7827
420.5710
410.8301
410.1936
419.9101
451.4140
419.9101
407.6636
415.3300
412.1078
399.6118
405.7826
408.2939
408.2938
403.9155
399.6118
398.3957
409.5588
405.1587
418.5933
407.6636
414.6823
412.1078
424.5721
407.0352
414.0363
410.1937
411.4680
407.0352
413.3918
414.0363
423.9010
408.2939
410.1937
412.7490
414.6823
407.6636
421.2336
414.0363
414.0362
415.3300
414.6823
418.5932
417.9372
405.1586
410.8301
411.4680
410.8300
407.6636
414.6823
412.1077
414.0363
424.5721
414.6823
415.3300
400.2222
412.1078
412.1078
403.2961
410.1937
413.3918
416.6303
415.9793
419.2508
410.1937
410.8301
407.0352
414.6823
411.4681
411.4681
419.9100
411.4681
417.9372
412.7490
408.9256
408.2939
401.4471
415.9793
411.4681
414.6823
417.9372
408.9255
419.9099
418.5932
412.1078
350.1798
419.9100
413.3918
419.9099
412.7490
417.9372
405.7827
416.6302
410.1937
414.6823
414.6823
408.9255
411.4680
409.5588
420.5710
408.2938
423.2316
412.7490
414.6823
411.4681
411.4681
416.6303
405.7827
406.4081
417.9372
418.5932
432.0695
408.9255
423.2316
417.2829
400.8339
414.0363
423.2316
407.0351
421.8979
410.8301
419.9101
415.9792
419.9101
418.5931
407.6636
407.6636
423.9010
409.5588
414.6823
407.0352
403.2961
415.9793
412.1078
422.5639
414.0363
418.5933
412.7489
403.9154
415.9793
414.0363
413.3917
413.3918
408.2939
421.8979
452.1575
411.4681
421.2336
412.1077
421.2336
398.3957
413.3918
425.2450
409.5587
412.7490
427.9536
420.5709
419.9101
404.5363
410.1937
412.1078
424.5721
413.3919
412.1078
413.3918
426.5958
411.4681
403.2961
421.2336
421.2336
410.1936
412.7490
411.4681
407.6637
423.9010
411.4681
412.7490
409.5588
422.5639
410.1936
417.9373
410.1937
415.9793
414.0363
417.2829
412.7490
419.9101
401.4472
409.5587
419.2508
411.4681
408.2939
412.7491
414.0363
413.3918
414.6823
408.2939
410.1936
423.2316
424.5721
419.2509
414.6823
414.0364
420.5709
421.2336
416.6303
412.1077
412.7490
416.6304
421.8979
418.5933
421.2336
416.6304
424.5721
414.6823
415.3299
418.5933
420.5710
422.5639
425.2449
417.9372
414.0363
415.3300
415.9793
417.9373
420.5710
422.5639
418.5933
410.8301
402.6783
408.2939
413.3917
414.6823
414.0363
419.9099
418.5933
416.6303
415.9793
415.9793
421.8979
422.5639
414.6823
401.4471
407.6636
417.2829
400.8340
421.8979
425.9195
414.0363
422.5639
421.2336
416.6304
421.2336
419.9101
419.9101
421.8979
424.5721
423.2316
439.7843
432.0695
413.3917
415.9793
417.2830
419.9100
426.5958
427.2739
421.2335
419.9101
411.4680
415.9793
403.2961
414.6823
415.9793
417.9373
418.5932
412.7490
421.8979
417.2829
421.2335
421.2335
411.4681
419.9101
422.5639
408.2939
416.6303
415.9793
411.4681
406.4081
421.2336
429.3185
419.9100
424.5720
419.9100
419.2508
408.9255
456.6610
418.5933
420.5709
416.6303
419.9100
420.5708
421.2336
422.5639
425.9195
423.2315
414.0363
416.6303
415.9793
416.6304
416.6303
427.2739
419.9101
468.2477
422.5639
422.5639
421.8979
408.2938
421.2336
430.6904
423.9009
423.9010
433.4557
425.9195
422.5638
430.6903
419.2508
417.9372
422.5639
421.2335
434.8492
424.5721
436.9531
411.4681
434.1516
419.2509
425.9195
427.2738
413.3918
434.1515
421.2335
431.3791
421.8979
415.9794
422.5639
422.5639
420.5709
423.9010
427.2739
415.9793
415.9793
420.5709
414.0363
425.9195
415.9793
452.1575
418.5933
429.3185
419.9100
419.2508
427.9536
514.2781
420.5710
421.2335
419.2509
430.6904
423.9010
421.2336
423.2316
422.5639
427.2739
420.5710
471.4195
417.9373
420.5709
448.4599
424.5721
419.9100
405.1587
425.2450
421.8979
414.0364
421.8979
423.2316
415.9793
417.2829
421.2336
419.9101
425.9195
415.9792
423.2316
424.5721
419.9099
426.5958
421.8979
422.5639
425.9195
421.2334
425.2450
424.5721
418.5932
420.5710
422.5639
420.5710
415.3301
422.5639
419.9100
412.7490
421.2335
427.2739
421.8979
415.9794
414.6823
436.2500
424.5721
418.5933
423.2315
432.0695
423.9010
419.2509
425.2450
421.8979
421.8978
419.2507
418.5932
419.9100
421.2336
421.8979
412.7490
421.2336
420.5709
423.9009
427.2739
410.1936
421.8978
421.2335
421.2336
421.8979
425.2450
421.2335
425.9195
415.3301
421.2336
419.9101
425.2449
411.4680
419.2509
418.5931
421.8979
412.7490
415.9793
425.9195
417.9373
420.5710
420.5709
412.7489
421.8979
425.2450
433.4557
419.2509
421.2336
419.9100
412.1078
414.0362
424.5721
417.2829
420.5710
421.8979
422.5639
423.2316
407.6636
414.6823
419.9101
423.9009
421.2335
419.2508
427.9536
421.2336
419.9100
429.3185
417.2830
422.5639
417.2829
423.2316
421.2336
419.9100
427.9536
426.5958
420.5710
425.2450
424.5721
425.9195
418.5933
419.2508
414.6823
415.9794
421.8979
415.3299
418.5931
412.1078
419.9101
414.0363
409.5587
403.2961
418.5931
419.9101
421.8978
413.3918
421.8979
418.5932
419.9101
430.6904
420.5709
422.5639
422.5639
423.9010
415.9792
421.2336
414.0363
416.6304
417.2830
416.6303
415.3300
424.5721
412.7490
421.2335
417.2830
419.9099
421.2336
408.9255
419.2508
416.6303
421.8979
425.9195
416.6303
412.7490
423.9010
423.2316
423.2316
427.2739
421.2336
415.9794
421.2336
414.0363
412.1078
416.6303
421.2336
418.5933
420.5710
413.3918
413.3917
420.5709
405.7827
423.2316
424.5721
414.0362
419.2508
415.9793
410.1936
417.2830
430.6904
415.3300
419.2508
421.2336
425.2450
419.9101
414.6823
417.9373
421.2334
425.2450
415.9793
430.0036
429.3185
421.8979
423.2316
417.9373
421.8979
423.2316
418.5933
427.2739
422.5639
430.6904
418.5931
421.8979
413.3918
425.2450
423.2316
423.2316
421.8978
419.2509
403.2961
403.9155
423.9010
415.9794
419.9100
413.3918
407.0352
410.1936
423.2316
414.6823
419.2508
422.5639
421.8979
413.3917
419.9100
421.8979
423.2316
421.2335
426.5957
419.2507
415.3300
421.2336
419.2508
423.2315
419.2508
413.3918
420.5710
423.2316
419.2509
410.8300
416.6303
461.2385
418.5933
410.1936
417.9372
418.5933
414.0363
421.8979
416.6303
417.2830
422.5639
414.6823
417.9372
412.1077
408.9256
414.0363
421.8979
413.3918
418.5931
415.9793
414.6823
421.8979
422.5638
401.4472
437.6581
412.7490
412.1078
407.0351
408.9255
419.2509
412.1077
414.6823
413.3917
401.4472
423.2316
415.9793
407.0351
421.2336
413.3918
434.8491
412.7490
413.3918
417.2829
414.6823
444.0874
408.9256
413.3917
419.2509
405.1586
423.2316
418.5933
417.9372
404.5363
406.4081
403.2961
415.3300
411.4680
415.3300
410.8300
399.0030
393.5897
402.0620
413.3918
413.3918
414.6823
417.9372
410.8301
410.1937
415.9794
412.1077
413.3918
410.8301
390.0457
418.5932
405.7826
415.9793
411.4681
405.1587
408.9255
410.8301
415.9793
415.3300
410.1937
405.1587
413.3918
411.4681
419.2507
415.3300
417.2829
405.7827
412.1078
408.2939
412.7490
411.4681
405.7827
410.1937
416.6303
407.6636
391.2213
412.7490
399.6119
410.1937
411.4681
409.5588
423.2316
412.7490
414.6823
410.8301
410.8301
412.1077
411.4681
417.2829
409.5588
410.8301
409.5587
409.5588
469.0374
412.1077
412.1078
405.7827
405.1586
399.6118
416.6303
417.2829
408.9256
392.9955
408.9256
407.0352
412.1078
410.1936
399.0030
408.9256
402.6783
402.6783
402.6783
406.4081
409.5588
405.7827
408.2939
410.1937
403.9155
407.0352
407.0352
408.9255
412.7490
403.2961
397.7898
405.7827
403.9155
401.4472
410.1937
408.2939
407.0351
412.1077
396.5825
410.1936
412.1078
407.0352
412.1077
405.7827
402.6783
402.0620
407.6637
402.0620
409.5588
403.9154
417.9372
410.8301
402.0620
402.6783
414.0363
389.4598
391.2213
409.5588
397.7898
412.7490
402.6783
403.2961
395.9812
400.8340
403.9155
398.3957
395.9812
391.8113
404.5363
397.7898
410.1937
403.2961
399.0030
403.9155
410.1937
402.6783
403.9155
412.7490
402.6783
400.2222
391.2213
399.0030
407.0352
390.6328
402.6783
402.6783
395.9812
399.0031
412.7490
402.6783
400.8340
400.2222
394.7826
402.6783
395.9812
402.6783
395.9812
399.0031
401.4472
391.8113
400.8339
384.2507
395.9812
404.5363
402.6783
392.9956
398.3958
402.0620
387.1309
390.6328
390.6328
401.4472
389.4599
395.9812
393.5897
397.7899
393.5899
400.8340
391.8114
390.6328
387.7111
387.1309
397.1855
395.3811
392.9955
381.9709
392.9955
403.9155
396.5826
394.1854
395.3812
392.9955
392.4027
397.7899
392.4027
393.5899
395.9811
380.2751
400.2222
386.5522
394.1855
379.7124
395.9812
401.4472
384.8239
394.7824
383.6787
400.2222
389.4598
389.4599
402.6783
390.6327
388.8756
382.5389
380.2751
378.5911
387.7111
389.4599
382.5389
384.2507
387.1309
384.8240
388.8756
385.3987
366.0630
391.2213
379.7124
389.4599
398.3958
381.9709
381.9709
389.4599
386.5521
380.8391
383.1081
378.5912
376.3642
378.5911
383.1081
379.7124
381.9709
373.0624
381.4043
385.3987
383.6787
393.5897
375.8107
372.5165
376.9191
383.1081
380.8390
370.8865
374.7076
381.4043
384.2507
377.4751
370.3456
374.1580
379.7125
376.9191
376.3643
379.1512
380.2751
375.8107
369.2675
370.3456
377.4752
374.7076
382.5389
371.9720
370.8864
376.9191
376.9191
376.9191
372.5165
367.1264
374.7076
373.6096
375.2586
368.7305
366.5941
369.8061
370.8864
369.2676
370.8864
366.5941
365.5332
365.0046
373.6096
371.9719
363.4259
367.1264
369.8060
359.2679
354.1743
374.7076
358.7535
362.3793
363.4259
365.0046
365.5333
365.5332
361.3375
358.7534
334.4200
363.4259
345.7693
359.2680
364.4771
347.2299
359.7837
358.7535
354.6786
360.8185
364.4772
356.1981
370.8864
348.7000
359.7837
351.6696
355.1840
357.2169
352.6682
359.2680
352.1683
352.1683
360.3005
349.6855
346.7419
354.1743
348.2089
343.8368
352.6682
367.6598
347.7189
346.7420
348.7000
342.8768
353.6711
345.7694
336.7365
348.7000
347.7189
342.8768
340.0215
340.9692
343.8369
326.2799
341.4445
337.2028
339.0779
340.4948
340.0215
341.4445
342.8768
322.7593
332.1278
343.3563
334.4200
336.7365
330.7640
337.6701
332.1278
334.8813
337.2028
333.5002
333.9596
335.3437
328.5103
327.6153
334.4200
353.6711
320.1567
326.2799
328.9591
329.8597
324.9529
326.7242
300.4357
327.6153
327.1693
320.5883
320.5883
320.5883
321.8882
323.1962
319.2963
317.5861
350.1798
320.1567
312.5378
319.2963
328.0623
316.3124
320.1567
320.1567
318.0123
318.4395
312.1226
317.1606
312.1226
310.4702
308.8310
312.9538
318.4395
313.7883
307.2048
307.6101
305.1902
307.6102
303.5929
307.6102
303.9911
308.0163
301.6138
304.3900
300.0445
302.4031
296.1741
303.9910
299.2644
306.3966
297.3274
302.7990
311.2948
299.6539
298.4873
301.6138
297.7132
298.8754
303.9910
296.1741
296.9421
293.8877
295.7912
290.8799
293.5092
293.5092
293.1314
293.5092
293.8877
288.2855
289.7638
290.8799
287.9177
287.9177
289.3932
287.9177
281.7696
287.1842
289.0233
282.1259
283.5576
277.8943
285.0001
284.2775
275.1249
279.9983
279.9983
277.1982
275.8135
274.4389
277.8943
283.9172
273.0744
273.0744
272.0575
275.1249
272.3958
269.3727
270.7103
269.3727
263.4713
265.7437
270.7103
266.3983
267.3844
266.3983
265.0916
266.0707
266.3983
266.0707
260.2736
259.9568
257.7556
259.9569
261.2270
259.6408
257.7556
258.6957
257.7556
252.2168
257.7556
260.9086
253.1279
251.0091
251.3103
258.0684
254.6571
252.2168
248.6186
250.1088
245.3842
245.3842
245.3842
246.5534
244.8026
245.0931
245.6758
239.6547
238.8116
241.6382
241.0691
241.0691
237.9727
237.4158
237.6940
239.9366
233.2964
234.6583
233.5678
233.5678
232.7546
229.2763
231.4082
231.9454
221.7729
229.2763
225.3521
226.6498
227.4333
226.3894
227.4333
223.2973
223.5527
224.0648
222.2794
219.5134
217.5314
216.5495
216.5496
220.5137
213.6401
215.5738
213.1604
215.0881
212.2054
211.9675
211.4929
212.4436
209.1415
207.5164
208.4429
207.5164
207.9790
203.8654
205.2243
204.9969
203.6400
201.8495
200.3000
201.4052
200.9621
201.1835
200.0800
200.9621
195.7455
196.1733
195.3189
199.8602
189.2692
192.9947
191.5345
191.3271
191.5345
189.6785
187.6437
187.2402
184.2494
186.6370
186.8377
182.8749
186.0363
183.2663
188.0483
183.0705
180.3573
179.9739
179.0201
181.9013
179.4008
176.9443
177.3195
176.9444
171.7975
172.7025
169.6498
170.8985
167.7107
165.9719
168.9414
167.1867
166.8385
160.3908
164.4262
166.8385
162.2249
160.2253
160.8885
158.2559
159.7302
155.8358
157.2824
155.9957
152.8345
153.1471
151.1290
152.6785
151.7465
148.8399
149.1427
148.0862
146.5922
147.7859
146.4438
143.8028
142.7909
144.2390
143.9480
141.6448
143.5128
140.2272
141.6448
140.7922
138.6870
135.8006
135.3940
134.8540
134.4506
134.1825
134.7194
131.9277
131.1423
131.0118
129.3300
128.8174
127.6725
126.9155
125.2926
127.9259
125.2926
123.2050
121.6345
121.7546
121.7546
121.2752
117.7455
117.0530
117.2833
115.9085
122.3566
115.0017
114.2144
112.2161
113.2106
111.6677
111.1221
110.9046
108.2236
107.0654
107.4850
107.1701
105.9200
105.4036
105.3006
101.9593
101.3634
101.9593
100.5744
98.5323
98.2440
96.3430
96.2489
96.4371
95.0338
94.4780
93.1935
93.9254
92.1059
91.2089
91.3877
89.7910
88.8283
87.9616
88.0479
88.0479
86.5913
84.7394
84.6561
85.0733
83.5799
83.6622
81.4648
81.2239
82.1914
79.5552
81.2239
77.3006
78.3042
77.0706
76.6124
75.4021
75.6277
74.2823
74.0600
73.6173
73.1035
72.0128
71.2933
70.2252
69.9427
69.4504
69.1704
68.1976
67.2359
67.4411
65.7468
65.0786
64.8792
63.9550
63.2361
61.8810
61.8810
61.6254
61.3071
60.3596
59.0516
59.7964
61.1167
57.2196
58.1914
57.7648
56.4986
55.7842
55.1938
54.0843
53.7372
53.3917
53.8527
52.0250
51.6309
51.1831
50.7934
50.9045
49.9650
49.7457
49.0372
48.9288
47.4275
47.4275
46.1646
46.4783
46.1124
45.6965
44.5140
44.6160
44.0058
43.7530
43.7530
42.9501
42.3043
42.8503
41.4197
41.1273
40.6909
40.8360
41.3221
42.6016
43.6018
43.8035
45.1800
45.4895
46.7933
47.8533
48.6045
49.4724
50.0750
50.8489
51.7433
53.3342
53.8527
54.1423
56.4986
57.9473
58.0693
58.9898
60.1714
61.4343
62.1374
63.4315
64.2839
66.2177
66.3528
67.6467
68.1285
69.1704
70.1545
72.0128
71.8684
72.5928
72.8113
75.2519
76.6124
78.9275
78.4597
80.1080
81.5452
82.3537
83.0874
83.2513
84.9897
86.4214
86.8467
88.0479
87.2739
90.3203
90.3203
93.6503
94.3857
94.9409
94.6629
97.0042
98.8215
100.3781
98.4361
102.1587
101.8597
102.4585
104.7872
105.0949
106.5432
109.0740
109.9315
110.0392
109.1808
112.7675
112.1062
113.3216
116.0224
115.7948
118.2095
116.8231
122.1154
120.5602
122.8406
123.3267
126.4137
128.1799
126.5389
127.2934
127.0413
130.2326
128.8174
132.3225
133.1160
133.5148
134.8540
134.9888
137.8551
137.3038
139.2447
140.6507
147.3369
144.3848
143.9480
144.0934
145.7045
147.9359
148.6888
149.5983
151.7465
149.9029
154.2473
155.3571
155.9957
156.4767
158.4189
157.6061
157.9306
161.3880
159.7301
164.5970
162.8983
163.2363
167.7107
167.0125
170.0054
169.6498
170.8985
171.9780
176.9444
171.4372
178.4509
172.7025
182.4846
171.9780
181.1271
181.3203
182.2899
183.2663
183.2662
183.8553
183.8553
186.2362
188.2511
188.8611
188.8611
188.2511
190.0889
195.1061
192.7852
197.2483
195.3189
195.7456
198.7664
200.5204
200.9621
200.5204
198.7664
200.3000
205.2243
204.9970
205.2243
205.4520
207.9790
216.5496
209.6089
210.0778
213.4002
213.8806
218.0246
212.9212
215.3308
214.1214
213.4001
214.6040
218.2718
220.0128
222.5333
223.2972
220.7648
222.2794
222.7875
222.7876
228.2207
230.0726
223.2972
226.9105
230.8726
229.2763
230.6055
231.1402
231.1402
233.0253
233.8398
233.0253
237.4158
237.6940
235.2061
239.0922
241.0691
239.6546
240.7853
241.3534
245.0931
249.5112
246.2603
245.6757
246.5534
250.7085
243.9337
250.7085
252.5200
251.0091
256.5097
259.0102
251.9140
257.7555
254.9645
259.0102
254.0439
254.6571
255.2725
256.5097
255.8900
256.5097
259.9569
260.9086
262.8272
260.2735
270.0403
264.7664
267.3844
269.3727
270.0403
263.4713
264.7663
272.7348
271.3827
286.0890
269.3727
263.7942
272.3959
273.0744
273.4146
276.5045
271.0461
276.8510
276.5045
277.1982
278.5930
282.1259
279.2943
282.4828
279.6460
281.4140
282.4828
278.2433
285.0000
282.1259
287.5506
282.4828
286.4534
289.7638
285.7253
287.5505
286.8184
285.7253
288.6541
291.6275
291.6276
292.0024
292.7543
292.3781
293.8877
295.0276
298.4872
298.8755
289.3932
295.0276
298.4872
296.9422
305.1903
302.7990
307.2049
304.7897
301.2203
300.0444
300.8276
300.0445
302.7990
308.0163
305.5916
310.0592
304.3900
302.4031
308.8310
308.0163
311.2947
306.3966
312.1226
307.6101
311.7083
319.7261
319.2963
325.3943
318.8675
320.1567
313.7884
333.9596
316.7361
321.0207
318.0122
320.1567
307.2048
319.2963
320.1567
322.3232
318.0123
321.4539
322.3233
327.6153
325.8366
327.6153
322.3233
321.8882
324.9529
326.7242
328.5102
323.6339
334.4200
327.1693
328.9591
327.6153
329.8597
332.1278
339.5492
332.1279
332.5843
333.0417
333.0418
344.8010
337.2028
332.5844
340.9692
331.2177
338.6076
342.3984
341.9210
352.6681
334.8813
335.3437
344.3184
334.4200
342.3984
338.1383
341.9210
344.3184
319.7261
339.0779
346.7420
341.4445
349.6855
341.4445
340.9691
338.6076
345.2846
349.1922
348.2089
338.6076
355.1840
345.7694
346.7419
339.0779
350.1798
346.2552
358.7534
352.1683
346.2551
348.7000
346.7419
351.1720
349.6855
349.6855
359.2680
347.7188
351.1720
351.1720
351.6696
352.6682
348.2089
352.1683
357.7279
358.7535
358.2401
361.8579
359.7837
363.9510
357.2169
358.7535
353.1691
360.3005
359.2680
355.6905
355.1840
365.0046
363.4259
365.0046
365.5333
367.6599
371.9720
363.4259
365.0046
374.7076
374.1579
360.3005
366.0631
366.0631
356.1981
390.0456
366.0631
364.4771
366.5941
372.5165
362.9021
370.3456
372.5165
365.0046
366.5941
365.0046
370.3456
367.1263
371.9719
362.3793
370.8866
358.2401
369.8060
373.0625
374.1580
372.5166
368.1945
376.3643
371.4285
371.9720
377.4752
373.0623
375.2586
365.5333
375.8108
368.1945
373.6096
371.9720
377.4751
375.8108
375.8108
380.2751
378.0325
400.8339
376.9191
375.2586
375.2585
374.1580
369.2677
367.1263
379.7124
375.8108
371.4287
374.7076
381.4043
341.4445
379.1512
337.2028
379.1512
383.6787
376.9191
383.1081
381.4043
380.8391
379.7125
378.0325
387.1310
382.5389
378.5911
376.3642
383.6787
379.7125
375.8107
381.4043
383.1081
374.1579
380.8390
388.2927
375.2585
390.6328
384.2507
383.1081
375.8107
385.9748
389.4599
390.0457
389.4599
384.8240
380.8390
384.2507
387.1310
380.2751
386.5522
390.0457
385.3987
390.6328
390.0457
384.2507
392.4027
398.3958
388.2927
383.1081
387.7111
386.5522
391.2213
378.0325
387.7111
380.8390
391.2214
385.9748
388.2927
382.5389
394.1855
392.4027
390.6328
384.2507
395.3812
399.6119
385.9747
389.4598
399.6119
390.0457
389.4599
390.0457
392.4027
395.3811
396.5826
394.1855
421.2336
397.1855
395.3810
393.5897
394.1854
394.1855
402.6783
426.5957
412.7490
398.3958
393.5897
402.0620
388.8757
392.9955
393.5898
384.2507
396.5826
394.1855
399.0030
398.3958
400.2222
394.1855
401.4472
400.2222
393.5899
391.8114
372.5166
413.3918
407.0352
396.5825
389.4600
401.4472
392.9955
394.7824
397.1855
409.5588
404.5363
394.7826
395.9812
408.2938
401.4472
406.4081
405.7827
405.1587
403.2961
399.0030
402.0620
422.5639
403.9155
405.7826
408.2939
394.7825
399.0031
402.0620
400.2222
395.9812
392.4028
408.2939
403.9155
405.1587
405.7827
403.2961
406.4081
396.5825
399.6118
423.2316
406.4081
403.9155
410.8301
400.8340
402.0620
405.1587
405.7827
415.3300
412.7490
399.6118
399.0031
410.1937
399.6119
404.5363
394.1855
403.9155
399.0030
396.5826
395.9812
402.6783
403.2961
402.0620
407.6636
402.6783
404.5363
402.6783
403.9154
409.5588
413.3918
396.5826
405.7827
401.4472
421.8979
406.4081
415.3300
405.1587
410.8301
405.7826
408.2939
403.9154
397.1855
404.5363
403.2961
410.8301
415.3300
407.0352
404.5363
409.5588
410.8301
410.8301
444.8113
400.2221
402.6783
403.9154
409.5588
410.1937
413.3918
407.6637
416.6303
409.5588
415.9793
400.8339
409.5588
419.2507
403.2961
410.8300
411.4680
411.4681
414.6823
403.2961
404.5363
418.5931
403.2961
407.6637
412.1078
405.7827
405.7827
410.8300
413.3918
388.8755
398.3957
411.4681
403.9155
412.1078
401.4472
410.8301
402.6783
411.4681
423.2316
444.8113
405.1587
403.2961
414.6823
408.2938
404.5363
413.3918
406.4081
413.3918
408.2939
406.4081
415.9794
419.2507
427.2739
403.2961
413.3918
409.5587
403.9155
407.0352
410.8301
417.9372
414.0362
412.1078
409.5587
417.9372
423.2316
412.7489
417.2829
411.4681
421.2336
412.7490
405.7827
402.0620
409.5587
432.0695
409.5588
417.2829
403.9155
411.4680
415.9793
407.0352
420.5709
406.4081
409.5588
419.2509
414.0362
414.6823
419.2509
401.4472
410.8300
413.3918
411.4681
410.1937
410.8300
412.7490
415.3300
414.6823
409.5588
408.9255
402.0620
418.5933
418.5931
413.3918
420.5708
414.0363
422.5639
411.4681
419.2508
415.3300
409.5587
423.2316
412.7490
405.7826
423.9010
409.5587
413.3917
414.0362
415.9793
400.8340
411.4680
410.1937
420.5710
409.5588
410.1936
423.9010
427.2739
409.5587
421.2336
408.2939
423.2316
415.9793
414.6823
415.9794
410.1937
421.2335
415.3299
407.6636
410.8301
423.2316
414.6823
412.1078
405.7827
417.9373
421.2336
410.8301
421.2336
421.2336
421.8979
425.2450
415.9794
410.8301
414.6823
402.0620
417.9373
413.3918
433.4557
425.2450
413.3918
423.2316
412.1078
414.0363
412.7490
413.3918
415.3300
432.7617
422.5639
419.2508
411.4681
415.9793
421.2335
411.4681
415.3299
426.5958
419.9101
427.9536
415.9793
423.2316
417.2830
419.9101
425.9195
414.6824
413.3918
419.2508
423.9010
415.9793
419.2507
420.5710
420.5710
415.9793
418.5933
419.9100
424.5721
420.5710
415.9793
423.2316
417.9372
419.9101
419.9100
425.2450
422.5639
428.6352
413.3918
418.5933
416.6303
417.2829
421.8979
410.8301
417.9373
421.8979
427.9536
428.6352
432.0695
419.9101
424.5721
424.5720
428.6352
412.1078
423.2316
423.2316
421.8979
418.5933
421.8979
412.1077
423.9010
422.5639
421.8979
418.5931
419.9100
423.2316
415.3300
425.2449
421.2336
412.1078
439.0737
418.5933
423.9010
421.2335
412.1077
431.3790
421.8979
426.5958
415.9793
428.6352
419.2509
425.9195
413.3918
423.2316
419.9099
421.8979
420.5710
418.5932
418.5933
417.2829
423.2316
417.2829
418.5933
421.8979
424.5721
419.9100
418.5933
415.9793
423.9010
421.2336
427.2739
415.9794
416.6304
408.2939
424.5721
413.3918
417.2829
423.2316
421.2336
415.3300
421.8979
428.6352
425.9195
419.9100
416.6304
421.2336
416.6303
403.9154
439.0737
427.9536
419.9101
421.8979
420.5710
427.9536
427.2738
424.5721
421.2336
417.9373
425.9195
415.3300
420.5709
423.2316
420.5709
417.9372
421.8979
417.9373
422.5639
419.9100
426.5958
427.2739
427.2739
402.6783
425.2450
419.9101
423.2316
419.2509
430.6904
424.5721
421.8979
412.7489
422.5639
423.9010
421.2336
432.7617
429.3185
415.3300
402.0620
417.9372
416.6304
415.3300
404.5363
425.9195
415.9793
422.5639
425.9195
417.2829
419.2509
417.9372
461.2385
425.9194
427.9536
422.5639
419.9100
415.9793
422.5638
427.9536
424.5721
414.0362
421.2336
422.5639
412.7490
411.4680
419.2509
423.9010
433.4557
423.2316
420.5709
418.5931
441.2111
423.9010
402.0620
419.9100
421.2336
418.5933
423.2316
427.9536
421.8979
421.8979
412.7490
429.3185
424.5721
423.2316
432.0695
423.2316
421.8979
465.1111
418.5931
423.9010
425.9195
423.2316
420.5709
427.9536
424.5721
422.5639
417.2830
425.9195
419.2508
424.5721
425.9195
417.2829
418.5933
428.6351
432.0695
415.3300
425.2450
426.5958
427.2739
412.7490
425.2449
425.2450
418.5931
428.6352
417.2830
415.9793
432.7617
388.8756
419.9101
427.2739
421.8979
382.5388
420.5709
421.8979
421.8979
412.7489
425.9195
416.6304
424.5720
417.9373
423.2316
426.5958
420.5710
491.2194
427.2739
420.5710
421.8978
426.5958
417.9373
423.9010
422.5639
421.2336
422.5639
418.5932
420.5710
433.4557
421.8979
386.5522
430.6904
423.2316
421.8979
424.5721
419.9100
419.9099
420.5710
421.8979
418.5931
422.5639
421.8979
419.9100
416.6303
412.1077
425.2450
422.5639
429.3185
432.0695
414.6823
423.2316
421.2336
419.9100
415.9794
421.2336
419.2508
421.8979
417.2830
433.4557
421.8979
439.7843
425.2450
423.2316
424.5721
423.2316
428.6352
421.2336
427.2739
414.6823
430.6904
420.5710
427.9536
423.9010
421.8979
427.9536
423.2316
436.9532
422.5639
421.8979
423.9010
417.2830
423.9010
396.5825
421.2336
422.5639
423.9009
424.5721
407.6636
428.6352
422.5639
421.8979
473.8216
425.2450
423.9010
421.8979
424.5721
432.7617
421.2336
421.2336
412.1078
416.6303
423.2316
414.0362
423.2316
422.5639
425.9194
424.5721
424.5721
421.8978
419.9101
417.9373
422.5639
422.5639
425.9195
434.1516
434.1516
418.5933
437.6581
423.9010
425.9195
423.9009
427.9536
415.3300
422.5638
417.9373
422.5639
425.2450
421.8979
400.8340
417.9373
424.5721
426.5957
422.5639
424.5721
427.2739
380.2751
423.9010
430.0036
430.0036
422.5639
421.2336
425.2450
422.5638
415.9792
423.9010
423.9010
421.2335
421.2336
421.2335
440.4967
421.8979
421.8979
419.9100
430.6904
423.9009
416.6303
419.2508
426.5958
406.4081
420.5710
423.9010
425.2450
439.0738
421.8979
423.2316
423.2316
419.9101
422.5639
425.2450
420.5710
423.9010
425.2450
423.2315
426.5958
432.0695
425.9195
418.5932
434.8491
421.2335
397.7899
419.9101
419.9100
425.2449
401.4472
414.0362
417.9373
417.9373
420.5709
444.8113
430.0036
423.2316
430.0035
456.6610
432.0695
421.2336
410.1936
416.6304
431.3791
418.5933
418.5931
415.9792
428.6352
421.2336
427.9536
420.5710
426.5957
436.2500
421.8979
425.2450
424.5721
433.4557
421.8979
419.2508
423.9010
417.9373
421.2336
428.6352
416.6303
426.5958
428.6352
421.2336
421.8979
435.5487
417.9372
440.4967
425.2450
415.3299
421.8979
436.2499
432.0695
425.2450
421.8979
421.2336
424.5721
430.6904
419.9101
408.9255
414.6823
421.2336
421.8979
425.2450
422.5639
416.6303
411.4682
422.5639
426.5958
422.5639
423.2316
459.7043
422.5639
415.9793
417.2829
438.3650
403.9155
432.0695
432.7617
412.7490
425.2450
424.5720
422.5639
426.5958
436.2500
412.7490
426.5958
413.3918
425.2450
415.9793
428.6351
422.5639
421.2336
425.2450
421.8979
427.2739
420.5710
418.5932
425.9195
410.8300
421.2335
425.2450
419.9101
425.9195
434.1516
418.5931
421.8979
426.5958
414.6823
421.8979
420.5709
403.2961
427.2739
407.0352
429.3185
426.5958
412.7490
422.5639
432.0695
417.2829
423.2316
423.2316
410.1937
438.3650
414.6823
424.5721
415.9794
424.5721
422.5638
400.8340
422.5639
409.5588
422.5639
410.8301
377.4752
402.0620
421.2334
436.2499
429.3185
410.8300
417.2829
410.8301
433.4557
422.5639
422.5639
450.6724
426.5958
419.9101
422.5639
420.5710
423.9010
425.9195
424.5720
421.2334
417.2829
417.9372
426.5958
419.2509
421.8979
425.2449
423.9010
419.2509
414.6824
437.6581
409.5587
414.6823
417.9372
421.8979
422.5639
407.0351
410.1936
412.1077
422.5639
427.9536
378.0325
414.6823
410.8300
423.2316
418.5933
413.3918
408.9256
423.2316
421.2335
412.1078
410.8300
404.5363
424.5721
412.1077
413.3917
422.5639
421.8979
415.3300
415.9793
427.9536
418.5931
414.0362
420.5710
412.7490
415.9793
408.2939
415.9793
418.5931
419.2509
417.2829
426.5958
410.1936
422.5639
417.2829
458.9404
414.0363
412.1077
420.5709
412.1077
417.9372
419.9101
421.8979
429.3185
419.9100
418.5932
417.9372
425.2450
417.2829
412.1077
374.7076
412.1077
409.5587
423.2316
414.6823
423.2316
417.9372
454.4000
403.9155
410.1937
417.9372
416.6303
415.3300
415.9793
410.8300
414.0363
413.3918
419.2509
390.6328
427.2739
414.0363
419.9101
420.5710
417.9373
417.9373
415.9793
411.4681
414.6823
411.4680
415.3300
411.4681
423.9010
408.2938
407.0352
407.0352
385.9748
410.8300
412.1078
405.7827
419.2509
409.5588
415.9793
410.8300
415.3301
410.1937
412.7490
402.6783
401.4472
410.8300
415.9793
423.2316
415.9794
411.4681
410.8300
419.2509
407.6637
413.3917
405.1587
415.3300
408.2938
417.2829
417.2829
415.9792
427.9536
407.6637
414.6823
419.9101
391.2213
403.2961
414.0362
415.9794
425.9195
406.4081
387.1310
414.0363
410.8301
415.9793
412.7490
408.2939
392.4027
408.9256
402.0620
407.6637
412.7489
408.9256
435.5487
413.3917
403.9154
409.5587
410.1937
407.6637
419.9101
405.1587
416.6303
410.8301
397.7899
408.9255
403.9155
412.1078
405.1587
412.7490
406.4081
405.7827
402.6783
400.2222
412.7490
413.3918
400.8340
400.2221
403.9154
396.5826
403.9155
404.5363
407.6637
402.6783
412.7490
413.3918
395.9812
407.6637
404.5363
410.1937
410.8301
408.9256
404.5363
408.2938
402.6783
420.5710
412.7490
407.0352
403.2961
399.6118
405.1586
401.4471
402.0620
402.6783
405.7827
408.2939
397.1855
402.6783
409.5587
407.6637
402.6783
402.0620
403.2961
400.8339
402.6783
406.4081
405.7827
415.3300
409.5588
421.8979
400.8340
405.1587
406.4081
403.9154
402.6783
407.0352
393.5899
409.5588
397.1855
401.4471
407.6637
402.6783
400.8340
407.6637
400.2222
405.1587
403.9155
400.2222
395.9812
399.0030
400.8340
402.0620
401.4472
397.7899
398.3958
400.8340
402.0620
402.6783
399.6118
392.9955
402.6783
400.8339
411.4681
386.5522
415.3300
392.9956
397.1855
393.5899
396.5826
392.4028
423.9010
401.4472
396.5825
397.7899
401.4472
401.4472
392.4027
399.0031
390.6328
400.8340
403.2961
394.1855
395.3812
397.7899
402.6783
399.6118
392.9955
398.3958
393.5897
397.1855
397.1855
401.4472
397.7898
386.5521
384.2507
392.9956
392.4027
395.3812
407.0352
387.7110
394.1855
383.6787
387.7110
390.0456
411.4681
380.2751
385.3987
383.6787
391.8114
385.3987
395.9812
392.4027
395.3810
383.6787
392.9955
383.1081
387.1310
383.6787
388.8756
384.8240
388.8756
378.0325
384.2507
384.2507
374.1580
415.3301
385.3987
387.7110
404.5363
363.4259
391.8113
380.2751
376.9191
404.5363
381.9709
384.2507
386.5522
375.8107
383.6787
380.8390
383.1081
373.6096
380.8390
380.8391
380.8391
380.8390
380.2751
383.1081
387.7111
379.7125
369.8061
380.8391
381.4043
382.5389
390.0457
385.3987
378.5911
385.3987
383.6787
374.7076
379.7125
371.9720
373.6096
379.7125
365.5332
377.4752
373.0625
375.8107
349.1922
370.3456
365.0046
377.4752
361.8578
374.1580
380.8390
375.2586
371.9720
374.7076
378.5912
366.0631
370.8865
372.5166
370.8864
367.1264
363.4259
369.2676
358.7534
365.5333
374.7076
365.0046
373.0625
369.2676
366.0631
370.8864
372.5165
363.9509
370.8864
364.4771
358.2401
366.0631
358.2401
365.0046
367.6599
362.9020
365.0046
352.1683
361.3376
368.1945
357.7279
364.4772
360.8185
357.2169
361.8578
357.2169
387.1310
360.8185
355.1839
362.3794
359.2679
361.8579
380.8391
349.1922
352.1683
349.6855
350.1798
356.1982
351.1719
349.1922
346.2551
359.2680
341.9210
346.7419
350.6754
354.6785
357.7279
344.8010
348.7000
341.4445
318.0123
347.2299
348.2089
340.0215
343.8369
377.4751
338.6076
339.0779
340.4948
340.9692
333.9596
346.2552
342.8767
343.8369
337.2028
343.8369
340.0215
334.8813
336.7365
340.4948
334.4200
340.0215
329.8597
339.0779
337.2028
334.4200
336.2712
336.7365
333.9596
327.6153
332.5843
336.2712
346.2552
332.1279
326.2799
327.6153
326.2799
324.0727
328.0623
337.2028
324.9529
326.7242
317.5860
312.9538
318.4395
326.7242
320.1567
320.1567
310.4702
305.9937
320.5883
322.3233
318.0123
326.2799
319.2963
322.3232
318.0122
321.0207
319.2963
319.2963
318.0123
318.4395
310.0592
306.3966
306.3966
304.3900
320.1567
310.8820
308.8310
310.0592
311.7083
310.4702
308.8310
308.8310
300.0445
306.3966
308.4232
306.8004
303.5929
301.6138
303.9911
303.5929
302.4031
303.1955
303.5929
300.4356
299.2644
300.8276
299.6540
298.8754
292.3781
299.6540
294.2670
296.5578
294.2670
293.8877
291.6275
294.6469
293.8877
290.1351
292.0024
293.8877
290.8799
294.6469
286.4533
288.2855
286.4534
279.2943
290.5072
283.5576
283.1987
283.5576
285.0000
284.2774
287.5506
281.4140
277.8943
280.3513
280.7049
277.1981
276.8510
277.8943
273.7554
274.4389
272.7348
271.0462
274.4389
278.9434
275.8135
272.3959
269.3727
274.7816
274.0969
273.4146
264.7663
268.3759
264.1177
271.3827
268.0448
264.7664
259.9568
260.9086
259.0101
262.5061
260.5908
261.2269
259.3252
261.8654
256.1996
258.6956
257.1315
256.5097
257.1315
254.0439
254.3502
251.6119
251.3102
252.5200
249.8098
250.4084
249.5112
248.3220
248.3220
249.2132
250.7085
245.9678
245.0931
245.3842
243.6451
242.7821
243.0693
235.2061
241.3534
240.2190
238.2519
237.1379
236.0314
236.0314
230.6055
235.4808
236.8606
237.4158
234.1121
230.8726
227.6953
230.3388
225.6109
231.1402
226.3894
227.4333
228.7477
224.0648
226.1295
227.6954
217.5314
223.8085
217.7778
217.0397
221.7730
219.7629
221.2681
216.0609
216.3051
216.0609
214.8459
213.4001
213.8806
211.2562
213.1604
208.4429
208.4429
211.0198
209.8432
208.4429
207.2857
203.6401
205.2243
205.9084
204.3170
200.9621
200.9621
192.9947
193.6249
196.6024
197.6804
198.3310
197.2483
200.7411
195.1061
194.2579
193.8356
192.1585
195.9593
192.3671
189.2692
190.0889
187.8459
186.4365
172.5210
189.6785
185.6373
184.2494
183.6587
182.2899
181.5137
181.9013
180.7417
177.8840
172.1588
179.2103
172.1588
169.1182
172.5210
172.1588
170.3619
169.6498
169.4724
169.1182
168.5886
168.2368
167.0125
165.9719
164.7681
163.9149
162.7297
161.5550
162.5612
160.3908
160.7224
158.4189
158.7455
158.9091
154.0896
155.6760
154.8803
152.8345
153.3037
153.4605
152.6785
150.0555
148.9912
148.3871
147.1876
145.7045
146.4438
145.5571
141.7874
143.9480
141.6448
141.3599
142.6471
141.6448
139.1051
139.5246
138.9655
137.3038
135.3940
134.0486
132.9834
133.2488
131.9277
131.9277
132.5864
131.1422
127.9259
128.1799
128.4345
126.0387
126.2886
124.5514
123.9374
121.6345
122.5983
121.5146
120.9171
119.6139
118.6757
118.9095
116.8231
116.3649
115.4542
114.6636
108.5417
112.1062
112.8781
115.0017
110.7960
110.0392
108.1177
110.2549
106.3350
107.4850
104.6849
106.0236
102.9603
102.2586
101.8597
102.3585
100.7711
99.7915
99.0148
99.1115
98.4361
97.3840
96.9094
94.1093
94.3857
93.0114
92.6482
91.5667
91.0305
90.4088
89.9671
89.2647
88.5675
88.5675
86.6763
85.5766
84.9897
83.7446
85.6607
83.9923
82.3537
81.4648
81.2239
80.7439
79.1624
78.9275
78.1491
77.8396
77.2239
76.3083
74.2823
76.0808
75.1769
73.6909
71.7963
71.5804
70.9358
68.6826
69.5206
69.8722
68.3359
66.7592
68.1976
67.0995
66.2177
64.9456
65.2785
64.6803
59.3611
62.0091
61.9450
61.6254
60.7372
60.8635
60.4853
59.6095
59.2371
59.5473
57.7040
57.2196
55.9028
55.6066
55.9622
55.3705
55.7842
53.8527
53.2195
51.9122
52.3077
50.7934
50.9045
50.9045
49.2001
49.5816
49.2545
48.2817
47.6934
47.5337
47.2155
47.0569
45.9562
45.3862
44.5140
44.6671
44.1071
43.4006
44.8206
42.4033
42.6513
42.4528
42.2549
41.0301
40.7392
41.3221
40.0653
39.7784
39.6355
40.0174
38.8778
38.2682
39.2556
39.9695
41.2733
41.3709
42.7508
43.0000
44.3102
45.1800
45.7484
46.5831
47.5869
47.6934
49.3089
51.6871
50.9045
52.1379
52.9334
54.4912
54.3166
56.1406
56.7982
57.5220
58.9281
58.8049
60.2341
60.8635
61.8170
63.7583
64.8129
64.8792
66.6235
68.2667
66.8951
69.5206
71.5085
71.8684
72.6656
74.0601
75.1020
76.0052
76.9176
78.6153
79.3978
78.9275
80.5049
81.7063
81.7063
84.1578
83.0874
86.6763
87.6171
89.3522
89.3522
90.9415
90.9415
91.5667
92.3767
89.5275
95.4993
95.4060
98.2440
99.5968
98.9181
100.5744
102.1587
108.3295
107.2750
105.9200
106.3350
107.3800
107.6955
109.8239
108.7543
112.4363
111.8867
112.5466
113.9905
115.4542
118.5590
119.4962
124.7979
119.3786
120.3228
122.9619
123.8150
124.1825
126.5389
125.2926
128.1799
129.4585
130.7515
130.3621
131.4035
132.8509
133.1160
134.9888
135.3940
137.9933
139.1050
139.3846
138.8262
141.6448
139.6648
144.9696
144.0934
145.4100
144.9695
148.2365
149.4462
148.3871
152.6785
153.7747
155.8358
157.4441
155.8358
158.9091
158.2560
159.0729
158.7455
160.0601
163.7449
162.2249
164.4262
165.4546
165.1110
168.0612
169.2952
169.4723
170.8985
170.1835
173.0662
172.3398
177.3195
172.7025
172.1588
177.8840
180.9343
183.2663
183.0704
184.2494
184.6445
184.8425
187.0388
184.6445
188.0484
189.8835
189.8835
190.5005
189.2692
191.5345
196.3877
201.4052
194.6814
194.4695
196.8174
207.9789
196.8174
215.0882
198.9845
204.0910
204.5433
203.8654
204.5433
205.6800
205.4520
208.2108
207.0552
205.9084
209.8432
212.2054
216.7945
213.8806
212.9211
216.7945
216.0609
217.5314
214.8459
218.5193
223.8085
219.5134
223.0421
224.5785
224.3215
227.6954
227.4333
228.4839
225.0938
228.4839
227.9577
228.4839
229.2763
233.2964
231.6766
236.3073
233.0253
235.7559
237.1380
233.0253
238.5315
237.9727
239.0922
239.3731
235.2062
247.4355
241.6382
246.2603
241.9235
241.6382
245.9678
245.6758
251.6119
260.2735
251.6119
247.1409
252.5200
246.5533
252.5200
253.4327
252.5200
256.1996
254.6571
254.9645
260.9086
256.5097
257.1316
253.7380
256.1996
259.3252
261.2270
263.1490
265.0916
263.7942
267.0551
267.3844
264.1177
267.3844
271.7198
270.0402
265.4173
270.7103
272.7348
267.0551
271.7198
277.8943
273.0744
281.0591
281.4140
278.2433
278.5930
281.4140
277.1982
282.4828
284.2774
284.2775
281.4140
284.2775
280.3512
278.9434
287.9177
284.2774
282.4828
285.7253
289.3932
284.2775
284.2775
277.5459
289.3932
287.1841
291.6276
285.7253
290.5072
293.5092
290.8799
294.2670
290.1351
297.7132
294.2670
294.6469
300.0445
294.6469
300.4357
302.0081
303.9911
298.0998
304.3900
303.5929
304.7898
304.3900
294.6469
302.7990
306.3966
303.1955
305.5916
303.9911
303.9910
303.9911
305.1902
311.7083
321.4540
298.0999
313.3707
308.8310
321.8882
317.1606
312.5378
312.9538
309.6490
312.1226
317.5860
320.5883
319.2963
310.8820
319.2963
322.7593
321.0207
321.0207
323.1962
316.7361
312.1226
324.0727
321.0207
318.8675
324.5122
327.1693
323.6340
323.1962
321.8882
327.6153
336.2712
329.4089
325.3943
328.5102
334.8813
335.3437
327.6153
338.1384
339.5492
324.9528
333.5002
328.0623
334.8813
334.8813
340.4948
333.9596
335.8069
338.1384
333.5002
331.2177
338.1384
354.6786
341.4445
344.8010
342.8768
337.6701
341.9210
339.0779
348.2089
344.3184
345.7694
353.6711
351.6695
327.6153
357.7279
346.2552
349.6855
345.2847
350.6753
346.7419
347.7188
353.1691
346.7420
350.6753
349.1922
351.1720
343.8369
347.2299
345.7694
345.7694
358.7535
351.1720
350.1799
349.1922
354.1743
349.6855
347.2299
350.6754
359.7837
348.2089
355.6905
354.6785
358.2401
350.1800
362.9021
352.1683
363.9510
355.6905
356.1982
360.3005
364.4772
360.8185
356.7069
360.8185
365.0046
358.2401
366.0631
359.2679
355.6904
360.8185
369.8060
366.5941
354.6785
363.4259
365.5333
367.1264
369.8060
356.7069
367.6599
368.1945
368.1945
365.5333
370.3456
363.9510
365.0046
362.9021
369.2676
367.1264
372.5166
367.6599
366.5941
367.6599
370.8866
375.2586
370.3456
372.5166
370.3457
375.2586
366.0631
373.6096
369.2676
373.6096
371.9720
376.3643
374.7076
371.9720
373.6096
363.9510
373.6096
375.8107
375.2586
365.5333
374.7076
362.9020
388.2927
374.7076
376.3643
380.8390
373.6094
377.4752
373.0625
382.5389
374.1579
375.8108
382.5389
352.1683
376.9191
385.3987
384.2507
376.3643
363.4259
379.7125
379.7125
378.0325
372.5165
379.1512
379.1512
373.0624
385.9748
384.8240
373.6096
385.3987
383.6787
384.8240
391.8113
382.5389
383.1081
383.1081
385.9748
377.4751
384.8240
383.1081
385.9748
377.4751
383.6787
387.7111
388.8756
394.7826
381.4043
391.2213
391.2213
394.1854
389.4599
397.7899
387.1310
394.7824
391.2213
384.2506
390.0457
385.3987
386.5522
392.9955
392.4027
388.8756
395.3812
388.8756
383.1081
383.1081
394.1855
403.9154
402.0620
394.7826
390.6328
392.4027
394.1855
390.0457
387.7111
390.6328
396.5825
393.5899
392.4027
398.3958
387.1309
391.8113
391.8113
394.1854
389.4599
401.4472
384.8240
392.4027
391.2213
387.1310
398.3958
402.6783
400.8340
388.8756
397.7899
403.2961
397.1855
391.8113
395.3812
394.7826
402.0620
400.2222
394.1855
403.9155
398.3958
402.6783
398.3957
388.8756
399.0030
402.0620
442.6454
403.2961
392.4027
400.8340
392.9956
402.6783
403.9155
397.1855
403.2961
401.4472
399.6119
400.2222
392.4027
394.7826
390.6327
399.6119
402.6783
402.6783
396.5825
403.2961
402.6783
397.1855
394.7826
390.6327
403.2961
397.1855
409.5587
394.1854
399.6118
402.6783
405.7827
392.4028
401.4472
398.3957
405.1587
402.6783
394.1855
402.0620
395.9812
406.4081
392.9955
403.2961
407.6637
403.2961
402.6783
397.1855
402.6783
397.1855
405.1587
405.1587
403.9155
404.5363
402.0620
412.7490
399.0031
397.7899
408.2939
408.9256
402.0620
401.4472
399.6119
405.7827
407.6637
400.8340
405.1586
403.9155
402.0620
407.0352
406.4081
411.4680
402.6783
410.1937
402.0620
403.2961
411.4681
406.4081
410.1936
402.0620
405.7827
418.5931
397.7898
402.0620
403.9155
408.9255
402.6783
410.1937
414.6823
402.6783
419.9099
407.6637
406.4081
402.0620
413.3918
418.5933
403.2961
407.6637
409.5588
416.6303
410.1937
402.0620
403.9155
408.2938
405.7827
407.0352
410.8301
407.0352
408.2939
400.2221
412.1078
406.4081
417.9372
417.2829
415.9793
415.3300
405.1587
402.6783
423.9010
409.5588
415.3300
403.2961
410.8301
404.5363
418.5931
411.4681
408.9256
407.0351
401.4471
414.6823
400.8340
411.4681
403.9154
413.3918
415.9793
419.9101
413.3918
409.5587
415.9793
407.0351
400.8339
412.7490
400.8340
416.6303
414.6823
406.4081
417.2829
404.5363
415.3300
410.8301
412.1078
419.2509
405.7827
398.3957
423.2316
415.9793
414.0363
406.4081
405.1587
414.6823
410.1937
402.0620
412.7490
417.2829
419.2507
412.1078
403.2961
415.3300
415.9793
410.8301
405.7826
418.5931
412.1078
437.6581
412.1077
411.4680
411.4681
412.7490
426.5958
415.9793
414.6823
408.9256
412.7490
417.9373
420.5710
407.6636
408.2938
412.1078
417.2830
407.6636
413.3917
414.0363
409.5588
419.2509
399.6118
419.9101
407.0351
414.6823
423.2316
412.1078
410.8301
392.4027
412.7489
416.6303
421.2336
414.0363
419.2509
417.9372
421.2336
412.7489
415.9793
420.5709
388.2927
410.8300
417.2829
415.9793
419.2509
419.9100
410.8301
412.7490
421.8979
409.5588
408.9255
418.5933
414.0363
409.5588
415.9793
415.3300
421.2336
413.3918
419.9100
414.6823
419.9101
420.5708
419.2508
415.9793
414.0363
410.8301
412.7489
415.3301
420.5710
412.1077
421.2336
421.2336
412.1078
413.3917
403.9155
421.2336
420.5710
414.0363
421.8979
416.6303
415.9794
414.0363
423.2316
415.9793
416.6303
415.9793
426.5958
423.9010
421.8979
417.2830
419.9101
419.9101
417.2829
423.2316
414.0363
395.9812
424.5721
408.2938
423.2316
414.6823
428.6352
421.2336
419.9101
393.5898
417.2830
413.3917
424.5721
418.5931
423.9010
419.2508
423.9010
411.4680
420.5709
408.9255
418.5931
409.5588
407.6636
423.9010
420.5710
413.3917
419.9101
411.4681
434.8491
422.5639
413.3918
420.5710
426.5958
427.2739
421.2335
425.2450
421.8979
408.9255
422.5639
420.5710
417.2830
417.2830
410.8301
400.2222
422.5639
423.2316
421.8979
417.2829
417.2829
423.2315
395.9811
427.2739
418.5932
417.9373
427.9536
411.4681
423.9009
412.7489
416.6303
419.2509
422.5639
414.6823
432.0695
412.7489
417.9373
415.9793
425.2450
427.2739
423.2316
425.2450
419.9101
418.5931
428.6352
426.5957
414.6823
419.2509
417.2830
415.3300
421.2336
408.2938
419.9100
424.5721
420.5710
423.2316
414.0362
415.9794
417.9372
418.5933
425.2450
420.5710
420.5710
418.5932
422.5639
430.0036
422.5639
423.2316
423.2316
407.0351
420.5710
418.5931
415.9793
425.9195
409.5587
419.9100
423.9009
412.1078
420.5710
423.9009
422.5638
411.4681
424.5721
417.2829
419.2508
424.5721
440.4966
423.9010
421.8977
423.2316
429.3185
412.1077
414.6824
425.2450
408.9255
429.3185
419.9101
428.6351
400.2221
437.6581
419.9100
397.1855
425.2450
423.9010
423.9010
421.2335
426.5957
417.9372
412.7489
415.9792
421.8979
419.9100
421.8979
403.2961
421.8979
420.5710
417.9372
423.9010
417.9373
421.8979
426.5957
415.9793
429.3185
421.2336
424.5721
429.3185
429.3185
415.9793
422.5639
423.2315
428.6352
414.6823
423.2316
425.9195
425.2450
425.2450
417.2830
429.3185
414.6823
425.9195
422.5639
422.5638
429.3185
421.8979
423.2316
418.5932
420.5710
415.9793
431.3791
412.7489
408.9255
424.5721
427.9536
424.5721
418.5933
422.5639
433.4557
423.2316
425.9194
425.2449
420.5709
421.8978
417.2830
436.9532
419.2509
424.5721
425.2450
421.8979
426.5958
434.8492
422.5639
428.6352
425.9195
412.1078
421.8979
415.9793
397.7898
403.2961
422.5638
417.2830
425.2450
414.0362
422.5639
423.9010
421.8979
423.2316
426.5958
421.8979
419.9101
419.2508
455.9053
423.2316
421.2335
423.2316
414.6823
424.5721
422.5639
432.7617
423.2316
421.8979
421.8978
431.3791
432.0695
421.2335
423.9010
421.8979
420.5709
422.5639
423.9010
419.2508
427.9536
423.9010
462.7811
420.5709
414.0363
432.7617
425.9194
442.6453
417.2829
417.2829
421.8978
427.2739
414.6823
424.5721
413.3917
437.6581
423.2316
421.2336
419.2508
425.2450
423.9010
425.2450
419.9101
429.3184
419.9101
419.9100
421.8979
420.5709
421.8979
433.4557
417.9373
427.2739
423.2316
421.2335
422.5638
427.9536
430.0036
419.2509
432.0695
416.6304
426.5958
423.9010
425.2449
421.8979
427.2739
420.5709
475.4344
422.5639
419.2508
436.2500
425.2450
424.5721
430.6904
419.9100
432.0695
426.5958
416.6303
433.4556
423.2316
422.5639
418.5933
415.3300
434.1516
424.5721
424.5720
421.2336
419.9100
432.7617
421.8978
424.5721
430.6904
432.0695
423.2316
424.5721
400.8340
451.4140
436.9532
419.9100
419.2509
417.9372
420.5710
423.2315
431.3791
420.5708
426.5958
432.0695
419.2509
424.5720
435.5487
423.9010
427.2739
429.3185
423.2316
427.2739
420.5709
417.2830
424.5721
426.5958
421.2336
432.0695
441.2111
427.9536
431.3791
424.5721
429.3185
414.0363
410.8300
423.2316
425.2449
423.9010
418.5931
425.9195
421.8978
421.2336
412.7491
430.0035
420.5710
421.8979
424.5720
426.5958
428.6352
420.5710
425.9195
403.9155
422.5639
415.3299
436.2500
422.5638
425.9195
425.2449
406.4081
420.5710
439.0737
429.3185
423.2316
424.5721
425.2450
419.9101
421.2336
431.3791
421.2336
416.6304
425.9195
420.5709
421.8979
425.9194
427.9536
427.2739
417.9373
428.6351
427.2739
420.5709
422.5639
428.6352
422.5639
425.9195
419.2508
428.6351
430.6903
453.6505
413.3918
428.6351
427.2739
423.2316
427.9536
425.9195
417.9372
420.5710
422.5639
418.5932
417.2829
415.3301
439.0737
422.5638
424.5721
420.5709
418.5932
420.5710
430.0035
423.2316
417.9373
420.5709
421.8979
422.5638
423.9009
422.5639
434.1516
425.2450
420.5709
430.6904
423.2316
419.9100
419.2507
475.4344
511.5260
428.6352
421.2335
419.9101
423.9009
416.6304
421.8978
419.9101
435.5487
419.2508
422.5639
423.2315
424.5721
423.2315
417.2830
425.2450
424.5721
423.2316
423.2316
425.2450
415.9793
429.3185
434.1516
423.9010
420.5710
408.2938
421.8979
423.9009
415.9792
425.9195
417.2829
476.2440
417.9373
423.9010
423.9010
421.2336
419.9100
469.0373
433.4557
417.2830
423.2315
417.9372
432.0695
426.5957
418.5933
415.3300
415.3300
420.5709
421.8979
427.9536
423.2316
445.5370
422.5639
413.3919
421.8978
391.8113
417.9372
421.8979
418.5932
414.0364
420.5709
421.2336
425.9195
413.3918
422.5639
417.9373
440.4967
423.2316
429.3185
422.5639
427.2739
422.5639
420.5709
421.2336
430.6904
403.9154
428.6352
413.3917
422.5639
419.2508
432.7617
419.2509
423.2316
412.1078
415.3300
426.5958
411.4680
420.5710
423.9009
410.8300
420.5710
399.6118
421.8979
421.8979
419.2509
414.6823
424.5721
424.5721
418.5931
430.0036
421.8979
416.6304
421.2336
425.2450
432.7618
379.7125
410.1937
421.8979
417.2830
418.5933
429.3185
400.2221
419.2508
425.2450
424.5721
425.9195
425.2450
412.7490
418.5933
432.7617
436.2500
413.3918
413.3918
420.5709
412.7490
414.0363
417.2829
422.5639
423.9010
422.5639
422.5639
415.3301
415.9793
418.5931
423.2316
435.5486
426.5958
432.7617
416.6303
415.9793
393.5898
414.6823
414.6823
418.5931
417.2829
415.3300
410.8301
425.2450
417.9372
392.4027
414.6823
421.2335
407.0351
420.5710
404.5363
420.5710
421.2336
421.8979
424.5721
425.2450
417.9372
410.1936
412.1077
417.2830
426.5958
405.7827
422.5639
417.2830
423.2316
421.8979
421.8979
407.6637
421.8979
420.5710
412.7490
412.1077
409.5588
419.9100
422.5639
422.5639
417.2829
421.2335
412.1077
408.2939
412.7490
415.9793
423.2316
419.9100
415.9794
414.6823
415.9794
415.9793
419.9101
409.5587
422.5639
417.2829
417.2830
411.4681
415.3300
420.5710
417.9372
410.8300
419.2509
423.2316
397.1855
423.9010
413.3918
412.7489
419.2509
423.2316
411.4681
428.6352
419.2508
415.9793
421.8979
410.1936
414.0363
408.2938
412.7490
424.5721
404.5363
403.9154
412.1077
415.9793
405.7826
416.6303
406.4081
422.5639
419.2509
421.2336
415.9793
421.2336
415.3300
414.6823
408.2939
413.3917
409.5588
419.2509
421.2336
394.1855
404.5363
408.9255
419.9101
401.4471
407.0352
414.6823
412.1078
414.6823
401.4472
408.9256
400.8340
409.5588
410.1937
423.9010
410.8300
412.1077
408.9256
410.8301
408.2938
411.4681
412.1078
414.6823
416.6303
402.6783
411.4681
423.2316
411.4681
419.2509
409.5588
418.5931
426.5958
415.9793
399.0031
436.9532
410.8300
403.2961
434.8492
411.4681
410.1937
414.6823
420.5710
401.4471
403.9154
400.8340
424.5721
399.0031
419.2508
408.2939
395.9812
405.7827
404.5363
407.6636
414.0363
420.5710
409.5588
403.2961
404.5363
403.9155
407.6637
422.5639
409.5587
423.2314
405.7827
400.8339
397.1855
410.1937
409.5588
408.2938
399.0031
407.0352
414.0363
402.0620
394.1855
420.5710
402.0620
407.6636
400.2221
402.0620
405.7827
402.0620
413.3918
397.7899
401.4472
400.2222
411.4681
399.0031
417.2830
405.7827
430.6904
411.4681
423.2316
415.3300
391.8113
411.4681
417.2829
402.0620
387.1309
409.5588
392.4027
399.6119
402.0620
402.6783
421.8979
435.5486
420.5710
412.7490
405.1587
417.9373
397.1855
400.2222
396.5826
402.6783
400.2221
398.3958
401.4472
403.9155
401.4472
402.6783
402.6783
394.1855
404.5363
395.3812
400.2222
407.6636
390.0457
397.1855
405.1587
394.1855
402.6783
396.5826
398.3958
402.6783
402.0620
403.2961
394.7826
402.6783
403.2961
394.7825
401.4472
407.0352
392.4027
394.7825
385.9748
391.8113
389.4599
404.5363
387.7111
395.9812
385.9748
405.7827
400.2221
405.1587
393.5899
400.2221
383.6787
386.5522
398.3958
380.2751
394.7826
387.1310
392.4027
390.0457
397.1855
385.9747
399.6119
394.7826
392.9955
392.9955
400.2222
390.0457
401.4472
390.0457
394.7826
392.4027
385.9748
391.8113
392.9955
387.7111
381.4043
390.6328
385.3987
390.0457
390.6327
385.9748
413.3917
400.8340
391.2213
385.9748
384.8239
383.1081
377.4752
383.6787
385.3987
381.9709
388.8756
386.5522
383.1081
392.4027
381.4043
373.6095
378.0325
380.8391
387.1310
386.5522
371.9720
382.5389
385.3987
378.0325
375.8107
380.8391
387.1310
384.8240
387.7111
382.5389
382.5389
395.3810
386.5522
426.5958
375.2585
376.3643
381.9709
370.8865
394.1855
380.8390
382.5389
382.5389
376.9191
380.8390
372.5166
368.1945
380.8391
371.4286
381.9709
373.6096
379.7125
374.1579
386.5521
374.7076
381.4043
369.2676
383.1081
380.2751
370.8865
367.1264
372.5166
373.0625
366.0631
372.5165
369.2676
370.3456
366.0631
374.1580
369.2676
373.0625
370.3456
374.1579
365.5333
369.2676
367.6599
365.5333
366.5941
374.1580
365.0046
365.5333
364.4772
365.5333
373.0625
351.6696
369.2676
364.4772
361.8578
358.7535
369.2677
359.2680
369.8060
360.3005
362.9021
370.8864
371.9720
363.4259
358.2401
369.2675
356.7069
354.6786
354.1743
358.2401
350.1799
357.7279
351.1719
359.2680
374.1580
349.6856
350.6754
349.1922
354.6785
351.1720
342.8768
353.6711
359.7837
359.2680
348.7000
351.1718
343.8369
346.7419
343.3562
351.1718
349.1922
345.2847
361.3376
340.9692
354.6786
350.1798
347.7189
347.2299
335.8069
339.5492
347.7189
351.1718
346.2551
340.9692
339.5492
337.2028
333.5002
342.8767
338.1384
340.9691
339.0779
345.7694
335.8069
332.1278
337.6701
339.0779
332.5843
340.9692
326.2799
334.8813
333.0418
327.1693
335.3437
330.3114
325.8366
333.5002
323.6340
326.2799
336.7365
327.6153
347.7188
324.9529
325.8366
328.0623
324.9529
327.1693
327.1692
325.3943
319.7260
318.0123
320.5883
324.9529
321.8882
320.5883
314.6263
314.6263
311.2947
320.1567
319.7261
312.5378
318.4394
310.8820
318.8675
310.8820
317.5861
318.0122
308.0163
310.0592
310.4702
316.3123
305.5916
302.0081
308.4232
303.9910
305.9937
302.4031
306.3966
307.6102
309.6490
307.6102
304.7897
303.5929
305.9937
305.5916
304.7898
304.7898
298.4873
303.1955
302.4031
299.2643
295.0276
308.0163
298.4872
293.8877
299.6541
301.2203
294.6469
290.8799
295.4091
281.4140
290.5071
267.0550
292.0024
295.7912
288.2855
288.6541
294.2669
291.6276
286.4534
293.5092
292.3781
284.6384
288.6541
283.9171
288.6541
285.3623
283.5575
279.9983
282.1259
285.7253
277.8943
278.2433
281.7696
276.1587
272.0576
277.5459
282.1259
275.1249
276.8510
275.1249
272.0576
270.0402
270.7103
266.7263
268.7076
271.7198
272.0576
266.0707
266.0706
264.7663
260.5908
265.7437
262.5060
262.5061
262.5061
263.7942
264.4418
259.0101
254.9645
257.1316
258.6957
256.8204
257.1316
255.2725
258.6957
254.9645
253.7380
252.8237
252.5200
251.3103
249.5112
252.2168
252.5200
249.5112
251.6119
248.0260
249.2131
247.7305
245.3842
245.0931
246.5534
243.9337
243.6451
245.9678
241.3534
241.3534
239.9366
239.9366
234.6583
236.5838
240.2190
236.3073
231.9454
234.6583
234.3850
233.5678
230.3388
231.9455
231.1402
227.6953
227.1717
227.6954
227.6953
228.2207
224.5785
226.6498
224.3215
224.3215
227.4333
223.2972
220.7648
218.5193
219.5134
216.5495
216.5495
216.3050
217.0397
216.5496
201.4052
213.4001
211.4929
209.3750
210.3128
208.4429
208.6754
207.0552
207.9790
208.2108
204.5434
205.2243
207.9790
204.0910
200.5204
203.1904
198.1139
198.1138
200.7411
199.2029
198.9845
197.0326
197.4642
197.4642
197.2483
194.6814
191.7422
191.7422
191.1200
195.3189
190.0889
190.2945
190.9132
188.2511
186.2362
185.2393
186.4365
184.8425
182.0955
185.0408
180.9343
183.0705
178.6403
180.3573
177.8840
180.7417
172.5210
171.9780
172.3398
171.6172
171.7975
169.4724
167.7107
166.8385
168.4126
167.7107
166.8385
169.4724
165.6268
163.9149
161.5550
161.7222
162.5612
159.0729
158.4189
159.2369
156.9595
155.5165
155.6760
154.5634
153.3037
151.4373
149.7505
151.5918
150.9751
148.2365
152.3671
148.3871
148.0862
147.0385
142.7909
144.2390
144.3848
143.9480
142.5034
142.5034
140.9339
139.1051
138.8262
138.5479
136.7550
138.2703
134.9888
135.1237
133.3817
132.9834
134.1825
130.1032
129.7159
130.2326
129.8449
126.7899
127.4196
125.1687
124.3054
123.8150
123.6927
123.3267
122.2359
122.8406
120.4414
120.6790
118.4424
118.4424
118.2096
114.8888
115.2277
114.6636
113.3217
112.2162
111.6677
110.5792
109.9315
109.2877
109.3947
107.8009
109.3948
106.2311
106.2311
105.0949
104.1746
101.4625
104.2765
100.2801
101.4625
99.4024
98.3400
98.3400
97.8608
95.9671
94.9409
93.8336
93.9254
93.5588
93.1935
90.4973
91.2983
90.2318
89.6153
89.2647
87.8754
86.8467
87.1883
85.2408
85.0733
85.7449
84.1578
82.1914
83.6622
80.7439
81.2239
81.2239
77.4543
79.8706
78.2266
76.6124
76.1566
76.1566
73.7646
74.5795
71.6523
73.9122
71.7243
71.3650
71.5804
70.7932
69.3103
69.5908
68.3359
66.6235
67.2359
66.3528
66.2852
65.4120
64.0207
61.6892
64.1522
62.7819
61.7531
61.5616
61.1801
60.5482
60.3596
59.8588
57.8864
58.0693
57.0388
56.7382
56.3194
55.1938
55.9622
54.8417
53.0477
53.1622
52.5915
52.5346
51.6309
51.1831
51.0158
50.0200
50.1300
49.5270
48.8205
49.4724
47.5337
47.2685
46.8986
45.7484
46.3213
44.9231
44.9231
43.8540
45.6447
43.7530
43.0000
42.3043
42.9002
41.3709
41.1759
40.2572
39.9217
39.9696
40.2572
38.9249
39.0664
39.0664
38.7366
37.8029
38.3149
36.8359
37.4790
37.6639
