94.2013
99.0148
101.1656
103.0609
107.3800
109.2877
110.7960
112.5466
117.8613
117.0529
118.3259
119.9678
123.9374
125.4166
125.9140
129.3300
131.7964
131.6653
134.5849
136.3450
138.2703
139.5246
144.2390
139.9457
146.8896
151.4373
151.7465
153.1471
152.8345
156.3161
160.2253
161.7222
162.0571
165.2827
165.9719
169.8275
169.2952
172.7025
172.8842
173.4308
173.7965
180.3572
183.4624
182.6797
185.8367
188.8611
189.4737
191.5345
195.7455
190.0889
198.7664
200.3000
201.4052
204.0910
205.6799
207.5164
211.0198
211.4930
213.6401
217.2854
220.2631
220.2631
223.0421
221.5203
225.8700
225.8700
232.2148
233.8398
234.1121
235.4807
237.4158
237.6940
244.2228
242.7821
243.3569
249.2132
249.5112
245.9677
257.7555
255.5810
259.9569
263.4713
271.3826
271.7197
268.0448
272.0576
271.7197
277.8943
281.0591
276.5045
282.4828
284.6383
289.0233
290.8799
290.8799
291.6276
295.0276
296.5578
299.6539
302.4031
300.4357
306.3966
311.7083
317.1605
312.1226
320.1567
314.6263
326.7242
321.4540
324.0727
324.0727
332.5842
332.5842
335.3437
340.9692
338.1384
344.8010
348.2089
343.3563
348.7000
350.6753
352.6680
358.2401
363.4259
361.8579
370.3456
374.1579
366.5941
371.9719
364.4772
365.5333
375.8108
381.4043
385.9748
376.3643
385.3987
383.1081
387.1310
396.5824
405.7827
405.7827
397.7899
400.2222
405.7827
412.1078
414.6823
408.9256
424.5721
427.9536
424.5721
423.2316
433.4557
435.5487
424.5721
448.4597
449.1952
447.7261
458.1785
455.1517
459.7043
456.6610
469.0374
459.7043
450.6724
471.4195
486.9821
474.6268
477.8704
492.0742
493.7912
500.7603
499.8802
500.7602
495.5183
504.3064
496.3856
512.4404
517.0549
549.3440
514.2781
517.9861
517.0549
531.3245
529.3839
531.3245
530.3527
529.3839
533.2771
554.5334
542.2155
567.3334
546.2697
533.2771
554.5338
544.2362
549.3440
611.3867
578.3885
576.1483
564.0866
565.1655
584.0546
587.4999
567.3334
556.6328
580.6437
612.6247
584.0546
598.0473
607.6985
615.1136
622.6857
623.9634
608.9236
618.8797
636.9927
618.8797
629.1194
618.8797
625.2455
630.4200
635.6687
616.3646
638.3215
663.0867
677.5764
650.5001
667.3766
657.4409
665.9413
660.2533
667.3766
682.0312
661.6674
680.5406
691.0958
694.1642
679.0557
682.0312
691.0958
703.5139
686.5374
676.1027
706.6801
716.3286
709.8704
731.2421
743.2235
705.0937
753.7717
717.9592
739.7651
734.6304
760.9517
738.0466
753.7717
741.4908
788.9878
759.1454
746.7105
796.7750
762.7656
741.4908
755.5555
796.7750
792.8644
810.7360
802.7056
794.8154
757.3467
768.2535
796.7750
818.9106
804.6999
802.7056
833.5751
835.7083
762.7656
792.8644
855.3557
831.4515
873.5253
835.7083
833.5751
829.3377
855.3557
850.9181
862.0892
866.6312
875.8452
837.8512
818.9106
887.6125
875.8452
880.5183
880.5183
871.2163
866.6312
859.8342
932.4316
909.5249
899.6672
902.1135
887.6125
887.6125
890.0002
897.2328
907.0423
917.0467
1029.2303
940.3000
892.3994
1007.8456
922.1238
959.1343
940.3000
894.8102
940.3000
922.1238
890.0002
932.4316
924.6810
967.4175
1001.8837
940.3000
975.8303
953.6839
897.2328
935.0412
1029.2303
964.6423
850.9181
998.9268
1010.8509
1007.8456
956.4025
984.3768
990.1503
1023.0366
1041.8250
1071.2164
964.6423
942.9495
1026.1250
1019.9652
1029.2303
1029.2303
1054.7037
1004.8566
1032.3529
1045.0176
1019.9652
1038.6500
1064.5560
1061.2526
1091.6671
1048.2281
1095.1450
1181.1432
1081.3538
1074.5769
1095.1450
1045.0176
1095.1450
1048.2281
1116.4464
1153.6877
1102.1621
1157.5377
1057.9689
1131.0742
1032.3529
1029.2303
1165.3090
1226.8036
1109.2621
1057.9689
922.1238
1161.4114
1131.0742
1088.2095
1201.5021
1161.4114
1123.7167
1127.3844
1197.3788
1095.1440
1127.3844
1181.1432
1088.2095
1165.3090
1161.4114
1131.0742
1098.6433
1146.0582
1189.2098
1185.1638
1142.2781
1205.6519
1280.4785
1169.2307
1116.4464
1185.1638
1157.5377
1205.6519
1197.3788
1197.3788
1112.8436
1201.5021
1169.2307
1181.1432
1197.3788
1209.8293
1239.8281
1275.8403
1169.2307
1222.5199
1271.2333
1226.8048
1142.2781
1285.1479
1218.2612
1123.7167
1343.7499
1343.7499
1157.5377
1253.1096
1169.2307
1289.8491
1294.5824
1271.2333
1333.6410
1084.7717
1271.2333
1275.8403
1262.1112
1231.1178
1318.7402
1354.0032
1262.1112
1226.8036
1280.4785
1354.0024
1266.6570
1266.6570
1239.8281
1275.8403
1271.2333
1348.8580
1262.1112
1299.3479
1304.1461
1209.8280
1318.7402
1338.6777
1354.0024
1430.0621
1328.6394
1385.6526
1280.4785
1343.7499
1328.6394
1280.4785
1313.8419
1369.6571
1407.5295
1413.0999
1359.1835
1313.8419
1615.9996
1146.0582
1391.0621
1313.8419
1374.9506
1280.4785
1354.0024
1271.2333
1248.6533
1369.6571
1424.3647
1369.6571
1369.6571
1413.0999
1418.7114
1369.6571
1318.7402
1407.5295
1369.6571
1343.7499
1424.3647
1447.4072
1380.2822
1477.2065
1348.8580
1338.6777
1348.8580
1304.1461
1430.0621
1441.5820
1424.3665
1257.5955
1396.5111
1430.0621
1435.8004
1380.2822
1441.5820
1459.1908
1430.0621
1747.6219
1435.8004
1447.4072
1477.2065
1424.3647
2129.9521
1407.5313
1747.6219
1573.9130
1441.5820
1540.3862
1435.8004
1483.3047
1471.1552
1514.5165
1424.3647
1465.1501
1483.3047
1453.2766
1477.2065
1471.1543
1453.2766
1453.2766
1407.5295
1447.4072
1441.5820
1453.2766
1413.0999
1533.8414
1447.4072
1430.0621
1514.5165
1630.5028
1546.9836
1489.4501
1553.6344
1418.7131
1546.9836
1471.1552
1483.3047
1441.5820
1477.2065
1489.4501
1501.8853
1594.6951
1459.1908
1527.3485
1527.3485
1483.3047
1567.0984
1615.9996
1489.4501
1527.3485
1580.7834
1508.1760
1019.9652
1553.6344
1560.3391
1637.8467
1501.8853
1637.8467
1514.5165
1489.4501
1608.8389
1489.4501
1514.5165
1501.8853
1587.7106
1501.8853
1508.1760
1615.9996
1615.9996
1527.3485
1328.6394
1527.3485
1573.9130
1660.2572
1781.5797
1573.9130
1553.6344
1587.7106
1587.7106
1567.0984
1553.6344
1608.8389
1660.2572
1645.2532
1652.7230
1608.8389
1608.8389
1514.5165
1601.7375
1660.2572
1660.2572
1637.8467
1495.6426
1587.7106
1683.2532
1722.9473
1540.3862
1652.7230
1623.2207
1645.2532
1675.5214
1667.8563
1580.7834
1587.7106
1675.5214
1637.8467
1667.8563
1993.1683
1645.2532
1764.4463
1675.5214
1608.8389
1630.5028
1560.3391
1645.2532
1623.2207
1637.8467
1573.9130
1652.7230
1546.9836
1560.3391
1722.9473
1714.8682
1683.2532
1683.2555
1430.0621
1652.7230
1645.2532
1706.8605
1722.9473
1637.8467
1910.9374
1660.2572
1637.8467
1637.8467
1615.9996
1637.8467
1772.9738
1667.8563
1630.5028
1731.0986
1790.2650
1489.4501
1645.2532
1683.2532
1608.8389
1520.9071
1799.0310
1739.3232
1667.8563
1660.2583
1714.8682
1645.2554
1630.5028
1764.4463
1714.8682
1546.9836
1790.2650
1630.5028
1667.8563
1652.7230
1790.2650
1825.8235
1747.6219
1645.2532
1594.6951
1540.3862
1660.2572
1675.5214
1731.0986
1772.9738
1993.1683
1691.0551
1675.5237
1630.5028
1683.2555
1601.7375
1652.7230
1714.8682
1652.7230
1675.5237
1755.9960
1755.9960
1772.9738
1764.4463
1660.2572
1807.8785
1731.0986
1706.8605
1683.2532
1844.1091
1706.8605
1391.0621
1853.3827
1781.5797
1691.0551
1630.5028
1645.2532
1755.9960
1781.5797
1755.9948
1652.7230
1853.3827
1747.6219
1764.4463
1706.8605
1074.5769
1601.7375
1951.2290
1891.3793
1844.1091
1739.3232
1645.2532
1637.8467
1807.8785
1652.7241
1747.6219
1683.2544
1714.8682
1747.6219
1731.0986
1799.0310
1781.5797
1731.0986
1772.9738
1594.6951
1891.3793
1714.8682
1941.0055
1807.8785
1799.0310
1747.6219
1747.6219
1667.8563
1834.9231
1764.4463
1853.3827
1731.0986
1853.3827
1834.9231
1781.5797
1790.2650
1862.7452
1930.8833
1772.9738
1807.8785
1930.8833
1930.8833
1790.2650
1747.6219
2258.3757
1739.3232
1807.8785
1825.8235
1764.4463
1755.9960
1853.3827
1799.0310
1799.0310
1781.5797
1982.5236
1764.4463
1853.3827
1790.2650
1834.9231
1881.7422
1453.2766
1816.8091
1790.2650
3239.1394
1764.4463
1844.1091
1930.8833
1739.3232
1825.8235
1982.5236
1799.0310
1731.0974
1714.8682
1790.2650
1853.3827
1834.9231
1772.9738
1834.9231
1807.8785
1683.2555
1834.9231
2003.9225
1691.0551
2048.0674
1844.1091
1816.8091
1993.1683
4273.3032
1901.1105
1731.0986
1910.9374
1553.6344
1941.0055
1872.1980
1853.3827
1951.2290
1920.8611
2036.8584
1982.5236
1853.3827
1941.0055
1961.5555
2059.3945
1901.1105
1971.9865
2036.8617
1825.8235
1920.8611
1920.8611
2048.0674
2129.9521
1834.9231
1910.9374
1941.0055
1844.1091
1862.7452
2082.4111
1844.1091
1930.8833
1881.7422
1891.3793
1941.0055
2014.7877
1941.0055
1971.9865
1930.8833
2129.9521
1872.1980
1971.9865
1930.8833
1930.8833
1901.1105
2231.5227
1540.3862
2313.9875
1920.8611
2179.6064
1891.3793
1961.5555
1920.8611
1920.8611
2105.9272
2142.1619
1683.2555
1982.5236
1941.0055
1982.5236
2025.7657
1901.1105
2070.8435
2036.8584
1495.6434
2258.3777
2082.4146
1901.1105
2059.3979
2014.7877
2105.9272
1891.3793
1901.1105
3212.1318
2117.8745
1881.7422
2433.4641
2142.1619
2014.7910
1951.2290
1951.2290
1961.5555
2082.4146
2003.9225
2059.3979
2328.3022
2003.9225
1982.5236
2129.9521
1982.5236
2082.4111
2070.8452
2117.8745
2036.8584
2070.8418
1941.0055
2025.7657
1834.9231
2014.7877
2166.9868
2166.9868
2094.1079
2154.5059
2142.1619
2094.1079
2117.8745
2142.1619
2142.1619
2328.3022
2014.7877
2129.9521
2048.0674
2014.7877
2285.8586
2025.7657
2094.1079
2166.9868
1930.8833
2154.5059
1910.9374
2070.8452
2094.1079
1755.9960
2192.3677
2154.5059
2059.3979
2129.9521
2082.4146
2070.8452
2070.8452
2299.8406
2166.9868
2272.0386
2258.3777
2117.8745
2094.1079
2231.5227
2244.8733
2205.2722
1930.8833
2179.6064
2285.8586
2070.8452
2179.6064
2166.9868
2244.8733
2313.9875
2129.9521
2059.3979
2154.5059
2129.9521
2231.5227
3034.6563
2036.8584
1982.5236
2154.5059
2218.3232
2285.8564
2465.2041
2342.7876
2218.3232
2205.2722
2342.7876
2166.9849
2299.8406
2231.5227
2328.3022
2154.5059
2299.8406
2244.8733
2272.0386
2402.4998
2481.3745
2313.9875
2258.3777
1587.7106
2205.2722
1698.9230
2272.0386
2313.9875
2231.5227
2372.2832
2154.5059
2272.0386
2342.7876
2142.1619
2372.2832
2285.8586
2328.3022
2272.0386
2244.8733
2025.7657
2313.9875
2179.6064
2285.8586
2328.3022
2514.3342
2357.4468
2272.0386
2244.8733
2231.5227
2387.2996
2357.4468
2082.4146
2328.3022
2387.2996
2372.2832
2313.9875
2465.2041
2387.2996
2272.0386
2655.0488
2285.8586
2357.4468
2387.2996
2853.7725
2129.9521
2328.3022
2433.4617
2636.6375
2531.1318
2285.8564
2285.8586
2514.3342
2449.2354
2692.6252
2231.5227
2565.3882
2328.3022
2129.9521
2387.2996
2832.6191
2548.1467
2342.7876
2531.1343
2417.8867
2600.5430
2372.2810
2372.2832
2582.8503
2514.3342
2258.3777
2711.8005
2402.4998
1961.5555
2832.6191
2387.2996
2372.2832
2548.1467
2129.9521
2357.4446
2372.2832
2142.1619
2565.3831
2357.4446
2514.3342
2548.1467
2548.1516
2750.9519
3159.4065
2481.3745
2636.6375
2497.7498
2328.3000
2048.0674
2402.4998
2258.3777
2272.0386
2514.3342
2636.6375
2205.2722
2342.7876
2514.3342
2582.8452
2582.8452
2531.1318
2565.3831
2299.8406
2003.9225
2417.8867
2328.3000
2481.3745
2402.4998
3266.5908
2357.4468
2514.3342
2465.2041
2548.1467
2465.2041
2481.3745
2618.4651
2402.4998
2465.2041
2531.1318
2514.3342
2750.9519
2941.5273
2636.6375
2853.7725
2811.7668
2417.8867
2548.1467
2618.4705
2514.3342
2731.2410
2791.2090
2673.7100
2832.6191
2387.2996
2636.6375
2417.8867
2342.7876
2770.9392
2636.6375
2731.2410
2692.6252
2548.1467
2514.3342
2711.8005
2272.0386
2875.2329
2417.8867
2531.1318
2941.5273
2357.4468
2433.4641
2342.7876
2433.4641
2692.6252
2731.2351
2514.3342
3351.7224
2313.9875
2328.3022
2565.3831
2465.2041
2514.3342
2582.8452
2565.3831
2692.6252
2919.1033
2600.5376
2433.4641
2497.7498
2514.3342
2387.2996
2711.8005
2655.0488
2313.9875
2531.1318
2129.9521
2565.3831
2342.7876
2313.9875
2481.3745
2192.3677
2514.3342
2565.3831
2636.6375
2417.8867
2402.4998
2832.6191
2548.1467
2673.7100
2618.4705
2402.4998
2618.4651
2565.3831
1807.8785
2582.8452
2285.8586
2531.1318
2731.2410
2731.2410
2548.1467
2514.3342
2600.5376
2565.3831
2582.8452
2357.4468
2417.8867
2449.2354
2548.1467
2548.1467
2711.8005
2636.6375
1834.9231
2357.4468
2449.2354
2497.7498
2548.1467
2600.5376
2731.2410
2244.8733
2600.5376
2205.2722
2655.0488
2600.5430
2272.0386
2600.5376
2465.2041
2449.2354
2313.9875
2481.3745
2417.8867
2987.3896
2514.3342
2328.3022
2465.2041
2387.2996
2328.3022
2481.3745
2465.2041
2465.2041
2481.3745
2082.4146
2514.3342
2497.7498
2372.2832
2692.6252
2853.7725
2565.3831
2673.7100
2285.8586
2328.3022
2299.8406
2531.1318
2433.4641
2449.2354
2328.3000
2328.3022
2272.0386
2357.4468
2449.2354
2231.5227
2402.4998
2465.2041
2244.8733
2433.4641
2272.0386
2465.2041
2433.4641
2299.8406
2481.3745
2531.1318
2218.3232
2582.8452
2372.2832
2582.8452
2105.9272
2565.3831
2417.8867
2582.8452
1623.2207
2372.2832
2357.4446
2449.2354
2531.1318
2342.7876
2342.7876
1910.9374
2692.6252
2465.2041
2357.4468
2433.4641
2433.4641
2342.7876
2313.9875
2179.6064
2417.8867
2565.3831
2299.8406
2481.3745
2387.2996
2313.9875
2750.9519
2258.3777
2299.8386
2582.8503
2154.5059
2231.5227
2433.4641
2449.2354
2342.7876
2313.9875
2244.8733
2205.2722
2465.2041
2048.0708
2372.2832
2357.4468
2258.3777
2244.8733
2514.3342
2402.4998
2313.9875
2449.2354
2342.7876
2481.3745
2600.5430
2218.3232
2731.2410
2342.7876
2313.9875
2433.4641
2328.3022
2025.7657
2402.4998
2711.8005
2299.8406
2402.4998
2433.4641
2433.4641
2218.3232
2372.2832
2244.8733
2313.9875
2285.8586
2272.0386
2231.5227
2313.9875
2449.2354
2179.6064
2417.8867
2372.2832
2313.9875
2094.1079
2117.8745
2117.8745
2328.3022
2258.3777
2258.3777
2313.9875
2258.3777
2129.9521
2433.4641
2342.7876
2357.4468
2142.1619
2272.0386
2497.7498
2244.8733
2387.2996
2059.3979
2117.8745
2433.4641
2059.3979
2154.5059
2218.3232
2299.8406
2328.3022
2548.1467
2231.5227
2285.8586
2205.2722
1982.5236
2154.5059
2328.3022
2328.3022
2272.0386
2433.4663
1872.1967
2313.9875
2166.9868
2433.4641
2692.6252
2231.5227
2497.7498
2154.5059
2299.8406
2129.9521
2048.0708
2048.0708
2272.0386
2481.3745
2192.3677
2142.1599
2313.9875
2142.1619
2070.8452
2154.5059
2094.1079
2166.9868
2192.3677
2258.3777
2244.8733
1961.5555
2342.7876
2142.1619
2192.3677
2192.3677
2449.2354
1881.7422
1941.0055
2313.9875
2387.2996
2003.9225
2048.0708
2048.0708
1951.2290
2048.0708
2048.0708
2218.3232
2231.5227
2094.1079
2192.3677
2357.4468
2014.7910
2094.1079
1910.9374
2244.8733
2258.3777
2142.1619
2105.9272
2244.8733
2272.0386
2205.2722
2166.9868
2205.2722
2272.0386
2258.3777
2003.9225
2082.4146
2179.6064
1993.1683
2094.1079
1920.8611
2205.2722
2117.8745
2059.3979
2218.3232
1910.9374
2142.1619
2328.3022
2105.9272
2048.0708
1971.9880
2179.6064
2166.9868
2192.3677
2025.7657
2094.1079
1910.9374
2299.8406
2117.8745
1930.8833
1971.9865
2070.8452
1910.9374
2003.9225
2082.4146
1993.1683
2070.8452
1755.9960
2129.9521
1982.5236
1772.9738
2014.7877
2166.9868
2070.8452
2082.4146
2048.0674
2105.9272
2154.5059
1910.9374
2142.1619
2231.5227
2003.9225
1951.2290
1993.1683
2003.9225
1881.7422
1941.0055
2036.8584
1891.3793
1891.3793
1941.0055
1901.1105
1910.9374
1982.5236
1982.5236
1971.9865
1920.8611
1834.9231
1971.9865
1891.3793
1901.1105
1910.9374
1891.3793
1764.4463
1853.3827
2565.3831
1920.8611
1825.8235
1881.7422
1901.1105
1739.3232
1961.5555
1781.5797
1930.8833
1807.8785
1930.8833
1910.9374
1930.8849
1930.8833
1910.9374
1901.1105
2285.8586
1891.3793
1891.3793
1993.1683
2003.9225
1799.0310
1951.2290
1834.9231
1872.1980
1910.9374
1790.2650
1739.3232
2003.9241
1781.5784
1844.1091
1910.9374
1790.2650
2531.1318
1834.9231
1747.6219
1755.9960
1764.4463
1739.3232
1930.8833
1891.3793
1781.5797
1881.7422
1853.3827
1667.8574
1790.2650
1853.3827
1799.0310
1731.0986
1881.7422
1853.3827
1755.9960
1675.5237
1862.7452
1706.8605
1731.0986
1755.9960
1790.2650
1764.4463
1691.0551
1961.5555
2025.7690
1645.2532
1698.9230
1698.9230
1891.3793
1755.9960
1853.3827
1630.5028
1764.4463
1930.8833
1747.6219
1755.9960
1790.2650
1675.5214
1747.6219
1772.9738
1739.3232
942.9495
1660.2572
1691.0551
1698.9230
1683.2555
1683.2555
1698.9230
1747.6219
1615.9996
1645.2532
1772.9738
1652.7230
1567.0984
1667.8563
1667.8563
1807.8785
1546.9836
1691.0551
1755.9960
1731.0986
1862.7452
1645.2532
1816.8091
1527.3485
1667.8563
1601.7375
1630.5028
1731.0986
1533.8414
1652.7253
1731.0986
1540.3862
1637.8467
1637.8467
1514.5165
1722.9473
1560.3381
1580.7834
1527.3485
1567.0984
1553.6344
1747.6219
1645.2532
1667.8563
1660.2572
1608.8389
1637.8467
1630.5028
1514.5165
1691.0527
1594.6951
1477.2065
1587.7106
1652.7230
1645.2532
1594.6951
1722.9473
1637.8467
1645.2532
1601.7375
1527.3485
1435.7996
1637.8467
1615.9996
1483.3047
1623.2207
1645.2532
1540.3862
1630.5028
1594.6951
1553.6344
1580.7834
1231.1165
1385.6534
1520.9071
1280.4785
1580.7834
1471.1543
1739.3232
1471.1552
1471.1552
1489.4501
1660.2594
1764.4463
1304.1454
1645.2532
1413.0999
1459.1908
1424.3665
1447.4072
1447.4072
1477.2065
1441.5820
1424.3665
1645.2532
1495.6434
1477.2065
1441.5802
1533.8414
1441.5820
1540.3862
1407.5295
1527.3485
1308.9774
1435.8004
1424.3647
1441.5820
1441.5820
1418.7114
1447.4072
1153.6877
1508.1760
1413.1014
1396.5111
1424.3665
1338.6777
1323.6726
1441.5820
1402.0001
1424.3665
1652.7230
1413.1014
1385.6526
1348.8580
1402.0001
1459.1908
1489.4501
1418.7131
1435.8004
1333.6410
1348.8580
1364.4016
1418.7131
1299.3479
1369.6571
1424.3665
1364.4016
1201.5021
1313.8419
1328.6394
1359.1835
1374.9506
1323.6726
1235.4587
1266.6570
1328.6394
1304.1461
1333.6410
1391.0621
1271.2333
1343.7499
1308.9774
1369.6571
1354.0024
1308.9774
1323.6726
1348.8580
1285.1479
1248.6533
1266.6570
1354.0024
1359.1835
1477.2065
1280.4778
1323.6726
1338.6777
1257.5955
940.3000
1328.6394
1299.3479
1294.5824
1285.1479
1157.5377
1177.1476
1235.4587
1239.8281
1169.2307
1359.1835
1239.8281
1266.6570
1222.5199
1299.3479
1266.6570
1102.1621
1209.8280
1138.5209
1209.8280
1222.5186
1231.1178
1134.7864
1201.5021
1244.2262
1146.0582
1197.3788
1153.6877
1149.8613
1142.2781
1127.3844
1157.5377
1146.0582
1153.6877
1032.3529
1112.8436
1138.5209
1142.2781
1127.3844
1161.4114
1067.8762
1138.5209
1177.1476
1181.1432
1142.2781
1112.8436
1077.9556
1138.5209
1088.2095
1054.7037
1098.6433
1088.2095
1064.5551
1057.9689
1127.3844
1081.3538
1088.2095
1109.2621
1057.9689
1084.7717
1029.2303
1098.6433
1071.2164
1081.3528
1081.3538
1019.9652
1051.4568
1091.6671
1201.5021
970.2071
1004.8566
1004.8566
1016.9105
1045.0176
1004.8566
1026.1250
993.0602
987.2559
1004.8566
1007.8456
995.9856
987.2559
975.8303
970.2071
1010.8509
975.8303
932.4316
948.2900
924.6815
981.5129
1007.8456
978.6641
987.2559
948.2892
924.6815
937.6639
973.0113
978.6641
899.6672
937.6639
914.5270
942.9495
950.9796
909.5249
922.1238
914.5270
899.6672
932.4316
902.1135
961.8816
862.0892
917.0467
882.8717
899.6672
885.2364
885.2364
866.6312
892.3994
823.0533
846.5222
787.0621
802.7056
844.3395
862.0892
885.2364
850.9181
825.1386
837.8516
840.0040
848.7150
909.5249
823.0533
868.9183
840.0040
894.8102
827.2334
853.1313
837.8512
788.9878
804.6999
757.3467
825.1386
760.9517
796.7750
806.7030
816.8533
785.1447
798.7432
750.2265
738.0463
759.1454
760.9517
753.7717
750.2265
744.9634
755.5555
741.4905
732.9328
708.2723
835.7083
743.2235
766.4164
739.7651
753.7717
682.0310
703.5144
753.7717
759.1454
736.3350
736.3350
708.2723
724.5471
706.6796
743.2235
717.9592
722.8902
701.9404
691.0958
685.0296
677.5764
691.0958
703.5139
686.5374
676.1027
680.5406
686.5374
755.5555
653.2611
646.3959
657.4409
650.5001
651.8781
673.1721
660.2533
646.3963
639.6551
636.9927
658.8445
645.0379
638.3215
638.3215
627.8235
625.2455
627.8235
616.3646
620.1439
653.2611
616.3646
618.8797
595.6755
606.4775
595.6755
599.2392
558.7454
584.0546
578.3885
594.4957
612.6247
582.9139
587.4999
546.2697
564.0868
557.6874
556.6328
561.9399
550.3753
547.2912
546.2697
539.2080
547.2912
550.3753
539.2081
530.3527
528.4180
528.4180
523.6329
514.2781
529.3839
517.9861
521.7393
502.5281
512.4404
502.5281
497.2554
493.7912
506.0952
495.5183
497.2554
478.6870
486.1419
482.8051
503.4159
465.1111
472.2180
474.6268
476.2440
477.0560
471.4195
469.0374
469.0374
464.3323
448.4597
455.9053
475.4343
458.9404
450.6725
439.7843
439.0737
445.5370
442.6454
434.1516
445.5370
436.2500
430.0036
427.2739
431.3791
427.2739
423.9010
412.7490
425.9195
427.2739
405.1587
407.0352
406.4081
403.9155
399.6119
401.4472
382.5389
399.6119
394.1854
379.7125
379.1512
390.0457
392.9955
385.9748
381.9709
378.0325
369.8060
380.2751
370.3456
353.6711
364.4772
359.2680
354.6786
352.1682
359.7837
349.6855
355.6905
358.2401
342.3984
351.1718
348.7000
343.3563
344.3184
336.7365
340.4948
334.4200
337.6700
352.6680
328.5103
333.9596
321.4540
325.3943
321.8882
313.7883
307.2049
309.6490
310.8820
309.6490
308.8310
305.1903
302.4031
304.3900
300.4355
294.6469
301.6138
294.2670
295.4091
288.2855
290.8799
289.0233
290.8799
276.5045
286.8183
280.7049
279.6460
279.9983
277.5459
283.1986
273.7554
273.4146
269.3727
277.5459
261.2270
269.0398
264.1177
260.9086
263.1490
262.1855
261.2270
255.5810
255.2725
254.6571
252.8237
248.3220
244.5124
239.0922
242.2092
240.2190
244.8025
239.3732
239.6547
237.1380
235.2061
234.3849
234.6582
232.2148
230.8726
229.5413
227.4333
225.6109
224.8359
227.1717
221.0163
221.5203
218.5193
216.5496
217.0397
217.0397
198.5485
209.3750
210.5481
209.8432
205.4520
203.8653
201.4052
201.6272
200.7411
198.3310
199.2029
196.1733
196.1733
192.1585
183.4624
194.0466
189.4737
189.2692
187.2401
188.2511
187.4418
185.4382
186.8377
182.2899
177.8840
180.9342
173.7965
178.2617
173.4308
174.3468
170.7194
170.8985
171.2574
171.6172
168.0612
167.0125
166.8385
164.0851
178.4509
161.2213
161.8895
159.7301
158.9091
155.5165
155.5165
156.6374
157.9306
156.3161
152.0564
151.2831
149.5983
147.6361
145.9997
145.2630
149.5983
144.3848
141.7874
140.7922
139.5246
140.3682
139.2447
134.4506
133.3817
131.7964
135.2588
133.1160
137.9933
130.6216
129.4585
128.6897
127.1673
126.6643
123.4486
128.8174
123.4486
122.1154
121.9950
120.2043
119.2611
118.6757
118.2096
116.8231
116.0224
112.8781
112.5466
112.3262
110.6876
110.3629
108.8608
107.8009
107.1701
107.0654
106.1273
105.3006
105.1977
101.8597
102.3585
99.5968
99.9867
98.7250
98.1481
97.8608
95.9671
96.6258
94.8482
93.2847
93.1024
92.0159
92.1059
90.2318
89.0899
89.9671
88.2208
87.3596
88.3940
87.6171
85.8292
84.8228
84.3236
83.7446
84.7394
86.1671
87.6171
86.9320
92.6482
91.2089
93.1935
95.3128
97.0042
98.0522
99.7915
102.0589
104.9923
107.0654
107.8009
108.4355
109.0740
111.2310
113.8787
115.3409
116.9380
120.6790
119.4961
123.0834
125.6650
125.2926
127.7991
129.0734
130.4917
131.5343
134.5849
135.1237
138.5479
137.0290
141.0757
142.2165
144.3848
145.1162
148.3871
149.2944
152.6785
153.4605
154.7218
154.7218
157.2824
160.5565
162.5612
164.4262
165.6268
167.5358
168.0612
168.7649
171.9780
172.7025
178.2617
178.8301
172.8842
180.7416
183.6587
184.0522
188.8611
188.8611
191.3271
193.4145
192.5760
196.1733
197.4642
199.6408
202.5185
202.0722
206.5954
206.3661
210.5481
211.0198
213.6401
216.5496
223.2972
227.1717
215.8172
222.5333
224.8359
226.9105
231.1402
231.6766
230.8726
235.2061
236.8606
239.0922
242.4954
244.2228
246.8469
247.1409
252.5200
249.8098
253.7380
254.9645
252.5200
256.1996
261.5459
260.2736
266.3983
268.0448
267.0551
272.3959
273.0744
272.0576
276.1587
276.8510
278.2433
283.9171
286.0890
297.7132
287.1842
292.0024
296.1741
294.6469
289.0232
295.4091
298.8754
310.0592
303.9911
302.4031
308.8310
310.4702
311.2947
321.4540
320.1567
321.8882
323.6340
333.0417
336.7365
336.2712
338.1384
338.6076
342.3984
332.1278
342.8768
337.2028
345.2847
355.1838
350.1798
355.6905
351.6695
352.6680
367.6599
367.6599
369.2676
370.3456
368.1945
373.0623
356.1982
371.9719
375.2586
420.5708
385.3987
386.5522
392.4027
394.1854
405.1587
406.4081
404.5363
406.4081
410.8301
406.4081
421.8979
430.6904
415.9793
425.2450
368.1945
419.2507
424.5721
428.6352
432.7617
434.8492
434.1516
442.6454
449.1952
451.4140
443.3654
458.9404
449.9330
469.0374
451.4140
473.0186
472.2180
477.8704
473.8216
477.8704
475.4343
486.9821
499.8802
489.5172
497.2554
499.0027
499.0027
493.7912
515.2006
526.4952
553.4893
524.5841
517.0549
512.4404
528.4180
529.3839
537.2189
535.2419
552.4478
550.3753
536.2288
546.2697
534.2580
550.3753
560.8716
560.8716
563.0116
560.8716
548.3160
587.4999
559.8068
577.2666
588.6561
569.5155
566.2477
578.3885
596.8594
588.6561
604.0483
606.4775
582.9139
639.6551
606.4775
605.2609
599.2396
613.8668
642.3367
617.6199
643.6849
621.4126
642.3367
636.9927
635.6687
645.0379
616.3646
660.2533
656.0425
689.5703
661.6674
685.0296
661.6674
667.3766
661.6674
695.7074
701.9404
660.2533
686.5374
709.8704
711.4756
711.4756
692.6271
692.6271
700.3730
706.6796
694.1642
701.9404
717.9592
701.9404
806.7030
729.5581
741.4908
717.9592
727.8810
743.2235
746.7103
726.2107
750.2265
759.1454
741.4908
748.4648
814.8051
788.9878
790.9219
757.3467
746.7105
794.8154
741.4908
785.1447
792.8644
796.7750
818.9106
744.9634
792.8644
810.7360
814.8051
806.7030
833.5751
823.0533
831.4515
814.8051
820.9773
818.9106
842.1667
853.1313
846.5222
862.0892
840.0040
855.3557
857.5897
859.8342
864.3549
887.6125
868.9183
844.3395
866.6312
894.8102
904.5719
855.3557
871.2163
878.1758
890.0002
909.5249
1061.2526
959.1352
875.8452
937.6639
940.3000
899.6672
929.8353
932.4316
961.8808
942.9495
935.0412
887.6125
927.2519
942.9495
932.4316
950.9796
973.0113
967.4175
940.3000
973.0113
970.2071
978.6641
995.9856
953.6847
975.8303
935.0412
1004.8566
987.2559
984.3763
945.6125
1077.9546
1029.2303
1019.9652
995.9856
1061.2526
1032.3529
1016.9105
987.2559
984.3768
1035.4927
1019.9652
1029.2303
1035.4927
1071.2174
1019.9652
1088.2095
1026.1250
1071.2164
1048.2281
1067.8762
1074.5769
1138.5209
1098.6433
1051.4568
1127.3844
1123.7167
1369.6571
1077.9556
995.9856
1120.0707
1109.2616
1051.4568
1120.0707
1102.1621
1127.3844
1123.7167
1153.6877
1064.5560
1134.7864
1077.9556
1313.8419
1127.3844
1134.7864
1081.3538
1123.7167
1127.3844
1161.4114
1120.0707
1189.2098
1134.7864
1153.6877
1157.5377
1181.1432
1173.1769
1142.2776
1169.2307
1165.3090
1266.6570
1189.2098
1205.6519
1231.1178
1214.0311
1169.2307
1201.5021
1205.6519
1239.8281
1222.5199
1239.8281
1266.6570
1142.2781
1239.8281
1235.4587
1142.2781
1266.6570
1222.5199
1181.1432
1308.9774
1266.6570
1275.8403
1244.2262
1231.1178
1235.4587
1333.6410
1275.8403
1275.8403
1294.5824
1266.6570
1271.2333
1343.7499
1333.6410
1304.1461
1257.5955
1084.7717
1275.8403
1323.6726
1333.6410
1205.6531
1374.9506
1313.8419
1459.1908
1391.0621
1318.7402
1308.9774
1385.6526
1262.1112
1364.4016
1364.4016
1294.5824
1313.8419
1280.4785
1304.1461
1248.6533
1359.1835
1385.6526
1385.6526
1074.5759
1354.0024
1391.0621
1453.2766
1369.6571
1385.6526
1435.8004
1328.6394
1354.0024
1333.6410
1413.1014
1447.4072
1424.3665
1418.7114
1459.1908
1424.3647
1430.0621
1348.8580
1447.4072
1424.3665
1359.1835
1396.5111
1520.9071
1343.7499
1354.0024
1447.4072
1430.0621
1354.0024
1514.5165
1369.6571
1407.5295
1424.3665
1465.1501
1435.8004
1348.8580
1471.1552
1483.3047
1533.8414
1424.3665
1546.9836
1465.1501
1495.6434
1608.8389
1453.2766
1623.2207
1533.8414
1587.7106
1271.2333
1447.4072
1520.9071
1520.9071
1477.2065
1495.6434
1514.5165
1465.1501
1982.5236
1465.1501
1343.7499
1533.8414
1527.3485
1508.1760
1514.5165
1731.0986
1424.3665
1459.1908
1623.2207
1608.8389
1587.7106
1546.9836
1660.2572
1533.8414
1553.6344
1660.2572
1567.0984
1520.9071
1527.3485
1430.0621
1706.8605
1514.5165
1520.9071
1660.2572
1540.3862
1514.5165
1553.6344
1755.9960
1567.0984
1540.3862
1637.8467
1652.7230
1560.3381
1652.7230
1489.4501
1747.6219
1477.2065
1645.2532
1546.9836
1660.2572
1834.9231
2387.2996
1623.2207
1483.3047
1553.6344
1667.8563
1872.1980
1601.7375
1354.0024
1501.8853
1675.5237
1573.9130
1594.6951
1630.5028
1731.0986
1675.5214
1825.8235
1667.8563
1471.1552
1799.0310
1731.0986
1495.6434
1706.8605
1637.8467
1747.6219
1764.4463
1615.9996
1764.4463
1862.7452
1667.8563
1755.9960
1747.6219
1764.4463
1691.0551
1652.7230
1567.0984
1807.8785
1706.8580
1667.8563
1872.1980
1706.8605
1731.0986
1660.2572
1790.2650
1739.3232
1623.2207
1764.4463
1731.0986
1683.2555
1790.2650
1731.0986
1755.9960
1623.2207
1764.4463
1772.9725
1951.2290
1675.5214
1706.8605
1781.5797
1834.9231
1698.9230
1844.1091
2025.7657
1790.2650
2129.9521
1465.1493
1807.8785
1993.1683
1807.8785
1608.8389
1881.7422
1807.8785
1881.7422
2048.0708
1844.1091
1816.8091
1630.5028
1920.8611
2129.9521
1881.7422
1764.4463
1764.4463
1930.8833
1920.8611
1825.8235
1731.0986
1755.9960
1781.5797
1920.8611
1920.8611
1872.1980
1891.3793
1844.1091
1930.8833
1872.1980
1930.8833
1790.2650
1844.1091
1881.7422
1781.5797
1807.8785
1910.9374
1816.8091
1853.3827
1755.9960
1862.7452
1891.3793
1920.8611
1816.8091
1772.9738
1781.5797
1698.9219
1816.8091
1910.9374
1930.8833
1941.0055
1834.9231
1799.0310
1881.7422
1891.3793
1920.8611
1781.5797
1816.8091
1951.2290
1901.1105
2285.8586
1844.1091
2166.9868
1881.7422
1901.1105
1881.7422
1799.0310
1971.9865
1951.2290
1971.9865
1941.0055
1951.2290
1881.7422
1891.3793
1951.2290
1901.1105
2179.6047
1881.7422
1862.7452
1920.8611
2014.7877
1910.9374
1825.8235
1930.8833
1910.9374
2036.8584
2154.5059
2025.7690
1901.1105
1982.5236
2014.7877
1930.8833
1901.1105
1910.9374
1910.9374
2014.7877
2059.3945
1825.8235
2082.4111
2070.8418
1993.1683
1834.9231
2811.7668
1982.5236
1993.1683
1891.3793
2059.3979
2105.9238
1982.5236
2129.9521
2070.8452
1982.5236
1971.9865
1825.8235
2129.9521
1982.5236
1764.4463
2231.5227
1881.7422
2082.4146
2299.8406
2059.3979
1910.9374
2179.6064
2154.5059
2082.4146
1920.8611
2142.1619
2117.8745
2129.9521
1941.0055
2082.4146
2082.4146
1971.9865
1920.8611
2244.8733
2048.0708
1901.1105
1982.5236
2082.4146
1853.3827
1920.8625
2166.9868
2299.8406
1891.3793
1971.9865
2094.1079
2014.7877
2154.5059
2059.3979
2117.8745
2179.6064
2014.7877
2548.1467
2299.8406
1941.0055
2094.1079
2129.9521
2094.1079
2059.3979
2070.8452
2154.5059
2179.6064
2117.8745
2129.9521
1993.1683
2142.1619
2142.1619
2082.4146
2082.4146
1993.1683
2117.8745
1982.5236
2082.4146
2145.1289
2142.1619
2094.1079
2105.9272
2117.8728
2082.4146
2129.9521
2059.3979
2258.3777
1881.7422
2166.9868
2036.8584
2205.2722
2218.3232
2129.9521
2036.8600
2179.6064
2205.2722
2218.3232
1910.9374
1834.9231
2036.8584
2094.1079
2117.8745
2142.1619
2048.0708
2218.3232
2272.0386
2244.8733
2117.8728
2117.8745
2313.9875
1891.3793
2070.8452
2166.9868
2179.6064
2192.3677
2059.3979
2205.2705
2192.3677
2299.8406
2179.6064
2244.8713
2205.2722
2258.3777
2105.9255
2272.0386
2465.2041
2272.0386
2402.4998
2218.3232
1993.1683
2117.8745
2299.8406
2272.0386
2402.4998
2258.3777
2258.3777
2433.4641
2711.8005
2387.2996
2258.3777
2129.9521
2299.8406
2244.8733
2231.5227
2166.9868
2059.3979
2313.9875
2192.3677
2313.9875
2179.6064
2272.0386
2272.0386
2299.8406
2372.2832
2514.3342
2231.5227
1891.3793
2299.8406
2244.8733
2514.3342
2070.8452
2285.8586
2231.5227
2465.2041
2449.2354
2342.7876
2059.3979
2531.1318
2313.9875
2636.6348
2231.5227
2244.8733
2272.0386
2514.3342
2299.8406
2299.8406
2299.8406
2531.1318
2244.8733
2402.4998
2258.3777
2117.8745
2244.8733
2166.9868
2244.8733
2129.9521
3212.1318
2285.8586
2465.2041
2299.8406
2417.8867
2218.3232
2357.4468
2036.8600
2750.9519
2711.8005
2328.3022
2417.8867
2387.2996
2342.7876
2481.3745
2618.4705
2357.4468
2387.2996
2531.1318
2244.8733
2372.2832
2582.8503
2514.3342
2313.9875
2433.4641
2548.1467
2417.8867
2449.2354
2313.9875
2313.9875
2357.4468
2328.3022
2048.0708
2433.4641
2372.2832
2402.4998
2417.8867
2497.7498
2417.8867
2387.2996
2402.4973
2272.0386
2387.2996
2402.4998
2417.8867
2655.0488
2272.0386
2417.8867
2417.8867
2402.4998
2548.1467
2417.8867
2465.2041
2285.8586
2166.9868
2094.1079
2357.4468
2465.2041
2497.7498
4051.6165
2497.7498
2218.3232
2328.3022
2357.4468
2465.2041
2481.3745
2531.1318
2465.2041
2417.8867
2313.9875
2231.5227
2853.7725
2465.2041
2875.2329
2811.7668
2328.3022
2129.9521
2342.7876
2853.7725
2342.7854
2387.2996
2449.2354
2402.4998
2328.3022
2531.1318
2514.3342
2465.2041
2433.4641
2711.8005
2514.3342
2433.4641
2402.4998
2853.7725
2387.2996
2481.3745
2272.0386
2449.2354
2514.3342
2548.1467
2711.8005
2433.4641
2618.4651
2313.9875
2655.0488
2328.3022
2692.6252
2582.8452
2514.3342
2582.8452
2548.1467
2465.2041
2770.9392
2582.8452
2328.3022
2357.4468
2402.4998
2711.8005
2600.5430
2548.1467
2711.8005
2179.6064
2875.2329
2465.2041
2600.5376
2548.1467
2433.4641
2497.7498
2417.8843
2618.4705
2731.2410
2025.7657
2750.9519
2481.3745
2465.2041
2711.8005
2548.1467
2433.4641
2514.3342
2750.9519
2449.2354
2514.3342
2582.8452
2514.3342
2433.4641
2731.2410
2565.3882
2600.5376
2402.4998
2711.8005
2582.8452
2565.3882
2272.0386
2791.2090
2548.1467
2166.9849
2433.4641
2731.2410
2449.2354
2565.3882
2465.2041
2636.6321
2770.9392
2417.8867
2731.2410
2497.7498
2548.1467
2582.8452
2342.7876
2811.7668
2582.8452
2618.4705
2791.2090
2731.2410
2548.1467
2387.2996
3185.5615
2059.3979
2497.7498
2832.6191
2531.1318
2673.7100
2811.7668
2600.5430
2750.9519
2417.8867
2430.4629
2481.3745
2711.8005
2636.6321
2514.3342
2636.6375
2600.5430
2647.3115
2750.9519
2731.2410
2600.5376
2711.8005
2465.2041
2791.2090
2481.3745
2565.3831
2618.4705
2673.7100
2565.3831
2600.5430
2481.3745
2402.4998
3568.1560
2481.3745
2832.6191
2853.7725
2711.8005
3159.4065
2673.7100
2811.7668
2600.5376
2402.4998
2832.6191
2618.4651
2711.8005
2372.2832
2618.4651
2548.1467
2402.4998
2433.4641
2514.3342
2417.8867
2372.2832
2636.6375
2618.4705
2166.9868
2531.1367
2299.8406
2618.4705
2357.4468
2750.9519
2791.2090
3635.0803
2387.2996
2497.7498
2465.2041
2673.7043
4320.5122
3669.4617
2481.3745
5174.5854
2655.0488
2692.6252
2692.6252
2548.1516
2285.8586
2497.7498
2531.1318
2770.9392
2636.6321
2313.9875
2600.5430
2987.3896
2548.1467
2600.5430
4916.1445
2433.4641
2548.1467
1891.3793
2465.2041
2875.2329
2449.2354
2417.8867
2673.7100
2481.3745
2565.3831
2372.2832
2582.8452
3010.8435
2313.9875
2285.8586
2417.8843
2636.6375
2582.8452
2548.1516
2449.2354
2481.3745
2636.6375
2548.1516
2565.3831
2059.3962
2582.8452
2231.5227
2600.5430
2565.3831
2514.3342
2497.7498
2600.5376
2342.7876
2514.3342
2342.7876
2897.0076
2565.3831
2600.5430
2692.6226
3185.5537
2673.7100
2402.4998
2548.1467
2636.6375
2497.7498
2832.6191
2600.5376
2402.4998
2600.5376
2449.2354
2548.1467
3108.3335
2299.8406
2514.3342
2372.2832
2582.8503
2600.5430
2565.3831
2387.2996
2166.9868
2417.8867
2514.3342
2244.8733
2832.6191
2449.2354
2372.2832
2299.8406
2497.7498
2449.2329
2548.1467
2514.3342
2636.6375
2655.0435
2465.2041
2372.2832
2299.8406
2531.1318
2313.9875
2299.8386
2711.7947
2449.2354
2565.3831
2548.1467
2600.5376
2342.7876
2387.2996
2750.9519
2582.8452
2258.3777
2636.6375
2328.3022
2449.2354
2481.3745
2244.8733
2582.8452
2449.2354
2565.3831
2673.7100
2531.1318
2244.8733
2497.7498
2497.7498
2272.0386
2357.4468
2497.7498
2357.4446
2731.2410
2129.9521
2244.8733
2272.0386
2117.8728
2205.2722
2258.3777
2387.2996
2285.8586
2565.3831
2417.8867
2481.3745
2600.5430
2449.2354
2531.1318
2497.7498
2433.4641
2285.8586
2465.2041
2285.8586
3185.5576
2313.9875
2342.7876
2129.9521
2514.3342
2357.4468
2129.9521
2582.8452
2231.5227
2433.4641
2285.8586
2258.3777
2272.0386
2387.2996
2565.3882
2636.6321
2299.8406
2481.3745
2465.2041
2285.8586
2402.4998
2272.0386
2342.7876
2497.7498
2244.8733
2328.3022
2548.1467
2244.8733
2299.8406
2258.3777
1772.9738
2313.9875
2402.4998
2258.3777
2402.4998
1781.5797
2387.2996
2402.4998
2372.2832
2179.6047
2129.9521
2342.7876
2244.8733
2342.7876
2285.8586
2003.9225
2372.2832
2531.1318
2514.3342
2342.7876
2299.8406
2272.0386
2342.7876
2449.2354
2636.6375
2357.4468
2342.7876
2328.3022
2313.9875
2600.5376
2465.2041
2402.4998
2299.8406
2328.3022
2205.2722
2105.9272
2832.6162
2129.9502
2299.8406
2342.7876
2205.2722
2244.8733
2094.1079
2231.5227
2372.2832
2299.8406
2105.9272
2372.2832
2205.2722
2285.8586
2036.8617
2342.7876
2531.1318
2313.9875
2094.1079
2342.7876
2417.8867
2218.3232
2244.8733
2105.9272
2272.0386
2105.9272
2342.7876
2129.9521
2258.3777
2497.7498
2357.4468
2600.5376
2285.8586
2218.3232
2192.3677
2166.9868
2142.1619
2231.5227
2059.3979
2600.5376
2105.9272
2313.9875
2244.8733
2313.9875
2154.5059
2272.0386
2272.0386
2166.9868
2142.1619
2048.0708
2272.0386
2272.0386
2192.3677
2117.8745
2094.1079
2070.8452
2129.9521
2059.3979
2105.9272
2036.8617
1993.1683
2465.2041
2244.8733
2059.3979
2070.8452
2231.5227
2179.6064
2218.3232
1951.2290
3133.6685
2105.9272
2117.8745
2285.8586
2059.3979
2372.2832
2070.8452
2059.3979
2231.5227
2129.9521
2258.3777
2094.1079
2154.5059
2218.3232
2231.5227
2142.1619
2179.6064
2129.9521
2244.8733
2082.4146
2272.0386
2048.0708
2003.9257
2272.0386
1790.2650
2154.5059
2117.8745
2129.9521
2105.9272
1951.2290
2142.1619
2036.8584
2082.4146
1951.2290
2129.9521
2059.3979
2117.8745
2094.1079
2094.1079
1891.3793
2142.1619
2036.8584
2003.9225
2014.7910
2025.7690
2142.1619
2014.7910
2036.8584
2070.8452
2059.3979
1853.3827
1891.3793
1834.9231
1971.9865
1961.5555
1901.1105
2105.9272
1971.9865
2231.5227
1920.8611
1853.3813
1993.1683
2070.8452
2094.1079
1799.0310
1747.6219
1941.0055
1951.2290
2372.2832
2059.3945
2082.4146
1951.2290
2272.0386
1881.7422
1982.5236
1951.2290
2179.6064
2025.7690
1982.5236
2094.1079
1930.8833
1881.7422
2025.7657
1772.9738
1910.9374
3740.1587
1910.9374
1961.5555
1901.1105
1872.1980
1961.5555
1706.8605
2094.1079
1930.8833
1881.7422
1825.8235
1920.8611
1910.9374
2166.9868
1881.7422
1920.8611
1901.1105
1961.5555
1993.1683
1951.2290
1807.8785
2025.7657
1901.1105
1764.4463
1910.9374
2003.9225
1872.1980
1807.8785
1807.8785
1667.8563
1891.3793
1920.8611
1872.1980
1853.3827
1706.8593
1910.9374
2105.9272
1941.0055
1580.7834
2117.8745
1807.8785
1891.3793
1920.8611
1772.9738
1891.3793
1772.9738
1747.6219
2192.3657
1982.5236
1790.2650
1971.9865
1739.3232
1807.8785
1816.8091
1901.1105
1807.8785
1764.4463
1971.9865
1722.9473
1660.2594
1333.6410
1799.0310
1615.9996
1683.2555
1675.5214
1772.9738
1722.9460
1667.8563
1764.4463
1755.9960
1844.1091
1645.2532
1683.2555
1594.6951
1764.4463
1683.2555
1218.2625
1645.2532
1764.4463
1772.9738
1799.0310
1447.4072
1764.4463
1667.8563
1667.8563
1683.2555
1731.0986
1722.9473
1920.8611
1645.2532
1667.8563
1418.7114
1807.8785
1652.7253
1615.9996
1853.3827
1667.8563
1660.2572
1477.2065
1881.7422
1567.0984
1608.8389
1660.2572
1594.6951
1308.9774
1645.2532
2154.5059
1731.0986
1645.2532
1567.0984
1652.7230
1645.2532
1691.0551
1533.8414
1772.9738
1608.8389
1630.5028
1615.9996
1567.0984
1413.1014
1637.8467
1424.3665
1514.5165
1706.8580
1553.6344
1587.7106
1553.6344
1477.2065
1424.3665
1567.0984
1553.6344
1615.9996
1594.6951
1594.6951
1501.8853
1553.6344
1573.9130
1477.2065
1623.2207
1553.6344
1459.1908
1520.9071
1465.1501
1424.3665
1430.0621
1391.0621
1489.4501
1514.5165
1495.6434
1435.8004
1514.5165
1508.1760
1483.3047
1369.6571
1623.2207
2070.8452
1520.9071
1489.4501
1459.1908
1527.3485
1447.4072
1435.8004
1328.6394
1308.9774
1435.8004
1441.5820
1495.6434
1483.3047
1391.0621
1354.0024
1435.8004
1453.2766
1407.5313
1514.5165
1424.3665
1413.0999
1430.0621
1465.1501
1374.9506
1280.4785
1465.1501
1441.5820
1413.0999
1354.0024
1343.7499
1471.1552
1308.9774
1338.6777
1385.6526
1424.3647
1391.0621
1359.1835
1418.7131
1594.6951
1407.5295
1424.3665
1527.3485
1280.4785
1266.6570
1333.6410
1441.5802
1328.6394
1289.8484
1343.7499
1289.8491
1280.4785
1354.0024
1338.6777
1328.6394
1348.8580
1285.1479
1275.8403
1333.6410
1396.5111
1248.6533
1323.6726
1248.6533
1304.1461
1435.8004
1239.8269
1413.1014
1226.8036
1299.3479
1313.8419
1280.4785
1218.2625
1333.6410
1235.4587
1235.4587
1289.8491
1338.6777
1275.8403
1280.4785
1253.1096
1289.8491
1177.1476
1185.1638
1185.1638
1201.5021
1177.1476
1231.1178
1214.0311
1165.3090
1185.1638
1218.2612
1081.3538
1109.2621
1177.1476
1333.6410
1231.1178
1131.0742
1084.7717
1218.2612
1157.5377
1266.6570
1138.5209
1149.8613
1185.1638
1105.7017
1120.0707
1116.4464
1088.2095
1138.5209
1109.2621
1127.3844
1116.4464
1127.3839
1109.2621
1157.5377
1177.1476
1084.7717
1177.1476
1181.1432
1109.2621
1095.1450
1201.5021
1112.8436
998.9263
1123.7167
1084.7717
1029.2303
1064.5560
959.1352
1001.8837
1032.3529
1248.6533
987.2559
978.6641
1074.5769
1016.9105
1045.0176
1035.4927
1032.3529
1074.5769
1074.5759
1023.0366
975.8303
1038.6500
1088.2095
1067.8772
1051.4568
975.8303
973.0113
945.6125
987.2559
924.6815
1016.9105
973.0113
959.1352
942.9495
1023.0366
935.0412
967.4175
945.6125
853.1313
945.6125
907.0423
932.4316
942.9495
945.6133
909.5249
948.2892
953.6847
914.5270
902.1135
942.9495
909.5249
927.2519
894.8102
970.2071
882.8717
871.2163
868.9183
940.3000
894.8102
953.6847
922.1238
823.0533
894.8102
757.3467
882.8717
937.6639
871.2163
864.3549
820.9773
840.0040
919.5789
846.5222
859.8342
855.3550
882.8717
844.3395
859.8342
820.9773
837.8512
837.8512
844.3395
814.8051
806.7030
840.0040
820.9773
844.3395
890.0002
808.7150
814.8051
785.1447
736.3350
835.7083
806.7030
764.5872
760.9517
762.7656
800.7200
764.5872
760.9517
732.9328
751.9954
762.7656
757.3467
719.5963
738.0466
729.5581
727.8810
636.9927
722.8902
721.2399
714.7045
714.7045
716.3286
709.8704
685.0296
685.0296
685.0296
726.2107
698.8117
706.6801
701.9404
731.2421
676.1027
686.5374
683.5276
651.8781
631.7251
667.3766
688.0510
664.5114
670.2634
673.1721
647.7592
663.0867
658.8445
639.6551
661.6674
634.3495
638.3215
623.9632
635.6687
616.3644
618.8797
636.9927
626.5323
625.2455
620.1439
615.1136
616.3646
642.3367
620.1439
595.6755
601.6357
593.3199
610.1531
594.4957
612.6247
553.4893
596.8597
586.3477
592.1480
584.0546
570.6118
567.3334
566.2477
548.3160
557.6874
555.5816
566.2477
559.8068
549.3440
550.3753
553.4893
550.3753
540.2075
537.2189
540.2075
508.7984
530.3527
521.7393
546.2697
523.6329
524.5841
511.5258
506.9936
513.3577
492.9313
496.3856
508.7984
499.8802
499.0027
499.0027
501.6429
488.6697
492.9315
494.6535
469.0374
479.5059
481.1507
469.8292
493.7912
473.0186
463.5556
465.1111
460.4704
444.8113
462.7811
447.7261
455.1517
444.8113
448.4597
443.3654
446.9945
433.4557
437.6581
439.0737
428.6352
440.4967
424.5721
387.7111
427.2739
424.5721
423.2316
410.1937
411.4681
419.9099
403.9155
407.0352
400.8340
410.8301
372.5165
380.8391
390.6328
342.8768
385.9748
385.3987
385.9748
380.2751
379.1512
369.8060
378.0325
374.7076
369.8060
371.4285
365.0046
365.0046
374.7076
361.8579
357.2169
358.2401
300.8276
351.1718
356.7069
346.2552
347.7189
349.1922
347.7189
335.3437
339.5492
338.6076
335.8069
328.5103
333.9596
336.2712
315.4676
331.6722
320.5883
322.3233
309.6490
312.1226
308.0163
308.4232
312.9538
302.4031
305.5916
303.9911
301.2203
304.7898
300.0445
294.6469
295.0276
295.0276
292.3781
288.6541
290.8799
287.9177
285.3623
284.6383
279.9983
279.2944
281.4140
284.6383
275.8135
273.0744
272.0576
268.7075
265.4174
272.3959
264.1177
268.3759
259.0102
263.1490
260.2736
253.1279
255.2725
252.5200
251.9141
250.1088
248.3220
249.8098
247.7305
246.8469
245.3841
243.3569
240.5019
237.6940
236.3073
237.1380
233.0253
240.7853
234.3849
234.9319
229.8067
231.6766
227.6954
226.6498
225.6109
220.2631
223.2972
223.5526
217.5314
214.3625
211.2562
217.5314
211.0198
213.6401
208.9083
205.2243
207.7475
209.1415
207.0552
202.9661
202.0722
201.6272
200.7411
196.8174
194.6814
193.8356
193.2045
188.8611
189.8835
188.6575
190.5005
186.0363
185.8367
185.4382
181.7073
185.0408
183.2663
179.7826
180.7416
172.3398
173.0662
173.7965
173.9797
173.7965
170.7194
170.1835
168.5887
167.8858
165.6268
165.9719
162.3930
162.5612
159.0729
159.5655
160.3908
156.6374
153.3037
154.5634
152.9907
152.3671
151.5918
150.8213
150.5144
149.4462
148.6888
144.5307
145.8520
143.5128
142.5034
139.6648
140.6507
136.7550
140.2272
134.5849
133.7814
133.9149
133.2488
132.5864
130.2326
132.1907
127.9259
128.9454
128.3071
125.7895
126.4137
125.2926
123.5706
123.0834
121.5146
120.9171
119.2611
120.0860
117.3986
115.9085
114.6636
115.6811
114.7761
113.2106
112.3262
110.1469
110.3629
108.9673
108.7543
106.6474
106.6474
104.7872
104.8897
103.7682
99.8891
100.5744
101.2645
99.1115
99.3053
94.9409
97.8608
96.5314
95.2197
95.0338
93.7419
92.1961
92.6482
92.1961
90.3203
90.7636
89.6153
88.6544
88.6544
87.0174
86.1671
85.3246
84.7394
84.6561
83.7446
82.5162
80.9836
84.0750
83.6622
84.2407
85.3246
86.1671
88.2208
89.8790
91.7461
93.2847
94.0173
95.8734
97.4792
99.1115
100.0844
102.9603
103.5656
105.9200
107.3800
108.7543
110.3629
112.9888
112.8781
116.1365
117.0529
119.7317
120.7980
121.9950
123.2050
124.6746
127.0413
128.0529
131.9277
133.5148
133.5148
134.7194
136.7550
138.1317
141.0757
141.7874
144.2390
146.8896
144.8231
148.6888
151.1290
152.0564
152.8345
155.3571
154.5634
159.5655
159.7301
163.0672
163.7449
167.1867
168.5887
169.4724
170.1835
173.7965
173.2484
172.3398
188.6575
179.0201
182.4846
185.0408
184.6445
186.6370
191.5345
192.1585
191.3271
194.2579
195.7455
198.7664
200.5204
199.2029
203.4151
205.2243
208.9083
208.9083
211.7301
214.3625
213.8805
216.0609
217.5314
225.8700
220.5137
225.8700
226.3893
227.4333
232.4845
230.6055
234.3849
228.7477
243.0693
238.2519
239.0922
243.0693
243.3569
246.5533
241.3534
251.6119
253.4327
256.5097
257.4432
250.4084
259.9569
263.4713
262.5061
267.0551
267.3844
272.3959
273.0744
273.4146
276.8510
280.7049
283.1986
288.2855
285.7253
286.0890
288.6541
292.0024
290.5072
295.4091
300.4355
300.8276
300.4355
302.7990
301.2203
307.2049
310.4702
315.8895
312.9538
320.5883
321.0207
321.8882
322.7593
326.7242
325.8366
331.6722
336.7365
335.8069
334.8813
340.0215
334.4200
333.5002
342.8768
346.2552
348.2089
347.7189
351.6695
353.6710
360.8185
359.7837
364.4772
359.7837
368.7305
369.2676
373.0623
379.1512
381.4043
381.4043
383.6787
378.5912
392.9955
391.8113
383.1081
388.2927
397.1855
381.9709
400.2222
412.1078
410.8301
402.6783
414.0363
410.8301
419.9099
419.9101
424.5721
432.7617
431.3791
427.9536
434.8492
355.6905
444.8113
446.2648
452.9030
446.9947
463.5556
469.0374
464.3323
468.2477
469.0374
474.6268
473.8216
486.1419
468.2477
483.6358
538.2120
473.8216
493.7912
504.3064
497.2554
498.1277
512.4404
513.3577
513.3580
521.7393
521.7393
529.3839
529.3839
530.3527
539.2081
534.2580
506.0952
548.3160
532.2993
545.2513
550.3753
542.2155
555.5816
566.2477
555.5816
560.8716
560.8716
569.5155
582.9139
589.8162
599.2392
639.6551
577.2666
578.3884
594.4957
587.5001
576.1483
621.4126
588.6561
622.6857
599.2392
600.4354
623.9634
627.8235
615.1136
618.8795
622.6857
626.5323
617.6199
630.4200
638.3215
640.9935
647.7592
636.9927
650.4996
657.4409
683.5276
650.5001
650.5001
657.4409
654.6492
671.7150
664.5114
654.6492
673.1721
660.2533
663.0867
683.5276
694.1642
677.5764
689.5705
829.3377
694.1642
703.5139
706.6801
717.9592
713.0869
726.2107
716.3286
729.5581
719.5963
750.2265
732.9328
757.3467
732.9328
757.3467
743.2235
757.3467
787.0621
698.8117
862.0892
760.9517
744.9634
796.7750
790.9219
744.9634
818.9106
760.9517
792.8644
759.1454
806.7030
777.5570
788.9878
804.6999
804.6999
833.5751
825.1386
820.9773
820.9773
825.1386
844.3395
818.9106
859.8342
855.3550
887.6125
862.0892
840.0040
892.3994
855.3557
890.0002
894.8102
892.3994
973.0113
892.3994
894.8102
914.5270
894.8102
864.3549
871.2163
887.6125
950.9804
892.3994
907.0423
929.8353
937.6639
887.6122
935.0412
935.0412
950.9796
914.5270
922.1238
937.6639
942.9495
937.6639
924.6815
862.0892
940.3000
948.2892
1007.8456
967.4175
935.0412
1120.0707
945.6125
959.1352
1010.8509
964.6423
984.3768
978.6641
1026.1250
995.9856
964.6423
1026.1250
967.4175
1019.9652
967.4175
935.0412
1041.8250
1205.6519
1032.3529
1041.8250
1032.3529
1007.8456
1054.7037
1023.0366
1035.4927
1010.8509
1029.2303
1045.0176
1048.2281
1081.3538
1026.1250
1134.7864
1064.5551
1026.1250
1138.5209
1074.5769
1112.8436
1112.8436
1116.4464
1088.2095
1081.3538
1120.0707
1088.2095
1153.6877
1098.6433
1095.1450
1077.9556
1127.3844
1127.3844
1095.1450
1138.5209
1131.0742
1142.2781
1173.1769
1127.3844
914.5270
1165.3090
1138.5209
1253.1096
1127.3844
1189.2098
1197.3788
1131.0742
1222.5199
1226.8036
1253.1096
1177.1476
1138.5209
1253.1096
1153.6877
1257.5955
1016.9105
1253.1096
1244.2262
1181.1432
1067.8772
1193.2814
1222.5199
1231.1178
1235.4587
1253.1096
1231.1178
1197.3788
1226.8042
1181.1432
1266.6570
1239.8281
1077.9556
1333.6410
1313.8419
1161.4114
1262.1112
1289.8491
1266.6570
1289.8491
1285.1479
1343.7499
1275.8403
1338.6777
1328.6394
1257.5955
1271.2333
1328.6394
1271.2333
1285.1479
1266.6570
1364.4016
1239.8281
1308.9774
1338.6777
1333.6410
1289.8491
1299.3479
1323.6726
1318.7402
1308.9774
1354.0024
1424.3665
1323.6726
1418.7114
1343.7499
1308.9774
1308.9774
1333.6410
1333.6410
1380.2822
1359.1835
1402.0001
1364.4016
1453.2766
1338.6777
1338.6777
1413.1014
1004.8566
1501.8853
1413.1014
1364.4016
1380.2822
1369.6571
1407.5295
1430.0621
1338.6777
1354.0024
1489.4501
1540.3862
1308.9767
1407.5313
1459.1908
1430.0621
1418.7114
1447.4072
1413.1014
1407.5313
1418.7114
1364.4016
1369.6571
1441.5820
1396.5111
1447.4072
1430.0621
1413.1014
1391.0621
1359.1835
1447.4072
1323.6726
1533.8414
1424.3665
1587.7106
1453.2766
1527.3485
1508.1760
1580.7834
1413.0999
1424.3665
1495.6434
1533.8414
1594.6951
1630.5039
1441.5820
1501.8853
1489.4501
1553.6334
1560.3391
1407.5295
1508.1760
1580.7834
1540.3862
1527.3485
1477.2065
1615.9996
1623.2207
1489.4501
1527.3485
1587.7106
1540.3862
1601.7375
1546.9836
1573.9130
1567.0984
1553.6344
1652.7230
1660.2572
1601.7375
1683.2532
1623.2207
1514.5165
1630.5028
1587.7106
1560.3391
1608.8389
1501.8853
1645.2532
1675.5237
1739.3232
1660.2572
1630.5028
1683.2555
1553.6344
1660.2572
1731.0986
1722.9473
1667.8563
1637.8467
1553.6344
1755.9960
1652.7230
1747.6219
1645.2532
1691.0551
1601.7375
1731.0974
2636.6375
1790.2650
1747.6219
1714.8682
1637.8467
1930.8833
1652.7230
1435.8004
1764.4463
1971.9865
1764.4463
1731.0986
1853.3827
1652.7230
1660.2594
1691.0538
1747.6219
1714.8682
1790.2650
1747.6219
1714.8682
1872.1980
1790.2650
1615.9996
1816.8091
1747.6219
1764.4463
1652.7230
1739.3232
1616.0007
1739.3232
2048.0708
1781.5797
1645.2532
1764.4463
1834.9231
1816.8077
1799.0310
1601.7375
1853.3827
1781.5797
1790.2650
1764.4463
1660.2572
1731.0986
1825.8235
1816.8091
1772.9738
1844.1091
1834.9231
1816.8091
1747.6219
1834.9231
1807.8785
1816.8077
1872.1980
1781.5797
1951.2290
1816.8091
2036.8584
1825.8235
1825.8235
1465.1501
1844.1091
1930.8833
1652.7230
1910.9374
1853.3827
1807.8785
1772.9738
1755.9960
1834.9231
1930.8833
1941.0055
1834.9231
1971.9865
1881.7422
1825.8235
1891.3793
1910.9374
1982.5236
1872.1980
1920.8611
1901.1105
1951.2290
1920.8611
1920.8611
1901.1105
1772.9738
1853.3827
1714.8682
1872.1980
1901.1105
1834.9231
1951.2290
1993.1683
1920.8611
1844.1091
1920.8611
2105.9272
1910.9374
2036.8584
1941.0055
1881.7422
2142.1619
1891.3793
1930.8833
2025.7657
2548.1467
2048.0674
2003.9225
1930.8833
1881.7422
1982.5236
1901.1105
1941.0055
2142.1619
1881.7408
2082.4146
1930.8833
2036.8617
1901.1105
1891.3793
1971.9865
2179.6064
1971.9865
2082.4146
2036.8584
2105.9272
1901.1105
1816.8091
2154.5059
1982.5236
1807.8773
2205.2722
1920.8611
1982.5236
2059.3979
1930.8833
2014.7910
1901.1105
1941.0055
2531.1318
1834.9231
2117.8745
1971.9865
2142.1619
2025.7690
2070.8452
1971.9865
2003.9225
2036.8584
1920.8611
1993.1683
1755.9960
2231.5227
1993.1683
1941.0055
1891.3793
2299.8386
2129.9521
2036.8584
2342.7876
2003.9225
1951.2290
1920.8611
1910.9374
2094.1079
2048.0708
2014.7877
2117.8745
2070.8452
2231.5227
2036.8584
2142.1619
2025.7657
2082.4146
1951.2290
2003.9225
1941.0055
2059.3979
1982.5236
2129.9521
1941.0055
1941.0055
2166.9868
2025.7657
2313.9875
1501.8853
2372.2832
2258.3777
2313.9875
2094.1079
2357.4468
2048.0708
2048.0674
2142.1619
1920.8611
2387.2996
1951.2290
2142.1619
2082.4146
2059.3979
2313.9875
1982.5236
2357.4468
2313.9875
2059.3979
3669.4617
2117.8745
2205.2722
2372.2832
2059.3979
2258.3777
2328.3022
1961.5555
2299.8406
2285.8586
2179.6064
2117.8728
2272.0386
2231.5227
2231.5227
2014.7877
2285.8586
2372.2832
1844.1091
2205.2722
2192.3677
2003.9225
2179.6064
2192.3657
2129.9521
2299.8406
2372.2832
2258.3777
2205.2722
2285.8586
1825.8235
2272.0386
2025.7657
2105.9272
2357.4468
2465.2041
2154.5059
2387.2996
2244.8733
2244.8733
2205.2722
1844.1091
2205.2722
2387.2996
1971.9865
2129.9502
2244.8733
2244.8733
2059.3979
2205.2722
2272.0386
2129.9521
2328.3022
2244.8733
2048.0708
2328.3022
2313.9875
2179.6064
3410.9097
2770.9363
1993.1683
2025.7657
2070.8452
2299.8406
2285.8586
2166.9868
2205.2722
2231.5227
2313.9875
2258.3777
2328.3022
2313.9875
2105.9272
2142.1619
2272.0386
2231.5227
2025.7657
2313.9875
2342.7876
2272.0386
2481.3745
2192.3677
2205.2722
2372.2832
2142.1619
2272.0386
2025.7657
1853.3827
2094.1062
2531.1318
2258.3777
2531.1318
2299.8406
2299.8406
2272.0386
2244.8733
2342.7876
2258.3777
2272.0386
2205.2722
2313.9875
2059.3979
1764.4463
2059.3945
2285.8586
2142.1619
2231.5227
2402.4998
2875.2329
2514.3342
2313.9875
2402.4998
2342.7876
2179.6064
2231.5227
2105.9272
2285.8586
2387.2996
2328.3022
2582.8452
2244.8733
2402.4998
2497.7498
2313.9875
2142.1619
2372.2832
2548.1467
2357.4468
2465.2041
2853.7725
2565.3831
2258.3777
2417.8867
2449.2354
2082.4146
2342.7876
2328.3022
2497.7498
2465.2041
2514.3342
2417.8867
2853.7725
2433.4641
2582.8452
2548.1467
2387.2996
2105.9272
2636.6321
2313.9875
2750.9519
2218.3232
2433.4641
2600.5376
2328.3022
2285.8586
2449.2354
2328.3022
2433.4641
2372.2832
2059.3979
2433.4641
2328.3022
2673.7100
1683.2555
2387.2996
2636.6375
2342.7876
2417.8867
2618.4651
2433.4641
2497.7498
2582.8452
2497.7498
2449.2354
2811.7668
2618.4651
2402.4998
2328.3022
2244.8733
2372.2832
2465.2041
2449.2354
2299.8406
2497.7498
2372.2832
2600.5430
2481.3745
2328.3022
2791.2090
2433.4641
2328.3022
2465.2041
2449.2354
2897.0076
2465.2041
2387.2996
2372.2832
2618.4705
2313.9875
2372.2832
2875.2297
2582.8452
2465.2041
2258.3777
2481.3745
2481.3745
2655.0488
2655.0488
2565.3882
2618.4651
2465.2041
2313.9875
2514.3342
2692.6252
2342.7876
2636.6375
2433.4641
2481.3745
2832.6191
2618.4705
2449.2354
2433.4641
2433.4641
2600.5430
2964.2869
2449.2354
2791.2090
2299.8406
2497.7498
2565.3831
2231.5227
2618.4705
2582.8452
1901.1105
2897.0076
2618.4651
2328.3022
2387.2974
2433.4641
2449.2354
2481.3745
2731.2410
2673.7100
2481.3745
2565.3831
2731.2410
2582.8452
2636.6375
2832.6191
2673.7100
2417.8867
2497.7498
2342.7876
2964.2869
2636.6375
2875.2329
2449.2354
2465.2041
2618.4705
2600.5376
2465.2041
2497.7498
2179.6064
2548.1467
2618.4705
2465.2041
2853.7725
2964.2869
2417.8867
2832.6191
2514.3342
2750.9519
2548.1467
2711.8005
2285.8606
2531.1318
2582.8503
2853.7725
2770.9392
2433.4641
2832.6191
2531.1318
2964.2869
2582.8452
2618.4705
2731.2410
2655.0488
2481.3745
2481.3745
2636.6375
2342.7876
2832.6191
2832.6191
2636.6375
3058.8364
2582.8452
2832.6191
2548.1467
2811.7668
2655.0488
2875.2329
1652.7230
2655.0488
2582.8503
2548.1467
2582.8452
2811.7668
2565.3831
2692.6252
2731.2410
2655.0488
2853.7725
2636.6375
2618.4705
2372.2832
2417.8867
2811.7668
2514.3342
2497.7498
2750.9519
2636.6375
2692.6252
2548.1467
2514.3342
2987.3896
2531.1318
2497.7498
2497.7498
2964.2869
3212.1318
2618.4651
2582.8503
2853.7725
3635.0754
2770.9392
2660.3022
2655.0488
2600.5430
2449.2354
2531.1318
3503.5969
2964.2869
2791.2090
2791.2090
2853.7725
2636.6321
2514.3342
1453.2766
2600.5430
2636.6375
2673.7100
2770.9392
2636.6375
2565.3831
2811.7668
2548.1467
2711.8005
2711.8005
2791.2090
2655.0461
2548.1467
2832.6191
2618.4705
2357.4468
2750.9519
2711.8005
2481.3770
2731.2410
2582.8452
2618.4705
2731.2410
2548.1467
2402.4998
2750.9519
4051.6165
2082.4146
2711.8005
2692.6252
2514.3342
2731.2410
2565.3831
2357.4446
2750.9519
2731.2410
2179.6064
2750.9519
2731.2410
2811.7668
2565.3831
2565.3831
2832.6191
2531.1318
2791.2090
2328.3022
2531.1318
2465.2041
2832.6191
2770.9392
2897.0076
2897.0076
2636.6321
2531.1318
2811.7668
2285.8586
2372.2832
2673.7100
2655.0488
4137.5386
2565.3831
2142.1619
2531.1318
2481.3745
2832.6191
2514.3342
2531.1318
2548.1467
2919.1033
2750.9519
2750.9519
2582.8452
2497.7498
2357.4468
2791.2090
2465.2041
2600.5376
2832.6191
2582.8452
2600.5376
2636.6375
2497.7498
2531.1318
2548.1467
2531.1318
2417.8867
2497.7498
2636.6375
1930.8833
2582.8452
2618.4705
2548.1467
2465.2041
2600.5376
2811.7668
2514.3342
2832.6191
2481.3745
2600.5430
2811.7668
2565.3831
3058.8364
2582.8452
2433.4641
2514.3342
2618.4651
2372.2832
2565.3831
2531.1318
2372.2832
2449.2354
2618.4651
2372.2832
2449.2354
2465.2041
2449.2354
2285.8586
2497.7498
2711.8005
2548.1467
1248.6533
2582.8452
2313.9875
2142.1619
2129.9521
2514.3342
2600.5376
2433.4641
2897.0076
2166.9868
2811.7668
2600.5376
2582.8503
2036.8584
2731.2410
2372.2832
2514.3342
2770.9392
2449.2354
2514.3342
2328.3022
2565.3831
2811.7668
2497.7498
2465.2041
2258.3777
2600.5376
2357.4468
2600.5376
2449.2354
2272.0386
2272.0386
2237.6636
2299.8406
2258.3777
2600.5376
2481.3745
1951.2290
2497.7498
2548.1467
2372.2832
2402.4998
2582.8452
4137.5386
2272.0386
2105.9272
2244.8733
2417.8867
2430.4629
2402.4998
2497.7498
3010.8435
2299.8406
2731.2351
2770.9392
2402.4998
2299.8406
2402.4998
2477.3955
2520.5122
2548.1467
2285.8586
2258.3777
2433.4641
2258.3777
2285.8586
2372.2832
2465.2041
2514.3342
2449.2354
2531.1318
2465.2041
2449.2354
2514.3342
2218.3213
2179.6064
2244.8733
2328.3022
2342.7876
2565.3831
2205.2722
2205.2722
2258.3777
2372.2832
2328.3022
2205.2722
2417.8867
2402.4998
2258.3777
2357.4468
3266.5908
2272.0386
2258.3777
2342.7876
2313.9875
2166.9868
2497.7498
2299.8406
2402.4998
2402.4998
2258.3777
2481.3745
2372.2832
2372.2832
2372.2832
2244.8733
2231.5227
2218.3232
2313.9875
2192.3677
2272.0386
2372.2832
2313.9875
2272.0386
2272.0386
2514.3342
2465.2041
2192.3677
2166.9868
2258.3777
2514.3342
2192.3677
2285.8586
1623.2207
2285.8586
2218.3232
2142.1619
2299.8406
2618.4651
2313.9875
2582.8452
2142.1619
2117.8745
2244.8733
2218.3232
2342.7876
1520.9071
2272.0386
2192.3677
2433.4641
2070.8452
2070.8418
2258.3777
2094.1079
2003.9257
2218.3232
2342.7876
2218.3232
2154.5059
2342.7876
2342.7876
2417.8867
2218.3232
2082.4146
2465.2041
2272.0386
2285.8586
2205.2722
2142.1619
2328.3022
2205.2705
2299.8406
2342.7876
2059.3979
2272.0386
2014.7893
2244.8733
2117.8745
2285.8586
2299.8406
2299.8406
2299.8406
2094.1079
2179.6064
2231.5227
2105.9272
2117.8745
2258.3777
2272.0386
2272.0386
2231.5227
2244.8713
1993.1699
2205.2722
2205.2722
2231.5227
2166.9868
2218.3232
2205.2722
2299.8386
2036.8584
2179.6064
1667.8563
2231.5227
2048.0708
2094.1079
2048.0708
1982.5236
2179.6064
2258.3777
2154.5059
2025.7690
1971.9865
1941.0055
3083.3926
2070.8452
2154.5059
2218.3232
2105.9272
1982.5236
2231.5227
2014.7877
2117.8745
1993.1683
1982.5236
2014.7877
2154.5059
2048.0708
2003.9257
2025.7690
2059.3979
2025.7657
2082.4146
2117.8745
1881.7422
1872.1980
2117.8745
2272.0386
1993.1683
2154.5059
1951.2290
1961.5555
2258.3777
1993.1683
1971.9865
2014.7877
1941.0055
2192.3677
2142.1619
2070.8452
2192.3677
2036.8584
1961.5555
2082.4146
2003.9225
2070.8452
1799.0310
1430.0621
1961.5555
1891.3793
1901.1105
1961.5555
1993.1683
1971.9865
1910.9374
2070.8452
2048.0708
1910.9374
1971.9865
2003.9225
1930.8833
2070.8452
1971.9865
2192.3677
2014.7877
1910.9374
1920.8611
2003.9225
1755.9960
1920.8611
2154.5059
1825.8235
1872.1980
1573.9130
1951.2290
1961.5555
1941.0055
1930.8833
1930.8833
1834.9231
1910.9374
1920.8611
1910.9374
1853.3827
1853.3813
1853.3827
1951.2290
1941.0055
1881.7422
1816.8091
1844.1091
1781.5797
1816.8077
1901.1105
1872.1980
1731.0986
1722.9473
1901.1105
1901.1105
1764.4463
1862.7452
1920.8611
1453.2766
1853.3827
1872.1980
1901.1105
1714.8682
1971.9865
1772.9738
1834.9231
1799.0310
1706.8593
1739.3232
1816.8091
1910.9374
1755.9960
1891.3793
1731.0986
1891.3778
1772.9738
1747.6219
1527.3485
1645.2532
1714.8682
1683.2532
1799.0310
1799.0310
1755.9960
1772.9738
1881.7422
1772.9738
1615.9996
1816.8091
1722.9473
1573.9130
2192.3677
1501.8853
1722.9473
1862.7452
1652.7230
1587.7106
1652.7230
1652.7230
1546.9836
1675.5214
1683.2532
1645.2532
1652.7230
1862.7452
1615.9996
1623.2207
1930.8833
1747.6219
1637.8467
1825.8235
1755.9960
1683.2555
1675.5214
1747.6219
1799.0310
1608.8389
1714.8682
1514.5165
1567.0984
1722.9473
1755.9960
1660.2572
1623.2207
1573.9130
1533.8414
1691.0551
1594.6951
1508.1760
1495.6434
1630.5028
1630.5028
1637.8467
1608.8389
1764.4463
1587.7106
1623.2207
1471.1552
1594.6951
1567.0984
1553.6344
1608.8389
1580.7834
1553.6344
1546.9836
1553.6344
1587.7106
1560.3391
1675.5237
1453.2766
1623.2218
1514.5165
1553.6344
1601.7375
1477.2065
1343.7499
1587.7106
1453.2766
1540.3862
1553.6344
1533.8414
1483.3047
1567.0984
1447.4072
1435.8004
1739.3232
1477.2065
1533.8414
1413.0999
1540.3862
1514.5165
1430.0621
1477.2065
1623.2218
1483.3047
1413.1014
1396.5111
1413.0999
1304.1461
1424.3665
1418.7131
1407.5295
1441.5820
1477.2065
1453.2766
1343.7499
1402.0018
1407.5295
1396.5111
1453.2766
1540.3862
1369.6571
1391.0621
1413.1014
1374.9506
1402.0001
1418.7131
1477.2065
1424.3665
1323.6726
1630.5028
1424.3665
1453.2766
1359.1835
1402.0001
1359.1835
1453.2758
1465.1501
1328.6394
1396.5128
1413.1014
1333.6410
1380.2822
1374.9506
1299.3479
1380.2822
1396.5111
1380.2822
1359.1835
1299.3479
1333.6410
1318.7402
1067.8772
1338.6777
1338.6777
1348.8580
1275.8403
1193.2814
1275.8403
1271.2333
1304.1461
1280.4785
1289.8491
1266.6570
1304.1454
1285.1479
1289.8491
1323.6726
1262.1112
1271.2333
1231.1178
1248.6533
1222.5192
1402.0001
1197.3788
1262.1112
1197.3788
1304.1461
1181.1438
1209.8280
1185.1638
1231.1178
1189.2098
1205.6519
1142.2781
1253.1096
1209.8280
1209.8280
1214.0311
1239.8281
1185.1638
1146.0582
1209.8280
1181.1432
1123.7167
1169.2307
1226.8048
1091.6671
1157.5377
1201.5021
1161.4114
1231.1165
1134.7864
1138.5209
1262.1112
1134.7864
1185.1638
1189.2098
1177.1476
1177.1476
1181.1432
1109.2621
1029.2303
1189.2098
1177.1476
1081.3538
1123.7167
1193.2814
1081.3538
1088.2095
1138.5209
1051.4568
1116.4464
1074.5759
1088.2095
1051.4568
1088.2095
1077.9556
1088.2095
1084.7717
1032.3529
1095.1450
1067.8762
1081.3528
1074.5759
1051.4568
1007.8456
1026.1250
1077.9546
1054.7037
1029.2303
1045.0176
995.9856
1032.3529
1023.0366
1057.9689
1026.1250
953.6847
975.8303
993.0602
945.6125
995.9856
1131.0742
978.6641
973.0113
967.4175
967.4175
998.9268
1007.8456
940.3000
967.4175
973.0113
935.0412
917.0467
940.3000
932.4316
961.8816
929.8353
922.1238
904.5719
924.6815
927.2519
922.1238
909.5249
871.2163
909.5249
890.0002
840.0043
875.8452
857.5897
899.6672
927.2519
859.8342
907.0423
880.5183
922.1238
885.2364
897.2328
866.6312
848.7150
873.5253
835.7083
1029.2303
837.8512
855.3557
846.5228
859.8342
848.7150
924.6815
825.1386
820.9773
859.8342
814.8051
816.8530
823.0533
816.8533
806.7030
850.9181
825.1386
798.7432
792.8644
802.7056
788.9878
796.7750
792.8644
790.9219
762.7656
744.9634
759.1454
764.5872
746.7105
759.1454
753.7717
757.3467
738.0466
741.4908
744.9634
734.6304
750.2265
727.8810
717.9592
701.9406
732.9328
734.6304
682.0312
734.6304
724.5471
705.0937
705.0937
682.0312
700.3730
685.0296
692.6271
705.0937
700.3730
694.1642
680.5406
686.5374
679.0557
667.3766
692.6271
651.8781
673.1721
683.5276
653.2611
656.0425
654.6492
657.4409
660.2533
646.3963
674.6346
649.1267
627.8235
631.7251
651.8781
642.3367
590.9801
600.4356
605.2607
616.3646
617.6199
600.4356
615.1136
601.6357
615.1136
599.2396
599.2396
635.6687
578.3885
634.3495
589.8162
585.1992
576.1483
594.4957
561.9399
569.5155
573.9229
586.3477
579.5143
563.0116
575.0338
557.6874
548.3160
533.2771
550.3753
557.6874
532.2993
540.2075
539.2081
529.3839
512.4404
497.2554
525.5382
509.7049
526.4952
517.9861
517.9861
528.4180
522.6846
512.4404
503.4159
502.5281
505.1995
495.5183
488.6697
496.3856
492.9315
496.3856
480.3271
489.5172
488.6697
470.6232
455.9052
462.7811
464.3323
467.4603
481.1510
495.5183
465.1111
449.1952
449.9330
439.7843
462.0088
439.7843
447.7261
437.6581
447.7261
447.7261
425.2448
425.9195
437.6581
425.9195
426.5958
417.9372
425.2450
425.2450
419.2507
426.5958
405.7827
414.6823
407.6637
403.2961
400.8340
397.1854
403.9155
398.3958
375.2586
395.3812
391.2213
387.1310
380.8391
383.1081
384.8240
376.3643
361.3376
370.8864
375.8108
391.8113
364.4772
362.3794
362.3794
360.8185
355.1840
352.6680
357.2169
336.2712
353.1689
353.1689
351.1718
344.8010
340.4948
341.4445
337.2028
332.5842
331.6722
323.1962
340.9692
325.8366
336.7365
328.0623
320.1567
323.1962
313.3706
321.8882
303.9911
313.7883
310.8820
302.4031
306.8004
302.0081
300.0445
300.0444
298.4872
294.6469
295.0276
292.3781
291.2534
292.0024
287.5506
283.1986
284.6383
283.9171
283.9171
275.8135
274.7816
275.8135
272.3959
272.0576
268.0448
270.0402
271.3826
266.0707
264.7664
262.8272
256.1996
262.8272
262.8272
257.4432
251.9141
257.1315
251.6119
250.4084
250.4084
242.7821
243.0693
243.9337
243.0693
242.7821
239.3732
239.0922
234.9319
237.6940
233.5678
234.9319
227.9578
236.0314
233.5678
226.3894
228.2207
225.6109
226.6498
222.7875
219.2643
219.5134
217.7778
214.3625
216.3051
212.9211
210.0778
211.0198
210.7838
211.4930
207.5164
205.2243
203.8653
200.7411
201.4052
202.7421
199.2029
197.2483
197.4642
191.7422
193.8356
192.5760
191.1200
190.0889
187.2401
191.1200
188.6575
183.2663
183.8553
179.7826
183.2663
165.1109
179.9739
178.6404
178.0727
173.0662
173.0662
171.9780
170.7194
170.7194
170.5405
168.9414
165.1109
164.4262
165.1109
162.8983
160.0601
161.0548
157.9306
157.9306
157.2824
157.2824
154.5634
152.3671
153.1471
150.9750
149.5983
147.9359
147.6361
145.9997
147.0385
144.8231
145.1162
142.6471
139.6648
140.5094
138.1317
136.3450
135.9365
135.6650
133.9150
132.5864
133.7814
132.1907
131.4035
130.7515
127.9259
128.5620
127.2934
125.1687
124.1825
125.6650
122.9619
123.6927
120.0860
117.3987
118.4424
117.6297
115.9085
115.7948
115.9085
113.8787
113.6556
111.6677
112.6570
110.7960
109.0740
107.1701
107.4850
106.8562
107.3800
105.9200
102.3585
103.4645
100.4762
100.9681
99.0148
98.2440
98.7250
96.1548
96.9094
95.2197
95.4993
93.4673
94.3857
92.0159
91.7461
90.6747
89.9671
89.0899
89.0026
87.7031
87.0174
87.2739
86.4214
85.3246
84.4066
84.9062
84.4897
82.9239
81.4648
81.1437
80.7439
80.5049
