121.8747
121.7545
124.3053
128.5620
129.9740
130.6215
132.8509
137.3038
140.3682
140.9339
140.6507
143.2235
146.2956
145.9997
148.3871
151.5918
152.9907
155.0391
158.7455
157.9306
160.5565
161.5550
165.1109
164.9394
168.5886
172.1588
171.9780
171.2573
179.4008
178.6403
182.6797
184.0522
185.8366
187.8459
191.3271
193.6249
195.3190
197.6805
199.6408
199.8602
200.3000
202.5184
205.2243
207.7475
203.6401
216.0609
214.1214
212.6822
215.0881
216.3050
221.5203
224.3215
222.7876
231.1402
230.3388
233.5678
235.7559
235.7558
235.2061
241.0691
241.0691
248.3220
247.4355
250.7085
247.7305
250.4084
251.0091
258.6956
258.6957
256.8203
264.4418
282.1259
265.4173
265.7437
271.0462
276.5045
274.4389
277.1981
273.4146
282.4828
285.0001
287.9177
283.1987
293.5092
293.8877
293.8877
295.4090
298.4873
303.1955
300.4356
305.9937
309.6489
311.2947
312.1226
311.7083
313.3706
321.8882
323.1961
323.1961
322.7593
329.8598
326.7241
332.5843
339.5492
343.3563
341.9209
340.4948
344.3183
341.9209
346.2552
350.6754
355.1839
362.9021
357.7278
366.5941
371.4287
370.3457
363.4259
373.0625
370.8865
374.1580
381.4043
378.5911
383.6787
387.1310
391.8114
394.7826
391.8113
398.3958
406.4081
401.4471
401.4471
412.7490
408.9256
399.6118
409.5588
421.2336
409.5587
411.4681
423.2316
422.5638
436.2500
444.0874
434.1516
443.3654
439.0736
442.6455
441.9273
445.5370
462.7810
458.1785
495.5182
460.4704
457.4186
453.6504
469.8291
458.9404
483.6358
484.4688
469.8291
462.7810
480.3273
490.3670
476.2441
489.5170
488.6696
509.7049
494.6534
490.3670
499.0025
506.0951
520.7967
516.1265
515.2008
516.1264
511.5260
524.5841
517.9860
517.0548
539.2080
545.2513
524.5840
535.2417
538.2120
548.3161
537.2187
546.2698
554.5338
547.2912
551.4102
567.3334
557.6874
561.9399
570.6119
539.2081
571.7118
560.8716
569.5155
535.2417
588.6561
578.3884
586.3475
585.1992
586.3475
617.6199
616.3646
595.6759
606.4775
605.2607
633.0350
601.6355
586.3475
631.7251
626.5320
634.3495
615.1136
661.6674
639.6551
646.3963
625.2454
639.6553
636.9929
676.1027
625.2454
639.6551
661.6672
658.8445
657.4409
664.5111
665.9411
664.5111
692.6273
670.2632
665.9411
647.7590
697.2565
689.5705
698.8117
679.0557
660.2531
685.0294
688.0508
691.0956
643.6852
713.0867
698.8120
709.8705
727.8810
697.2565
717.9589
731.2421
722.8900
729.5581
722.8902
721.2399
722.8900
734.6304
783.2356
750.2265
724.5471
748.4648
785.1444
751.9954
750.2265
738.0466
781.3347
781.3347
751.9954
732.9326
751.9954
751.9954
744.9632
788.9875
775.6805
814.8051
741.4905
781.3347
818.9106
779.4417
788.9875
794.8154
771.9513
818.9106
804.6999
818.9106
814.8051
812.7661
835.7083
816.8530
796.7750
850.9181
850.9188
812.7657
829.3373
825.1386
846.5228
850.9188
837.8516
862.0892
827.2334
859.8342
814.8048
875.8448
850.9188
882.8713
853.1320
909.5249
739.7649
875.8452
871.2160
899.6669
907.0423
831.4512
855.3553
864.3549
871.2160
885.2361
880.5183
897.2328
899.6669
914.5266
880.5179
880.5179
927.2519
922.1238
899.6669
875.8452
868.9183
922.1238
924.6815
935.0412
914.5266
912.0198
907.0419
945.6130
912.0194
924.6815
912.0194
917.0463
927.2519
953.6847
975.8303
904.5715
967.4171
919.5786
907.0419
956.4025
973.0113
1010.8509
945.6130
967.4175
993.0602
984.3763
942.9495
964.6423
964.6423
1035.4927
942.9499
948.2900
984.3768
950.9796
1026.1250
975.8303
1029.2299
1032.3529
995.9852
984.3768
1013.8720
1001.8833
1035.4927
1019.9652
1051.4573
1010.8505
948.2896
959.1348
1013.8725
967.4171
940.3004
1007.8452
990.1498
973.0113
973.0109
990.1498
970.2071
929.8353
1016.9105
932.4316
924.6815
912.0198
956.4025
919.5786
948.2900
953.6847
981.5129
950.9804
907.0423
912.0194
902.1132
902.1135
935.0412
919.5789
912.0194
853.1317
914.5266
924.6815
882.8713
862.0892
904.5719
850.9188
882.8717
829.3373
882.8717
873.5249
878.1761
859.8342
880.5179
885.2361
868.9183
831.4515
840.0043
825.1383
812.7661
831.4512
844.3398
831.4512
844.3395
808.7150
818.9106
802.7053
816.8533
835.7083
783.2356
806.7027
864.3549
812.7657
808.7150
794.8152
804.6999
785.1444
820.9773
751.9954
806.7027
804.6999
771.9513
750.2265
794.8154
802.7056
751.9954
750.2265
743.2233
787.0621
790.9219
750.2265
757.3467
732.9326
768.2538
750.2265
775.6805
713.0867
705.0939
732.9326
1004.8566
762.7659
714.7043
716.3284
703.5142
698.8117
711.4754
700.3730
689.5705
717.9589
713.0867
695.7074
697.2565
694.1642
744.9632
703.5144
677.5764
713.0867
673.1718
682.0310
660.2533
695.7074
664.5111
630.4197
676.1025
646.3961
654.6490
631.7253
649.1270
639.6553
688.0508
629.1194
638.3215
631.7249
631.7249
629.1194
611.3865
607.6985
616.3644
615.1134
617.6199
611.3867
631.7251
578.3884
578.3884
578.3885
600.4356
566.2476
579.5143
580.6437
569.5154
553.4891
571.7120
566.2476
552.4479
539.2081
553.4891
535.2417
518.9200
528.4179
555.5814
548.3160
538.2120
526.4951
515.2009
523.6329
513.3580
497.2554
508.7986
515.2008
505.1995
509.7051
489.5172
503.4159
514.2781
489.5172
492.0741
481.9769
481.9769
472.2178
477.8706
470.6231
469.0373
460.4703
456.6610
467.4603
458.9404
448.4598
448.4598
469.0374
453.6504
454.4000
434.1516
446.9946
440.4966
445.5370
438.3649
426.5957
422.5638
422.5639
427.2739
411.4681
408.2938
410.1936
416.6304
409.5588
402.0620
408.9256
400.8339
397.7898
391.2213
388.2927
388.2927
387.1309
385.9747
382.5389
381.4043
369.8061
378.0325
366.0631
366.5941
365.0046
365.5333
362.9020
356.7069
345.2847
358.7535
363.9510
351.6695
349.1922
346.2552
343.8368
362.3793
340.9692
339.0779
336.7365
333.9596
333.5002
328.9591
327.6153
330.7640
324.0726
320.5882
319.7261
320.5883
308.4232
305.9937
305.9937
303.1955
302.0080
309.2396
297.7133
298.0999
269.0399
296.1741
292.7543
290.8799
290.5071
288.6540
283.1986
282.4828
284.2774
282.4828
270.0403
278.5930
261.2270
269.7062
270.7102
268.3758
267.7143
267.0551
266.3982
265.7437
259.3251
256.1996
255.5810
255.5809
254.3502
248.9156
254.3502
245.0931
247.1409
240.2190
245.3842
240.5019
240.7853
236.5837
236.0313
232.7547
230.8726
223.2972
222.7876
225.6109
222.0260
222.5333
220.2631
215.5738
218.7673
214.6040
210.7837
210.5480
211.2562
213.4001
206.3661
204.9969
207.5164
203.1904
205.4520
208.2108
197.0326
197.0326
193.2044
194.4695
190.9132
189.6785
190.5005
186.4364
185.8366
183.2663
180.1655
181.5137
181.9013
176.5703
176.9443
171.9780
171.9780
171.4371
167.1867
168.7649
166.8385
166.4912
164.0851
165.1109
162.2249
160.2253
158.7455
157.2824
154.5634
155.8358
153.1471
149.5983
151.2831
150.3613
149.4462
147.4864
145.1162
145.7045
144.9696
138.6870
141.2177
137.9933
136.8919
134.4506
134.5849
133.9149
132.8509
129.9740
131.5343
127.6725
127.4196
126.4137
126.0388
123.0834
122.7194
123.5706
119.7317
118.4424
118.7925
116.8231
115.7948
114.7762
112.4363
113.0996
112.2162
109.8239
109.0740
107.1701
107.2750
104.5826
104.1746
103.0609
101.4625
107.5902
97.8608
98.0522
98.0522
96.5314
97.3840
98.5323
101.0668
104.7872
107.2750
108.0120
110.0392
114.3265
115.2277
116.4792
117.8613
118.2095
121.2752
122.8406
125.1687
129.7160
130.8816
134.0486
133.7814
136.0725
141.9303
139.1050
139.9457
144.5307
146.7408
148.6888
149.1427
152.5227
152.5227
156.4767
156.7984
160.5565
162.3929
165.7993
168.0612
167.0125
168.7649
171.6172
172.1588
183.8553
177.3194
179.7826
180.3573
186.6370
187.2402
190.2945
191.9502
191.5345
193.6249
197.4642
197.6805
199.6408
200.3000
200.5204
207.0552
208.2108
210.7838
216.0609
213.4002
212.9212
219.2643
219.5134
222.2794
224.3215
227.1717
227.9577
228.4839
231.6766
236.5837
237.9727
234.9320
239.9366
243.9337
242.7821
248.9156
257.7555
250.1088
250.4084
259.0102
258.0684
260.2735
263.4713
260.9086
265.7437
267.7143
268.7076
270.7102
272.7348
290.8799
279.9983
286.4534
284.6384
283.5576
288.6540
289.0233
290.5072
289.7638
299.2644
300.8276
287.5506
290.8799
310.4701
305.1903
309.2395
316.7361
312.1226
308.4232
312.1226
319.7261
344.8010
340.0215
329.4089
330.3115
328.0623
336.2712
337.2028
361.8578
339.5492
348.7000
349.1922
355.1840
355.6905
356.7069
357.2168
357.2168
368.1945
361.8579
368.7305
375.2586
374.7075
368.1945
378.5911
380.2751
376.9191
385.3987
396.5826
385.3986
380.8390
399.0030
393.5898
397.1855
401.4472
401.4472
404.5363
405.1586
419.2508
426.5958
417.2829
430.0036
420.5710
428.6352
428.6352
433.4556
427.2739
428.6351
432.0695
436.9531
441.2110
443.3654
448.4599
447.7262
452.9029
448.4599
461.2385
449.1954
471.4195
469.0374
471.4195
481.1510
477.8706
472.2180
482.8051
483.6358
496.3856
488.6697
494.6535
520.7967
499.0025
504.3064
506.9936
507.8947
508.7984
513.3580
523.6329
511.5261
519.8570
523.6329
525.5382
523.6329
528.4180
515.2008
523.6329
536.2288
521.7393
544.2362
550.3754
546.2697
552.4481
546.2698
542.2155
556.6327
557.6874
553.4891
572.8156
581.7767
569.5154
563.0114
864.3546
587.4999
587.4998
580.6437
600.4354
595.6757
596.8597
607.6985
596.8596
605.2607
606.4775
596.8597
608.9235
608.9236
631.7251
608.9235
608.9235
602.8399
627.8235
626.5323
630.4200
650.5001
627.8234
635.6687
631.7253
638.3215
670.2634
670.2632
629.1193
651.8778
661.6672
642.3369
670.2632
679.0557
686.5372
701.9409
685.0294
668.8171
694.1642
694.1644
694.1642
700.3732
679.0557
709.8708
716.3286
691.0958
697.2565
726.2107
711.4756
709.8705
727.8810
724.5471
724.5471
748.4648
716.3284
736.3350
738.0466
751.9954
732.9328
717.9589
744.9632
741.4908
775.6805
753.7717
736.3350
743.2233
741.4908
726.2107
726.2107
781.3347
775.6805
743.2233
802.7056
790.9219
736.3348
783.2356
827.2331
746.7103
751.9954
802.7053
796.7747
792.8641
810.7357
679.0555
818.9106
814.8048
818.9103
802.7053
790.9216
785.1444
812.7661
831.4515
878.1761
846.5228
794.8152
823.0530
831.4512
833.5754
842.1671
855.3557
846.5225
853.1320
882.8717
829.3373
890.0002
850.9184
857.5897
835.7079
837.8512
837.8512
902.1135
890.0002
882.8717
873.5249
878.1758
878.1761
924.6815
935.0416
885.2364
945.6130
902.1135
878.1758
961.8812
919.5789
914.5266
887.6125
885.2364
935.0416
914.5266
899.6669
917.0467
892.3994
889.9998
873.5249
942.9503
887.6122
961.8812
964.6423
924.6810
953.6847
924.6815
917.0467
919.5789
917.0463
937.6639
1038.6500
927.2519
929.8349
953.6847
970.2071
998.9268
1057.9694
993.0602
1023.0366
987.2554
1285.1472
993.0602
967.4175
1026.1250
995.9856
1007.8456
932.4313
1029.2299
967.4171
1010.8509
1016.9105
964.6423
937.6639
956.4025
975.8299
993.0602
922.1238
937.6643
990.1503
919.5789
956.4029
855.3557
953.6847
945.6130
917.0463
1149.8613
998.9268
885.2361
959.1352
932.4316
919.5789
959.1352
909.5245
940.3000
899.6672
897.2328
859.8339
800.7197
871.2163
902.1132
885.2364
855.3553
842.1671
848.7157
940.3008
866.6312
882.8717
914.5270
855.3557
890.0002
875.8452
837.8512
829.3373
835.7083
829.3380
853.1317
844.3401
844.3398
850.9188
788.9875
833.5747
816.8533
808.7150
850.9181
853.1320
804.6999
810.7360
781.3344
787.0618
796.7750
802.7053
796.7747
835.7079
794.8152
802.7056
743.2233
787.0618
806.7030
790.9219
794.8154
848.7157
790.9216
783.2356
775.6805
746.7103
711.4756
794.8154
764.5872
753.7717
667.3766
717.9589
705.0939
750.2265
729.5579
726.2107
714.7043
738.0463
734.6304
743.2235
727.8810
716.3286
695.7076
726.2104
697.2565
709.8708
708.2723
670.2632
689.5703
686.5372
682.0310
679.0555
661.6674
736.3350
657.4407
676.1027
674.6346
688.0510
650.4999
682.0310
743.2233
651.8781
654.6490
649.1271
649.1271
654.6492
649.1271
638.3217
623.9632
626.5320
596.8597
629.1194
626.5320
634.3495
631.7249
607.6985
616.3644
613.8670
593.3201
610.1529
606.4774
596.8597
596.8596
598.0473
604.0483
572.8156
573.9229
572.8154
572.8154
584.0544
572.8156
537.2187
556.6328
581.7767
554.5336
575.0336
540.2075
545.2513
538.2118
508.7984
525.5381
529.3837
526.4952
516.1264
525.5382
514.2781
509.7049
523.6329
510.6140
512.4404
500.7601
492.9313
492.9315
482.8050
496.3856
492.9313
486.1419
484.4688
468.2477
475.4345
473.0186
471.4195
466.6750
457.4187
464.3323
444.8114
439.7842
445.5372
446.9947
454.4001
445.5373
454.4001
446.2650
425.9194
439.0737
431.3791
438.3650
418.5931
422.5639
423.2316
412.1078
399.6118
407.0351
410.8301
405.7827
405.1587
394.1855
394.7826
393.5899
389.4598
385.9748
383.1081
390.6328
390.6328
379.7124
378.5912
370.8866
373.0624
375.2586
368.7305
391.8114
366.5941
355.6905
359.2679
352.6681
347.2299
350.1800
342.3983
342.8768
345.2846
340.9692
338.6076
333.5002
330.3114
333.5002
322.3233
328.0623
324.5123
321.0207
318.0122
317.5860
318.4395
317.1606
309.6489
309.6490
306.8004
304.3900
305.9937
298.8755
302.7990
296.1741
298.8754
297.3273
295.4091
293.8877
290.1351
293.8877
302.7990
282.4827
278.2433
281.7696
285.7253
270.0403
276.1586
272.0575
277.1982
271.3827
267.7143
267.0551
262.1855
262.5060
257.7556
258.6957
242.7821
256.8204
250.4084
255.8900
244.2229
243.3569
245.9678
244.5125
241.9235
244.2228
240.5019
235.2062
234.9320
231.6766
234.3850
223.5527
228.7477
228.4839
222.7876
225.8700
220.2631
218.2718
219.2643
213.6402
214.8459
214.6040
204.9970
207.7475
205.9084
209.1415
204.9970
205.2243
200.5204
199.4217
201.1834
197.2483
195.7455
193.8356
193.2045
188.8611
202.2952
183.8553
187.2401
184.6445
184.2494
180.9343
182.0954
179.5916
178.6403
172.3398
171.9780
173.0662
171.9780
171.0778
169.2952
165.6269
165.1109
164.5970
163.2363
160.2253
158.9091
156.3161
158.5821
158.4189
152.8345
152.9907
151.2831
149.4462
147.7859
147.6361
146.5922
145.4100
144.8231
139.9457
141.0757
139.3846
138.9655
138.5479
135.2588
134.4506
132.3225
131.7964
132.7185
129.2016
128.1799
128.3071
129.4585
125.1687
122.5983
123.3267
122.9619
120.0860
118.5589
118.0934
117.5141
114.8889
114.6636
113.8787
111.1220
111.7772
110.1470
109.9315
107.2750
108.0120
106.4390
105.6098
104.9923
102.9603
101.2645
101.1656
98.9181
100.4762
96.3430
95.9671
95.0338
95.3128
96.9094
98.3400
99.4024
101.7603
103.6669
104.6849
106.8562
109.1808
111.2309
114.3265
115.4542
118.3259
117.2833
119.6139
122.8406
124.7979
127.9259
127.7991
132.5864
132.5863
133.5148
135.6650
137.1663
140.2272
142.6471
145.1162
148.0862
148.0862
150.0555
152.8345
154.4053
154.0896
159.5656
160.0601
160.8884
163.7449
167.0125
164.5970
169.8275
170.1835
177.3195
171.2573
179.5916
181.1272
182.8749
185.4382
188.8611
187.8459
189.4737
188.6575
193.2045
194.8936
195.1061
196.8174
200.5204
202.2952
204.9969
205.6800
208.6754
208.4429
214.3625
216.0609
215.5738
215.3308
220.5137
223.2972
223.8085
227.9578
228.2207
235.2062
232.2148
236.0314
235.4808
237.6940
245.0931
245.9678
246.8468
249.2131
246.8468
252.5199
254.9645
256.8204
255.8900
260.9086
261.8654
261.5459
269.7062
266.7263
270.7103
276.1587
273.0744
271.3827
282.4828
283.1987
283.5576
280.7048
290.8799
287.9177
292.0024
293.1314
300.0445
302.0080
309.6489
310.4702
304.3900
302.7989
306.8003
308.8310
312.1226
314.6263
330.7641
315.8896
318.4394
321.8882
321.8882
333.0418
332.1279
338.1384
336.7365
334.8813
343.3562
343.8368
347.2299
341.9209
354.1743
349.6855
355.6905
356.1982
358.7535
367.1264
366.5941
368.7304
363.9509
372.5165
369.8060
371.4286
368.1945
382.5388
383.6787
391.8113
377.4752
400.2222
394.1854
390.0457
402.6783
399.6118
401.4471
407.6636
413.3917
419.2509
412.1077
418.5933
422.5639
419.9100
415.9793
432.0695
427.2738
430.6903
430.6903
433.4556
436.9532
448.4598
449.1954
440.4966
427.2738
455.1517
457.4187
452.1575
465.8918
463.5556
475.4343
476.2443
473.8217
472.2180
480.3273
474.6268
469.8291
495.5182
492.0741
490.3670
506.0952
499.0027
498.1276
495.5183
501.6427
507.8947
526.4952
515.2009
508.7984
531.3245
531.3245
533.2770
524.5841
538.2120
540.2075
522.6845
543.2243
529.3837
542.2155
558.7454
542.2155
557.6874
552.4479
556.6327
551.4100
561.9399
557.6874
560.8716
561.9397
569.5154
585.1990
578.3884
588.6561
596.8597
581.7767
594.4961
568.4227
608.9236
599.2396
598.0474
610.1529
589.8163
613.8668
633.0350
600.4354
599.2396
646.3959
636.9927
633.0350
627.8235
636.9929
594.4959
636.9927
638.3215
634.3495
651.8781
636.9929
653.2611
661.6672
657.4407
674.6346
665.9411
670.2632
679.0557
685.0296
673.1718
677.5764
676.1027
674.6344
664.5114
668.8171
688.0508
673.1718
656.0425
691.0956
679.0557
705.0941
731.2421
695.7074
709.8708
717.9589
706.6801
695.7074
714.7043
724.5471
722.8900
750.2265
750.2265
783.2356
734.6302
736.3350
750.2265
734.6304
727.8808
741.4908
753.7717
729.5579
744.9632
773.8119
779.4417
790.9216
750.2265
812.7661
744.9632
753.7717
798.7432
823.0533
810.7360
753.7717
739.7649
783.2356
808.7147
825.1386
783.2353
820.9773
806.7030
814.8051
779.4417
814.8048
825.1386
829.3377
837.8512
820.9773
806.7027
827.2331
862.0892
829.3373
810.7357
825.1386
862.0892
835.7083
844.3395
816.8530
855.3553
922.1238
866.6312
827.2331
837.8516
844.3398
850.9188
885.2361
998.9263
878.1758
890.0002
835.7079
885.2361
882.8717
882.8717
912.0194
904.5715
945.6133
907.0419
875.8448
894.8102
894.8098
924.6810
907.0419
987.2559
871.2160
932.4316
935.0416
932.4321
935.0412
899.6669
942.9503
892.3990
927.2519
892.3990
875.8448
924.6815
945.6130
987.2559
927.2519
984.3768
950.9804
922.1238
984.3768
961.8812
871.2160
945.6133
945.6133
924.6818
990.1503
975.8303
984.3768
987.2554
1019.9652
950.9796
981.5125
1026.1245
978.6641
1004.8562
1026.1245
990.1503
1447.4064
929.8353
945.6133
975.8303
917.0463
961.8816
1038.6495
929.8353
937.6639
924.6815
942.9499
948.2896
967.4171
912.0194
967.4175
894.8098
924.6810
907.0423
919.5789
922.1235
929.8353
917.0467
875.8452
914.5266
894.8102
853.1317
864.3549
904.5715
887.6125
866.6309
823.0533
848.7157
882.8717
871.2163
875.8448
882.8713
882.8713
794.8154
871.2163
853.1317
885.2364
855.3557
726.2104
833.5754
846.5228
850.9188
846.5228
853.1320
798.7429
810.7360
855.3553
796.7750
837.8512
790.9219
827.2334
814.8051
670.2632
787.0621
657.4409
835.7083
773.8119
746.7103
759.1454
781.3347
775.6805
673.1718
750.2265
808.7150
729.5579
796.7747
734.6302
736.3350
781.3347
757.3467
777.5573
732.9328
719.5960
729.5579
714.7043
746.7105
744.9632
689.5703
722.8902
741.4908
755.5555
679.0555
716.3286
694.1642
719.5960
695.7074
701.9406
676.1025
700.3735
697.2565
698.8117
686.5372
671.7148
689.5705
656.0423
663.0867
670.2632
677.5764
654.6490
639.6553
649.1271
639.6553
630.4200
656.0425
636.9927
645.0381
602.8398
626.5323
607.6983
621.4126
649.1271
618.8797
612.6245
608.9235
625.2454
602.8399
625.2455
638.3215
615.1134
600.4354
595.6759
586.3477
595.6759
588.6559
598.0474
585.1992
580.6437
573.9227
568.4225
565.1653
639.6551
582.9139
563.0116
557.6874
555.5816
557.6873
553.4893
542.2154
525.5381
534.2578
521.7391
524.5840
524.5840
521.7391
537.2189
517.0549
510.6141
513.3579
517.0548
527.4551
500.7601
507.8947
509.7050
487.8246
483.6357
488.6696
492.0742
476.2443
483.6357
482.8051
469.8292
470.6231
468.2477
462.0087
453.6504
458.9404
456.6610
469.8292
444.8113
452.1575
440.4966
445.5370
445.5372
433.4557
434.8492
437.6581
430.6903
421.2335
426.5958
408.2939
415.9794
409.5587
419.9101
409.5588
403.2961
400.8339
400.2221
397.7898
397.7899
397.7899
384.2507
388.8756
381.9709
381.4043
368.1945
380.2751
373.6096
370.8865
378.0325
364.4772
366.0631
363.4259
362.3793
360.3005
350.1799
358.7535
355.6905
349.6855
354.6786
348.7000
343.8368
345.2847
328.0623
342.8768
335.3437
333.9596
332.5843
325.3943
320.1567
330.3114
316.7361
320.5883
317.5860
310.0592
313.3706
309.6489
305.1902
304.7898
307.2049
293.8877
298.4873
298.8755
294.6469
295.4091
295.7912
293.1314
292.3780
288.2855
281.4140
287.9177
278.2433
281.7696
279.9983
272.3959
268.7076
268.0448
268.3759
264.7663
267.0551
265.7437
270.0403
259.3251
257.4433
256.1996
257.1316
256.1996
249.8097
249.5112
250.1088
250.7085
243.6451
239.0921
239.6547
240.2190
239.6547
236.8606
234.9320
232.4845
233.8398
228.2206
228.2207
224.5785
222.5333
219.5134
220.0128
223.2972
213.8806
215.5738
214.8459
213.6401
211.9676
210.7837
207.2857
208.2108
204.7700
205.9084
202.0722
198.1139
201.4051
198.1139
195.3190
194.0466
194.0466
190.9132
184.6446
190.2945
187.8459
183.8553
182.8749
181.7073
180.7417
179.7826
178.8301
176.3836
171.6172
171.9780
169.4724
166.6647
167.3611
165.7993
164.4262
164.2555
161.5550
159.7301
160.5565
161.5550
155.0391
157.1208
153.9320
153.9320
153.3037
151.2831
150.3613
148.5378
146.2956
145.7045
142.6470
141.3599
141.0757
138.6870
138.6870
140.3682
135.5294
135.6649
133.2488
133.3817
129.0734
132.0591
130.3621
126.9155
127.5460
125.1687
126.7898
122.4774
123.2050
121.0364
120.4414
117.5141
116.8231
114.7761
115.2277
112.8781
115.1146
112.3262
111.0132
109.3947
108.1177
105.5066
107.1701
104.6849
104.9923
104.3784
102.9603
99.9867
95.6862
97.7653
98.1481
96.8148
96.9094
95.4060
94.0173
93.0114
96.6258
93.5588
