159.4011
163.2363
167.7107
171.9780
177.3195
182.4846
184.2494
188.0484
192.9947
194.0466
200.0800
201.6272
202.7421
203.8654
206.8252
211.0198
214.6040
212.6822
220.0128
217.2854
221.7730
223.8085
226.1295
229.2763
230.8726
235.2061
235.2061
235.2061
238.5315
237.1379
239.0922
247.1409
248.6186
243.6451
258.6956
249.5112
258.3818
257.4433
261.2269
267.0551
267.0551
272.7348
271.3827
269.0399
271.0462
269.7062
271.7198
275.8135
283.9172
281.4140
284.2775
281.0591
282.1259
286.4533
292.3781
296.9421
299.2643
302.0080
297.7132
303.5929
305.9937
298.4873
308.8310
309.6490
312.9538
310.8820
324.9529
323.6339
319.7261
318.4394
326.2799
325.3942
337.2028
325.8366
346.2552
340.9691
337.2028
333.5002
342.8768
349.1922
344.3183
348.7000
357.7279
353.1691
348.7000
359.7837
356.1981
357.7279
358.2401
359.7837
364.4772
375.8108
376.3643
374.7076
366.5941
376.9190
374.7076
382.5389
377.4751
386.5522
388.2927
382.5388
394.1855
392.9955
405.7827
391.2214
402.0620
407.0352
403.2961
394.7826
417.9373
401.4471
408.9255
415.9793
404.5363
407.6636
423.9010
432.0695
432.7617
421.8979
423.2315
430.6904
443.3654
425.2450
434.8491
439.7843
445.5370
446.2650
455.9053
441.2110
462.7811
447.7262
456.6610
464.3322
471.4195
449.9330
466.6750
442.6455
478.6872
464.3323
492.9313
470.6231
463.5556
473.8216
488.6697
491.2194
480.3273
494.6535
479.5061
492.0741
485.3042
496.3856
494.6535
496.3854
498.1277
490.3670
511.5258
533.2771
498.1277
508.7986
492.9313
506.9936
519.8570
502.5281
522.6846
541.2098
530.3527
554.5338
544.2362
532.2993
533.2770
527.4550
532.2993
555.5816
523.6328
545.2515
558.7454
556.6328
548.3161
558.7454
547.2912
551.4100
556.6328
601.6357
577.2666
568.4225
564.0866
567.3334
590.9801
566.2477
588.6561
590.9803
571.7120
573.9229
611.3867
593.3199
601.6355
572.8154
601.6357
593.3199
582.9137
589.8162
604.0483
613.8670
613.8670
649.1271
590.9803
612.6247
616.3646
608.9236
654.6492
638.3215
633.0350
623.9634
630.4200
646.3961
638.3217
646.3961
664.5111
654.6490
651.8781
634.3495
677.5764
665.9413
661.6672
635.6687
665.9411
657.4409
673.1721
694.1642
674.6344
680.5406
668.8173
706.6801
692.6271
698.8122
656.0423
676.1027
698.8117
705.0941
673.1718
709.8708
719.5963
818.9106
716.3286
727.8810
695.7074
716.3286
722.8902
709.8705
722.8902
738.0463
732.9328
783.2356
726.2104
746.7103
732.9328
744.9632
727.8810
751.9954
739.7651
727.8810
757.3467
734.6302
736.3350
781.3347
779.4417
781.3344
787.0618
794.8152
777.5570
743.2233
736.3350
781.3347
820.9773
814.8051
794.8154
804.6996
833.5751
842.1667
831.4515
827.2334
922.1238
850.9188
953.6847
853.1320
862.0892
810.7360
846.5228
875.8448
848.7157
897.2328
853.1320
919.5789
887.6122
859.8339
855.3557
882.8717
862.0892
887.6125
846.5228
844.3398
919.5789
914.5270
892.3994
945.6130
932.4316
885.2364
892.3990
967.4171
894.8098
890.0002
904.5719
953.6847
899.6669
853.1317
927.2519
902.1135
1035.4927
961.8812
902.1135
929.8356
927.2519
987.2559
961.8816
739.7649
993.0602
927.2519
929.8356
970.2071
935.0412
981.5129
993.0602
948.2896
1004.8562
973.0113
973.0109
1001.8833
998.9268
1054.7037
953.6843
993.0597
990.1498
959.1352
1010.8509
1038.6500
1051.4568
1016.9101
1019.9648
1054.7037
1026.1250
1074.5759
1041.8245
1016.9105
1001.8833
1051.4573
1019.9652
1007.8456
1102.1621
1105.7012
1029.2303
1032.3524
1057.9689
1016.9105
1077.9556
1088.2095
1131.0742
1023.0362
1112.8436
1048.2286
1061.2535
1098.6428
1157.5377
1088.2089
1084.7712
1077.9556
1177.1470
1057.9689
1023.0362
1105.7012
1134.7864
1084.7712
1161.4114
1120.0702
1074.5764
1138.5204
1231.1178
1169.2307
1120.0707
1205.6525
1142.2776
1134.7864
1205.6519
1131.0742
1149.8613
1116.4459
1177.1476
1153.6877
1231.1178
1235.4581
1165.3090
1222.5199
1205.6525
1157.5377
1177.1476
912.0194
1157.5377
1197.3788
1197.3794
1201.5028
1226.8048
1248.6533
1226.8042
1280.4778
1364.4016
1280.4785
1226.8048
1294.5824
1257.5955
1266.6570
1285.1479
1231.1171
1299.3479
1294.5817
1313.8419
1253.1096
1266.6564
1338.6777
1257.5955
1173.1769
1755.9948
1280.4785
1209.8293
1262.1112
1262.1105
1275.8403
1318.7395
1275.8403
1271.2327
1266.6570
1328.6394
1253.1096
1374.9506
1338.6777
1328.6394
1289.8491
1280.4778
1354.0024
1328.6394
1402.0018
1418.7131
1343.7491
1333.6410
1424.3656
1354.0017
1483.3047
1396.5128
1385.6534
1385.6534
1385.6534
1308.9774
1441.5811
1369.6580
1453.2766
1235.4587
1348.8573
1374.9506
1396.5111
1364.4009
1418.7131
1402.0010
1396.5128
1385.6534
1354.0017
1424.3656
1402.0018
1402.0018
1465.1501
1441.5820
1424.3665
1424.3656
1471.1552
1594.6940
1435.8004
1471.1543
1402.0018
1508.1752
1553.6344
1407.5313
1580.7834
1567.0984
1553.6334
1396.5128
1993.1699
1546.9836
1501.8843
1816.8091
1508.1760
1540.3862
1520.9071
1477.2056
1495.6434
1495.6434
1501.8853
1637.8467
1615.9985
1587.7106
1587.7106
1546.9836
1508.1760
1514.5156
1652.7241
1527.3485
1645.2554
1553.6344
1580.7825
1587.7106
1781.5797
1257.5948
1459.1899
1374.9506
1477.2065
1520.9071
1553.6344
1396.5128
1553.6344
1402.0018
1560.3391
1385.6534
1540.3862
1489.4501
1430.0621
1508.1760
1374.9514
1567.0984
1447.4072
1369.6571
1253.1096
1402.0018
1323.6719
1477.2065
1407.5295
1447.4072
1354.0024
1402.0010
1333.6403
1418.7131
1413.1007
1385.6534
831.4515
1338.6777
1391.0630
1244.2256
1413.1014
1323.6726
1354.0024
1391.0630
1459.1908
1418.7131
1226.8048
1424.3665
1304.1461
1313.8419
1328.6394
1407.5313
1396.5128
1294.5824
1266.6570
1359.1835
1313.8419
1266.6570
1231.1171
1262.1112
1323.6726
1226.8042
1177.1482
1257.5948
1209.8293
1189.2092
1244.2262
1514.5165
1239.8275
1280.4785
1253.1096
1266.6570
1218.2625
1226.8048
1244.2262
1244.2262
1214.0323
1262.1112
1248.6533
1201.5034
1226.8048
1218.2612
1318.7402
823.0533
1222.5192
1123.7161
1185.1644
1205.6525
1185.1638
1120.0702
1032.3529
1127.3844
1209.8293
1131.0742
1248.6533
1142.2781
1064.5560
1165.3090
1197.3788
1185.1632
1138.5209
1131.0742
1112.8431
1169.2301
1142.2781
1112.8431
1161.4114
1197.3788
1041.8245
1091.6666
1084.7712
862.0892
1105.7017
961.8812
1035.4927
1098.6433
1088.2095
1102.1616
1084.7717
1091.6666
1102.1621
1061.2531
1057.9689
1051.4573
1048.2281
1074.5769
1038.6495
1045.0176
1016.9101
1016.9105
1013.8725
1013.8720
1029.2299
998.9263
1023.0366
1013.8725
1004.8566
990.1498
1013.8725
950.9804
1010.8509
1001.8837
967.4175
1038.6505
1013.8725
1019.9652
914.5266
929.8356
935.0412
967.4175
984.3768
970.2071
961.8816
993.0602
978.6641
935.0412
953.6847
885.2364
885.2364
935.0412
959.1348
948.2896
894.8098
932.4316
993.0602
919.5789
892.3990
880.5183
873.5249
850.9188
846.5228
866.6312
880.5179
850.9184
909.5245
875.8448
924.6815
890.0002
902.1132
904.5715
914.5270
875.8448
855.3557
853.1320
873.5253
818.9106
873.5253
829.3373
840.0040
820.9773
825.1386
848.7154
837.8516
844.3401
835.7083
818.9103
855.3550
897.2324
837.8509
827.2334
804.6996
794.8154
768.2538
785.1447
810.7360
773.8119
788.9878
808.7150
773.8119
732.9326
743.2233
779.4420
734.6302
751.9954
800.7200
741.4908
750.2265
698.8120
706.6799
706.6799
726.2104
748.4648
719.5960
700.3730
701.9409
724.5471
716.3286
713.0869
670.2632
670.2632
661.6674
674.6346
667.3766
665.9413
664.5111
682.0310
658.8445
671.7150
661.6674
642.3369
688.0510
668.8173
657.4407
617.6199
649.1271
649.1270
635.6687
633.0350
660.2533
645.0379
650.5001
642.3372
635.6687
612.6245
660.2533
630.4200
615.1136
625.2455
623.9634
625.2454
598.0476
629.1194
595.6759
576.1483
594.4959
598.0476
576.1483
571.7118
586.3475
576.1481
572.8156
595.6755
594.4957
557.6874
555.5816
589.8162
564.0868
548.3161
552.4479
569.5155
557.6874
552.4481
543.2243
631.7251
545.2513
524.5840
542.2155
519.8570
527.4551
536.2288
533.2770
517.0549
513.3577
483.6357
520.7967
517.9860
494.6535
495.5182
506.9936
470.6234
506.9936
492.0742
494.6534
491.2194
497.2554
490.3670
481.9767
486.9821
490.3670
492.0742
472.2181
478.6872
473.8216
480.3274
466.6750
460.4704
484.4688
472.2180
459.7042
462.7811
457.4186
465.8920
469.8292
444.8114
446.9945
446.9946
446.2648
452.1575
444.0874
447.7261
441.9273
425.9195
434.8491
438.3650
426.5958
429.3185
417.9373
431.3791
420.5710
421.8978
409.5587
415.3300
419.2509
412.7490
410.8301
414.0363
404.5363
415.3300
394.1855
405.7826
369.8060
399.6118
400.2222
390.0457
408.2939
399.6118
381.9709
390.0457
392.4027
381.4043
382.5389
376.9191
370.8866
380.8391
365.0046
372.5165
370.3456
361.8578
365.5333
368.7305
357.2169
357.2169
356.1981
350.1800
330.7640
346.2551
345.2847
349.1922
351.6695
342.8768
340.4948
345.2847
343.3562
324.9529
341.4445
355.1840
334.8813
333.5002
331.2177
321.0207
330.3115
326.2799
316.3124
312.1226
320.5883
306.8004
316.3124
311.2947
309.6490
308.4232
312.5378
309.6489
305.9937
307.2049
300.8275
309.2396
298.0999
299.2643
299.6541
298.0998
285.7253
285.3624
291.2534
283.5576
285.7253
282.4828
283.1987
279.9983
278.2433
245.6758
276.8510
274.7816
274.7816
267.7143
269.3727
273.0744
265.7437
265.4174
265.0916
262.1855
256.8204
258.6957
258.6956
262.8272
251.0091
250.4084
250.7085
251.3102
247.4355
248.3220
245.9678
246.8468
243.9337
245.9678
242.7821
239.0921
237.1380
237.1380
233.5678
236.0314
233.5678
232.4845
227.6953
227.6954
225.3521
225.0939
222.0260
223.5527
214.3625
217.2853
219.7629
219.0155
213.4001
214.1214
211.4929
210.7837
207.7475
207.0552
209.8432
207.7475
207.9790
201.6271
200.5204
200.5204
200.0800
197.8970
197.4642
195.3189
191.9502
191.9502
192.9947
190.0889
190.0889
189.2692
185.6373
184.8425
185.2393
184.6445
180.7417
180.9343
178.2617
179.5916
158.7455
172.7025
171.2573
171.2574
172.3398
169.1182
167.5358
166.1448
165.4547
163.9149
163.0672
163.4057
163.9149
161.5550
158.4189
158.0932
158.4189
156.6374
155.6760
153.6175
153.3037
150.9750
150.3613
150.9751
148.5379
148.3871
147.9359
145.5571
143.9480
143.3681
141.9303
142.0733
140.6507
141.3599
139.1051
140.0863
141.5023
141.9303
143.3681
145.1162
146.4438
145.8520
148.3871
151.1290
153.1471
153.4605
157.9306
158.9091
162.2249
163.7449
168.0612
169.4724
171.7975
172.1588
172.7025
171.9780
178.2617
181.3203
181.3203
183.2662
188.4542
185.4382
192.5760
193.6249
191.7422
197.0327
201.1835
201.1835
203.8653
209.6089
207.0552
208.9082
208.4429
211.9676
223.8085
217.2854
221.2681
217.7778
221.5203
225.3522
228.4839
230.8726
230.8726
232.2148
237.4158
243.6451
241.3534
242.7821
244.8025
246.2603
248.0260
247.7305
251.0091
254.9645
254.9645
260.2736
249.5112
259.3251
264.7663
266.7264
262.8272
267.3844
271.7198
266.3983
273.0744
278.5930
282.4828
279.9983
285.7253
285.3623
283.9172
293.8877
287.1841
297.7132
299.6540
302.7990
293.8877
298.4872
302.7990
312.9538
306.8004
308.4232
309.2395
316.7361
312.1226
324.9529
324.9529
331.6723
328.0623
331.6722
316.3125
335.3436
336.2712
336.2712
339.0779
346.7420
341.4445
349.6855
351.1720
356.7069
346.2552
360.3004
357.7279
367.1264
362.9020
380.8391
395.9812
378.5912
366.0631
374.1580
378.0325
379.7124
380.8391
382.5388
391.8114
384.8240
385.9747
385.3986
396.5826
408.2939
400.2222
388.8756
395.9811
399.0031
396.5825
416.6303
412.1078
410.1937
404.5363
421.2336
414.0363
412.1078
434.1516
423.9010
435.5487
421.8979
415.9793
441.9272
523.6329
444.8113
445.5370
425.2450
441.2110
454.4001
446.9947
446.2650
443.3656
446.9946
455.9052
457.4187
455.9053
461.2385
471.4195
464.3323
474.6268
460.4703
481.1510
480.3274
498.1277
478.6871
499.8800
505.1995
473.0186
493.7912
492.0742
509.7049
516.1265
502.5281
509.7050
504.3064
505.1995
517.0548
502.5280
527.4551
517.9861
544.2362
520.7966
517.0549
523.6329
520.7966
540.2073
551.4099
550.3756
558.7454
548.3161
561.9397
546.2697
578.3885
542.2154
520.7966
568.4227
545.2512
588.6561
584.0546
571.7120
569.5155
576.1483
576.1483
579.5143
580.6435
582.9139
564.0868
586.3477
593.3203
586.3477
608.9236
663.0867
623.9632
602.8399
623.9634
622.6857
622.6857
622.6855
613.8668
623.9632
607.6985
625.2455
631.7251
653.2611
651.8781
610.1531
639.6551
635.6687
642.3367
645.0379
634.3493
661.6674
650.4999
676.1027
649.1271
656.0425
683.5276
677.5764
679.0557
677.5764
680.5406
700.3730
698.8117
667.3764
705.0939
706.6801
689.5705
731.2421
709.8705
677.5764
726.2107
697.2565
708.2723
734.6304
708.2723
732.9328
700.3732
717.9592
743.2233
743.2233
741.4905
713.0867
757.3467
746.7105
818.9106
739.7651
750.2265
773.8119
753.7717
744.9632
808.7150
785.1447
787.0621
796.7750
794.8154
785.1447
741.4905
794.8154
823.0533
768.2538
744.9632
846.5222
937.6639
846.5228
810.7360
840.0040
868.9177
857.5897
837.8512
866.6312
855.3557
859.8342
855.3557
892.3994
868.9183
850.9188
878.1758
885.2364
932.4316
878.1761
859.8339
866.6309
850.9188
885.2364
892.3994
880.5183
897.2328
907.0423
880.5179
885.2364
904.5719
917.0463
902.1135
859.8339
873.5253
948.2900
917.0471
950.9800
914.5270
940.3000
1001.8837
890.0002
924.6815
912.0198
959.1352
937.6639
993.0602
956.4029
967.4175
942.9499
961.8816
978.6641
1026.1250
945.6133
924.6815
970.2071
927.2519
1019.9652
1038.6495
964.6423
1045.0172
1038.6500
907.0423
1032.3529
995.9856
1019.9652
1048.2286
1026.1250
984.3768
1071.2174
1045.0176
1026.1245
1105.7017
998.9268
1041.8245
1054.7041
1045.0176
1051.4573
1013.8725
1038.6500
1045.0181
1048.2286
1239.8281
1029.2299
1098.6433
1081.3533
1061.2531
1051.4568
1084.7712
1109.2616
1088.2095
1109.2616
1051.4568
1071.2169
1123.7167
1138.5209
1074.5764
1109.2621
1112.8431
1165.3090
1185.1632
1045.0176
1142.2781
1146.0582
1120.0702
1116.4464
1077.9551
1146.0582
1057.9698
1131.0742
1209.8280
1077.9556
1177.1470
1131.0742
1239.8281
1193.2814
1173.1769
1244.2262
1134.7858
1142.2781
1248.6533
1193.2820
1244.2262
1127.3844
1248.6533
1197.3788
1235.4581
1138.5209
1201.5028
1222.5192
1142.2781
1169.2301
1209.8286
1181.1432
1214.0323
1248.6533
1244.2262
1189.2104
1304.1454
1226.8042
1231.1171
1067.8767
1239.8275
1262.1112
1257.5948
1294.5817
1275.8397
1248.6526
1235.4581
1231.1178
1235.4587
1304.1461
1257.5955
1799.0310
1313.8412
1369.6571
1359.1835
1153.6873
1193.2814
1333.6410
1430.0613
1348.8580
1266.6564
1285.1479
1333.6403
1323.6726
1385.6526
1369.6571
1333.6403
1275.8403
1354.0017
1407.5313
1299.3472
1435.7987
1527.3477
1385.6534
1369.6571
1364.4016
1418.7131
1328.6387
1313.8419
1323.6726
1374.9506
1380.2822
1407.5313
1333.6410
1374.9514
1441.5820
1364.4016
1318.7402
1161.4108
1430.0613
1391.0637
1471.1552
1477.2056
1280.4785
1430.0621
1313.8419
1514.5165
1407.5313
1364.4009
1567.0984
1580.7834
1354.0024
1580.7834
1483.3047
1514.5165
1369.6571
1453.2766
1359.1835
1280.4785
1424.3656
1453.2766
1601.7375
1520.9071
1459.1899
1587.7106
1447.4064
1430.0613
1447.4072
1501.8853
1594.6951
1573.9130
1567.0984
1520.9071
1495.6426
1862.7452
1407.5313
1637.8467
1615.9996
1553.6344
1495.6434
1567.0984
1477.2065
1540.3862
1623.2207
1630.5028
1601.7375
1652.7241
1608.8389
1553.6344
1495.6434
1540.3862
1385.6534
1459.1908
1489.4501
1424.3665
1402.0010
1514.5165
1660.2583
1533.8414
1495.6434
1459.1908
1459.1908
1527.3485
1477.2065
1407.5304
1489.4492
1489.4501
1546.9836
1354.0024
1348.8580
1396.5128
1418.7131
1441.5820
1407.5313
1359.1835
1465.1501
1402.0001
1374.9506
1407.5304
1413.1007
1495.6434
1396.5111
1313.8412
1313.8412
1285.1479
1275.8397
1385.6526
1396.5120
1402.0018
1402.0018
1328.6394
1285.1479
1338.6777
1218.2625
1285.1472
950.9804
1289.8491
1308.9767
1435.8004
1257.5955
1308.9774
1328.6387
1209.8293
1266.6570
1308.9767
1201.5028
1185.1638
1222.5199
1280.4778
1299.3479
1313.8419
945.6133
1271.2333
1257.5948
1189.2098
1231.1178
1214.0323
1226.8036
1262.1112
1189.2104
1226.8048
1239.8281
1209.8286
1248.6533
1161.4114
1201.5021
1142.2781
1222.5199
1214.0317
1157.5371
1197.3788
1253.1096
1193.2820
1173.1769
1205.6519
1109.2621
1127.3839
1338.6777
1064.5555
1173.1769
1134.7858
1157.5377
1116.4464
1084.7717
1071.2174
1095.1445
1123.7161
1197.3788
1105.7017
1112.8436
1057.9689
1112.8431
924.6815
1057.9689
1116.4464
1131.0737
1116.4464
1041.8250
1041.8250
1010.8509
1109.2621
1071.2174
1071.2174
1048.2278
1041.8250
1057.9694
1023.0366
1001.8833
998.9268
1084.7717
1019.9652
984.3768
1064.5551
987.2559
990.1503
1035.4927
975.8299
1023.0362
1007.8456
970.2067
984.3768
1161.4114
929.8353
927.2519
1013.8720
998.9263
1013.8725
942.9503
937.6639
959.1352
984.3768
964.6419
942.9495
967.4175
973.0113
727.8810
924.6815
922.1238
948.2900
970.2071
912.0194
914.5266
887.6125
904.5715
873.5249
917.0463
961.8816
919.5786
902.1135
927.2519
887.6125
917.0467
880.5179
882.8717
837.8516
909.5249
890.0002
868.9180
862.0892
855.3557
840.0040
820.9773
882.8717
1007.8456
734.6304
848.7157
837.8516
1054.7037
810.7360
829.3373
835.7083
840.0043
844.3395
820.9770
837.8512
850.9188
759.1454
806.7027
848.7157
787.0618
771.9513
751.9954
787.0621
751.9954
753.7717
787.0621
751.9954
783.2356
773.8119
781.3347
729.5581
738.0466
739.7649
794.8154
734.6302
731.2421
736.3350
719.5963
732.9328
706.6799
724.5471
713.0869
713.0869
713.0869
674.6346
700.3730
673.1718
685.0294
711.4756
736.3350
686.5374
670.2632
698.8117
674.6346
657.4409
692.6271
650.5001
673.1721
656.0425
634.3495
635.6687
647.7592
694.1642
680.5406
645.0383
623.9634
634.3495
627.8235
618.8797
640.9937
616.3644
625.2455
645.0379
621.4124
600.4354
599.2396
590.9803
617.6199
626.5323
594.4961
599.2396
573.9229
584.0548
589.8162
590.9801
584.0546
593.3203
555.5816
579.5143
553.4891
575.0338
572.8156
557.6874
559.8068
556.6327
552.4481
541.2098
575.0338
552.4481
593.3199
522.6845
537.2189
548.3160
535.2419
527.4551
546.2697
535.2419
536.2288
521.7393
499.0027
519.8569
521.7393
509.7051
509.7049
520.7967
504.3062
496.3856
490.3670
482.8051
476.2441
491.2193
492.9315
483.6358
492.0742
477.8705
483.6358
480.3273
472.2180
465.1109
467.4603
484.4688
459.7043
475.4343
465.8920
468.2477
453.6505
465.8920
446.9946
483.6358
449.1953
447.7263
452.1574
461.2384
436.9532
449.1954
423.2316
449.9330
434.1516
443.3654
436.2500
432.7617
429.3185
421.2336
423.2316
417.2829
414.0363
418.5932
417.2830
405.1587
408.2939
410.8301
419.2509
455.1517
404.5363
403.2961
402.6783
395.9812
393.5898
399.6119
390.0457
402.0620
395.3811
379.1512
383.1081
383.6787
356.7069
375.8108
373.6096
377.4752
371.9719
394.1855
365.5333
362.3793
365.0046
365.0046
365.0046
357.7278
352.1683
351.6696
346.7419
356.7069
347.2299
344.8010
348.2089
334.8813
344.8010
346.2552
343.8369
338.1383
329.4089
337.2028
333.0418
333.5002
324.5123
328.0623
326.7242
324.5122
324.9528
321.0206
312.1226
320.5883
308.4232
309.2395
309.6489
311.2947
305.5916
300.0445
327.1693
305.1903
303.9911
302.0081
294.6469
310.8820
297.3273
303.5929
290.8799
291.2534
290.8799
288.6541
285.0000
282.4828
278.9434
274.7816
282.1259
274.0968
274.7816
274.4389
274.4389
274.4389
277.1982
269.7062
269.3727
267.0550
265.4174
262.1855
256.5097
257.4433
260.5908
251.6119
259.9568
254.0439
251.6119
253.1279
251.3103
249.2131
250.7085
241.9235
242.4954
247.7305
239.9366
236.3073
237.9727
239.6547
234.3850
237.9727
234.6583
227.1717
231.9455
228.2207
235.2061
227.4333
224.3215
223.8085
225.0939
221.5203
217.7778
215.5738
214.1214
216.7945
214.6040
211.9676
209.8432
210.5480
206.8252
210.0778
210.5480
204.0910
200.3000
204.9969
200.7411
200.9621
202.0722
197.0326
195.9593
194.6814
191.9502
188.2511
192.7852
187.8459
189.0650
186.8377
187.6437
185.6373
183.6587
182.2899
181.1272
180.9343
179.9739
176.7572
178.2617
172.3398
172.1588
172.1588
168.5887
169.6498
169.4724
166.8385
164.5971
166.3179
163.9149
163.2363
159.8950
158.0932
160.2253
157.9306
155.5165
155.9957
153.4605
151.2831
152.6785
152.2117
152.5227
150.0555
148.0861
149.9029
148.5379
144.2390
144.9696
144.0934
143.9480
143.0792
143.3681
141.2177
139.1051
136.8919
137.3038
135.6650
136.8919
135.5294
136.3450
135.6649
134.5849
137.7170
137.8551
140.7922
142.5034
144.5307
145.1162
149.4462
148.2365
151.1290
152.6785
154.5634
159.7302
157.9306
161.3880
162.2249
162.2249
170.1835
171.2574
170.0054
171.6172
171.0778
177.3195
181.3203
183.6587
187.4418
187.2401
185.8366
193.6249
194.8936
191.3271
193.8356
197.6805
197.0326
202.7421
202.9661
205.6800
207.9789
208.2108
210.5481
213.1604
216.3051
217.0397
219.2643
224.3215
223.8085
225.8699
223.2972
229.8067
227.6954
230.8726
232.7547
235.2062
236.0314
244.2229
244.5124
245.3841
246.5534
245.3842
247.4354
253.4327
251.0091
254.9646
254.3502
260.9086
259.0101
263.4713
266.0707
270.7103
272.3959
273.7554
282.1259
278.9434
281.0591
275.4689
284.6384
281.0591
285.3624
287.9177
285.3624
291.2533
295.0276
294.6469
300.0444
300.4357
302.0081
308.8310
306.8004
308.4232
307.2048
318.8674
317.1606
318.0123
321.0207
318.8675
312.5378
330.3115
329.4089
320.1567
332.1279
320.1567
336.7365
341.9210
338.1383
336.2712
337.2028
341.4445
344.8010
353.1690
346.7420
357.2168
387.1310
361.8578
354.1743
366.0631
366.0630
370.8865
367.6598
366.0631
384.8240
376.3642
372.5165
391.2213
384.8240
390.0457
384.8239
390.6327
402.0620
394.7825
400.2222
385.3986
409.5588
395.9812
399.6118
407.0352
399.0030
403.9155
415.3300
410.1936
418.5932
419.2509
416.6303
427.2739
416.6303
432.0695
432.7616
441.2110
440.4967
424.5721
444.0875
433.4557
439.0737
469.0374
457.4187
453.6505
459.7043
438.3649
458.1784
446.2648
459.7043
471.4194
463.5555
457.4187
397.1855
468.2477
492.0742
459.7043
486.9820
489.5172
494.6535
493.7912
485.3042
481.1510
481.1508
515.2009
498.1277
498.1277
508.7984
513.3579
490.3669
503.4159
506.0951
519.8569
513.3580
525.5382
517.9860
522.6846
532.2993
526.4952
525.5382
544.2362
527.4551
546.2697
536.2287
543.2243
554.5338
557.6874
544.2362
544.2362
525.5382
554.5338
599.2394
568.4225
556.6328
564.0868
579.5141
580.6437
582.9137
568.4225
578.3885
572.8156
579.5143
581.7769
606.4774
608.9236
587.4999
606.4775
618.8797
592.1482
621.4124
623.9634
613.8670
639.6551
635.6687
608.9235
645.0383
615.1136
626.5323
651.8781
639.6551
567.3333
639.6551
636.9927
660.2533
647.7592
676.1027
664.5114
670.2634
680.5406
676.1027
668.8171
680.5406
670.2634
711.4756
676.1027
695.7074
714.7045
667.3764
711.4756
691.0958
661.6674
698.8122
697.2565
781.3347
596.8597
732.9328
706.6801
871.2163
726.2104
716.3286
719.5963
711.4754
731.2421
748.4648
709.8705
744.9634
779.4417
734.6302
741.4908
734.6302
753.7717
840.0040
787.0621
751.9954
796.7750
792.8644
751.9954
773.8119
781.3347
835.7083
829.3377
818.9106
771.9513
844.3395
802.7056
827.2334
825.1386
820.9770
840.0040
806.7030
827.2334
837.8516
840.0040
859.8342
831.4512
835.7086
825.1386
816.8533
885.2364
878.1758
885.2364
885.2364
878.1758
844.3401
875.8452
924.6815
866.6312
859.8342
917.0467
882.8717
935.0416
948.2900
924.6818
917.0463
887.6125
878.1761
890.0002
890.0002
917.0467
942.9495
922.1238
917.0463
914.5270
967.4175
945.6133
904.5715
929.8353
953.6843
940.3000
978.6641
967.4175
904.5719
937.6643
935.0416
894.8102
1035.4927
924.6815
1010.8509
973.0113
1007.8456
1016.9105
1004.8562
1007.8452
929.8353
1016.9105
1010.8509
1007.8456
1013.8725
1004.8566
1048.2281
1023.0366
1026.1250
1007.8452
1127.3839
1077.9556
1023.0366
1016.9105
1023.0366
1004.8566
998.9263
1051.4568
1032.3529
995.9856
1041.8250
1116.4464
953.6847
1127.3844
1061.2526
1010.8509
1081.3538
1095.1450
1057.9698
1109.2621
1061.2531
1244.2262
1102.1621
1084.7717
1105.7017
1127.3844
1116.4464
1244.2262
1146.0582
1048.2286
1116.4464
1091.6666
1173.1769
1134.7858
1131.0742
1181.1432
1185.1638
1109.2616
1123.7167
1173.1763
1123.7161
1169.2301
1116.4459
1071.2169
1134.7864
1146.0576
1218.2625
1218.2618
1169.2307
1102.1616
1235.4587
1173.1769
1181.1432
1266.6564
1127.3844
1169.2307
1149.8613
1205.6525
1239.8281
1165.3090
1214.0317
1253.1096
1248.6533
1257.5955
1189.2098
1214.0323
1244.2262
1257.5955
1299.3479
1197.3794
1153.6877
1244.2262
1214.0323
1185.1638
1407.5313
1280.4785
1308.9774
1359.1835
1244.2256
1308.9774
1289.8484
1364.4016
1248.6533
1275.8397
1359.1835
1244.2262
1266.6570
1257.5948
1343.7499
1348.8580
1313.8412
1289.8491
1369.6564
1343.7499
1354.0024
1424.3665
1385.6534
1380.2822
1280.4785
1328.6394
1280.4778
1413.0999
1348.8580
1338.6777
1313.8419
1359.1827
1338.6770
1323.6719
1413.1014
1459.1908
1359.1835
1304.1454
1333.6410
1348.8573
1271.2327
1465.1501
1364.4016
1396.5128
1391.0621
1354.0024
1418.7131
1369.6564
1289.8484
1453.2758
1418.7131
1418.7123
1396.5120
1289.8491
1418.7123
1483.3047
1553.6344
1391.0630
1508.1760
1465.1501
1396.5128
1553.6344
1508.1760
1471.1552
1435.8004
1459.1908
1477.2056
1540.3862
1465.1501
1508.1760
1391.0630
1489.4501
1385.6534
1615.9996
1430.0613
1483.3037
1359.1835
1501.8853
1580.7834
1471.1543
1435.8004
1546.9836
1489.4501
1459.1908
1501.8843
1601.7375
1546.9827
1407.5304
1495.6434
1424.3665
1722.9473
1660.2583
1348.8580
1567.0984
1483.3047
1683.2555
1594.6951
1413.1007
1447.4072
1424.3656
1402.0018
1244.2262
1413.1007
1483.3047
1580.7834
1402.0018
1402.0018
1333.6410
1683.2544
1501.8843
1441.5820
1402.0018
1413.1014
1459.1908
1424.3656
1391.0621
1407.5313
1275.8403
1413.1014
1391.0621
1435.7996
1364.4009
1374.9514
1328.6394
1308.9767
1299.3472
1271.2327
1354.0024
1313.8419
1424.3656
1323.6719
1308.9774
1338.6777
1318.7402
1323.6726
1396.5111
1333.6410
1275.8397
1333.6403
1343.7499
1134.7864
1248.6533
1275.8403
1275.8403
1209.8293
1244.2262
1271.2327
1181.1432
1248.6533
1271.2333
1285.1479
1257.5955
1244.2256
1244.2256
1218.2625
1181.1432
1318.7395
1257.5955
1285.1479
1189.2098
1275.8397
1318.7402
1205.6525
1226.8048
1193.2814
1169.2301
1257.5955
1185.1638
1214.0317
1209.8293
1173.1769
1231.1178
1084.7717
1116.4464
1209.8293
1201.5021
1222.5199
1131.0737
1138.5204
1116.4464
1127.3844
1095.1445
1061.2531
1134.7864
1105.7012
1081.3533
1116.4464
1095.1450
1112.8436
1120.0707
1064.5560
1318.7402
1077.9556
1026.1250
1074.5764
1026.1245
1081.3538
1054.7041
1057.9689
1098.6428
1061.2531
1032.3529
1120.0707
1035.4927
1071.2174
1041.8250
1088.2095
1019.9652
1071.2169
1081.3538
1084.7717
995.9852
1064.5551
1057.9698
998.9268
942.9495
1026.1250
1010.8505
808.7150
998.9263
964.6419
973.0113
1061.2526
956.4029
981.5129
1023.0366
1035.4927
953.6847
975.8303
942.9503
942.9495
978.6641
961.8816
927.2519
942.9503
970.2071
956.4025
932.4316
942.9495
897.2328
1001.8833
919.5789
892.3990
953.6843
878.1758
929.8349
887.6122
862.0889
850.9188
927.2519
937.6643
833.5747
917.0467
932.4321
857.5897
873.5253
887.6125
885.2364
848.7157
859.8342
875.8448
833.5747
848.7154
875.8452
875.8452
862.0892
873.5249
837.8512
880.5183
820.9773
840.0043
837.8516
736.3350
804.6999
806.7030
755.5555
802.7056
810.7357
719.5963
800.7197
792.8644
783.2356
750.2265
727.8810
792.8644
777.5570
750.2265
753.7717
750.2265
833.5747
755.5555
736.3350
739.7649
736.3348
732.9328
726.2107
724.5471
736.3350
726.2107
722.8902
744.9634
719.5963
708.2723
697.2565
679.0555
709.8708
679.0557
685.0296
719.5963
697.2568
692.6271
651.8778
703.5144
676.1027
682.0310
686.5374
670.2634
663.0865
577.2666
654.6492
651.8781
639.6551
650.5001
634.3495
670.2634
633.0350
651.8781
631.7251
620.1439
631.7251
608.9235
598.0476
602.8399
611.3867
621.4126
612.6247
623.9634
558.7452
584.0546
593.3201
556.6327
564.0866
599.2396
606.4775
586.3477
600.4352
578.3885
557.6874
575.0338
564.0866
570.6119
565.1655
573.9229
581.7769
555.5816
552.4479
580.6437
559.8066
548.3160
545.2515
553.4893
544.2361
538.2120
529.3839
534.2580
489.5172
504.3064
535.2417
522.6845
528.4180
517.9861
516.1265
472.2178
506.9936
501.6427
499.0025
498.1277
496.3856
485.3042
496.3856
497.2554
488.6697
484.4688
496.3854
481.9767
465.8918
480.3273
484.4687
465.1111
465.1109
461.2384
486.9821
463.5555
470.6232
462.7810
460.4703
457.4187
458.1785
456.6610
461.2384
444.8114
480.3274
444.8113
451.4139
445.5372
442.6454
439.0737
436.2500
446.2648
444.0874
445.5370
432.0695
421.8979
434.1516
433.4557
403.2961
419.9101
421.2335
424.5721
395.9811
413.3918
412.7490
408.2938
402.0620
411.4681
399.0031
391.2214
405.7826
398.3958
396.5826
385.9748
380.8390
391.8113
376.3642
377.4752
380.8390
378.0325
385.3987
376.3643
381.9709
377.4752
377.4752
373.0625
335.3437
366.5941
371.9719
361.3376
366.5941
359.7837
355.1840
365.0046
355.6905
357.2169
349.6855
341.4445
341.9210
362.9020
335.8069
340.4948
332.1277
338.6076
340.9692
340.0215
334.8813
327.6153
333.5002
328.9591
327.1693
317.5861
318.0122
323.1962
322.3232
309.6489
311.7083
302.0081
303.9911
310.4702
304.7897
300.4356
303.5929
301.2203
300.8275
298.0998
296.9422
292.0024
290.8799
286.0890
290.1351
292.7544
283.5576
286.0890
282.4828
281.0591
289.3932
280.7048
274.7816
276.1587
272.3959
273.7554
273.0744
263.7942
264.4418
269.7062
269.3727
263.1490
254.6571
259.0101
262.5061
255.2724
255.2725
259.3252
257.7556
253.7380
251.0091
249.5112
260.2736
243.3569
245.3841
240.7853
249.8098
241.6382
241.3534
240.2190
231.6766
233.5678
241.9235
229.0118
228.2206
230.0726
230.3388
227.4333
223.8085
219.5134
226.6498
222.7876
216.5496
226.6498
219.0156
218.5193
216.7945
213.8806
212.6822
212.6822
209.1415
209.6089
208.4429
209.3750
201.6272
202.9661
202.5184
199.4217
198.3310
199.4217
195.9593
196.3877
195.1062
196.1733
192.5760
189.6785
188.4541
187.8459
186.2363
183.4624
183.2662
184.4468
181.1272
181.1272
181.3203
171.9780
177.5074
178.2617
171.9780
172.3398
172.7025
170.8985
169.2952
167.3611
169.6498
167.5358
166.6647
164.2555
162.0571
161.8895
161.7222
158.9091
157.6061
160.8885
155.5165
156.4767
153.1471
155.3571
154.0896
150.8213
149.2944
146.8896
148.0862
148.3871
147.1876
145.2630
144.3848
142.5034
142.6471
141.2177
140.2272
140.5094
139.1050
136.3450
136.8919
137.1663
135.2588
138.6870
133.6480
132.0591
131.6653
131.2728
