108.4355
110.7960
110.1469
111.3400
113.7671
116.9380
117.8613
119.1438
119.8497
119.3786
121.1558
121.2752
122.5983
125.2926
125.6650
128.9454
129.4585
132.9834
130.2326
135.2588
137.3038
137.4414
138.8262
140.3682
141.9303
142.6470
145.5571
146.5922
145.9997
150.3613
150.6678
149.1427
154.4053
156.4767
156.1558
157.7682
159.7301
161.5550
162.5612
164.4262
168.5886
165.9719
169.8275
169.6498
171.9780
174.1631
176.5703
175.2688
181.1271
183.4624
181.1271
184.2494
184.6445
188.0483
186.2363
188.8611
191.5345
194.2579
196.6024
196.6023
197.0326
198.3310
202.5185
202.2952
201.6272
204.0910
205.6799
207.7475
208.6754
212.2054
213.6401
214.6040
216.7944
215.5737
215.5737
219.7629
221.7730
224.0647
227.1717
225.3521
232.7547
227.9578
231.6766
230.8726
237.1379
239.9366
239.6547
236.8606
241.6382
243.6451
246.8468
246.5533
249.5112
248.9156
251.6120
256.1996
245.9677
257.4432
256.8203
259.3251
261.8653
266.7264
261.5459
263.4713
266.0707
267.7143
270.7102
273.0744
274.7815
272.0574
279.9983
276.1587
271.0461
278.9434
282.8404
275.8135
289.3932
286.4533
290.5072
292.7544
293.1314
300.0444
302.4031
293.8877
293.5092
313.3706
305.1903
294.2670
306.3966
309.2396
309.6490
307.6102
314.6263
319.7260
318.0122
317.1605
325.8366
326.2799
325.3943
324.0727
328.9591
329.8597
327.6153
334.8812
336.2711
336.2711
345.2847
342.8768
351.6695
342.3984
347.7189
352.6680
354.1742
358.2400
365.5333
356.7069
366.0631
358.2401
361.3376
363.4259
367.6599
355.6905
370.3456
376.3641
376.9189
374.7075
375.2585
378.0325
385.3988
384.2507
383.1081
373.6094
380.8391
394.1855
388.2927
401.4471
391.8113
397.1854
405.7827
402.0620
407.6637
403.9155
410.1937
409.5588
417.9373
407.0352
415.3300
426.5956
421.2334
421.8977
426.5958
428.6352
427.2739
452.1573
431.3791
435.5487
432.7617
436.9532
430.0036
439.0737
435.5487
452.1573
448.4597
458.1785
457.4187
455.1517
455.1517
446.2648
446.9946
461.2385
462.0088
464.3323
475.4343
482.8049
486.1417
492.0742
476.2440
464.3323
486.1419
477.8704
477.0560
481.1507
498.1277
495.5183
496.3856
494.6535
498.1277
492.9315
503.4159
527.4551
508.7984
506.0952
505.1995
507.8947
508.7984
520.7964
516.1263
528.4180
535.2419
525.5382
522.6844
572.8156
528.4180
540.2075
556.6325
535.2419
546.2697
546.2697
542.2155
560.8713
551.4099
560.8715
560.8713
579.5143
569.5155
568.4227
563.0116
585.1992
581.7769
573.9229
587.4999
589.8162
584.0546
585.1992
590.9801
587.4999
593.3199
598.0473
593.3199
594.4957
604.0480
604.0480
601.6353
625.2455
613.8670
626.5323
613.8670
611.3867
605.2605
593.3199
615.1136
617.6199
625.2455
647.7588
646.3959
646.3959
649.1267
639.6551
651.8776
654.6488
650.4996
647.7588
656.0421
643.6849
667.3766
680.5406
668.8173
667.3766
657.4409
667.3766
664.5114
691.0958
686.5374
692.6271
689.5705
676.1027
692.6271
695.7074
713.0864
705.0937
726.2107
721.2399
731.2421
721.2399
713.0864
721.2399
719.5963
714.7040
755.5555
744.9634
744.9634
703.5139
748.4648
722.8902
731.2421
744.9634
746.7105
744.9634
755.5555
755.5555
771.9510
779.4413
764.5872
798.7432
775.6802
768.2535
816.8533
808.7150
650.5001
810.7360
766.4164
850.9181
802.7056
833.5751
806.7030
825.1386
837.8512
837.8512
804.6999
853.1317
825.1386
850.9181
844.3395
956.4021
978.6641
862.0886
850.9181
844.3395
885.2361
857.5890
885.2364
904.5723
864.3542
871.2156
899.6672
873.5253
868.9183
878.1761
885.2364
914.5270
892.3994
880.5183
873.5253
892.3994
917.0467
902.1135
875.8452
899.6672
935.0416
917.0467
924.6815
1153.6877
973.0113
956.4021
902.1135
935.0412
1007.8456
998.9268
929.8353
909.5249
937.6639
919.5789
1051.4568
909.5249
990.1503
978.6641
950.9796
1029.2303
961.8808
961.8808
771.9510
998.9268
970.2062
1023.0366
984.3768
993.0602
1007.8456
975.8295
995.9856
1045.0176
1016.9105
993.0602
1045.0176
1051.4568
1029.2303
1057.9689
1001.8837
1026.1250
1067.8762
1032.3529
1035.4927
1023.0366
1084.7706
1091.6671
1116.4459
1074.5759
1098.6423
1095.1450
984.3763
1102.1621
1032.3529
1048.2281
1095.1440
1091.6661
1127.3844
1071.2164
1116.4464
1091.6661
1088.2084
1081.3528
1755.9960
1157.5377
1112.8436
1244.2250
1112.8436
1123.7167
984.3768
1153.6877
1153.6877
1181.1432
1146.0582
1149.8613
1105.7017
1112.8436
1161.4114
1189.2098
1173.1769
1189.2098
1205.6519
1157.5377
1165.3090
1231.1165
1235.4574
1235.4587
1222.5186
1214.0311
1177.1476
1146.0582
1214.0311
919.5789
1054.7037
1218.2612
1222.5186
1333.6410
1239.8269
1244.2250
1235.4574
1173.1769
1567.0984
1244.2250
1280.4785
1226.8036
1149.8613
1262.1112
2372.2832
1235.4574
1951.2290
1266.6570
1226.8036
1520.9071
1275.8403
1294.5824
1235.4574
1354.0024
1197.3788
1465.1501
1299.3479
1294.5824
1374.9506
1323.6726
1280.4785
1333.6410
1424.3647
1354.0024
1262.1112
1441.5802
1396.5111
1333.6410
1313.8419
1308.9774
1348.8580
1369.6571
1369.6571
1323.6726
1424.3647
1489.4501
1369.6571
1391.0621
1354.0024
1369.6571
1369.6571
1407.5295
1333.6410
1391.0621
1430.0604
1285.1479
1402.0001
1374.9506
1369.6571
1435.7987
1380.2822
1413.0999
1441.5802
1430.0604
1418.7114
1489.4501
1601.7375
1418.7114
1418.7114
1520.9071
1533.8414
1459.1908
1546.9836
1567.0984
1413.0999
1447.4055
1308.9774
1380.2822
1477.2065
1540.3862
1520.9071
1418.7114
1560.3391
1471.1552
1573.9130
1637.8467
1540.3862
1520.9071
1691.0527
1489.4501
1739.3232
1483.3047
1560.3391
1698.9207
1540.3862
1560.3391
1623.2207
1573.9130
1520.9071
1567.0984
1799.0310
1615.9996
1501.8853
1587.7106
1540.3862
1675.5214
1645.2532
1508.1760
1527.3485
1508.1760
1739.3232
1580.7834
1560.3391
1540.3862
1683.2532
1637.8467
1667.8563
1594.6951
1667.8563
1587.7106
1652.7230
1675.5214
1587.7106
1637.8467
1630.5028
1722.9449
1495.6434
1580.7834
1781.5771
1594.6951
1660.2572
1540.3862
1652.7230
1781.5797
1722.9449
1540.3862
1667.8563
1731.0986
1594.6951
1961.5555
1739.3208
1731.0962
1675.5214
1623.2207
1580.7834
1714.8658
1881.7422
1755.9960
1739.3232
1764.4463
1772.9738
1683.2532
2179.6064
1706.8580
1764.4437
1698.9207
1790.2650
1881.7422
1881.7422
1667.8563
1698.9207
1853.3827
1910.9374
1560.3391
1652.7230
1834.9231
1853.3827
1424.3647
1807.8785
1706.8580
1862.7452
1698.9207
1901.1105
1637.8467
1853.3827
1667.8563
1834.9231
1799.0310
1951.2290
1872.1980
1891.3793
1920.8611
1910.9374
1722.9449
1910.9374
1706.8580
1739.3232
1971.9865
1982.5236
1951.2290
1862.7452
1853.3827
1790.2650
1910.9374
1910.9374
2105.9255
1951.2290
1901.1105
2014.7877
1920.8611
2003.9225
1872.1980
1971.9865
2014.7877
1961.5555
1930.8833
2014.7877
2003.9225
1781.5797
1891.3793
2036.8600
1961.5555
1853.3827
2025.7657
2117.8711
1930.8833
1971.9865
1862.7452
2048.0674
1971.9865
1993.1683
1920.8611
1930.8833
1993.1683
2014.7877
2094.1045
2070.8435
2142.1619
2048.0674
2105.9238
2105.9238
2014.7877
2105.9238
1834.9231
1993.1683
2105.9238
2231.5227
2070.8418
2070.8418
2014.7877
1993.1683
2218.3232
2231.5227
2105.9238
1920.8611
2166.9868
2094.1045
1683.2532
2117.8711
2258.3777
2129.9521
1799.0310
2142.1619
2117.8745
2328.3022
2025.7657
1982.5236
2094.1045
2014.7877
2036.8584
2205.2722
1951.2290
2048.0674
1993.1683
2094.1045
2402.4998
2433.4641
2166.9868
2231.5227
2192.3677
2218.3232
2372.2832
3108.3335
2342.7876
2142.1619
2299.8406
2179.6064
2105.9238
2313.9875
2285.8586
1993.1683
2205.2722
2166.9868
1982.5236
2449.2354
2154.5059
2218.3232
2357.4468
2142.1619
2272.0386
5314.0566
2387.2996
2387.2996
2357.4468
2372.2832
2328.3022
2070.8418
2129.9521
2244.8733
2272.0386
2328.3022
2387.2996
2372.2832
2481.3745
2387.2996
2481.3745
2514.3342
2372.2832
2258.3777
2299.8406
2402.4998
2258.3777
2192.3677
2313.9875
2342.7876
2244.8733
2357.4468
2179.6064
2231.5227
2750.9519
2244.8733
2142.1619
2299.8406
2387.2996
2497.7498
2402.4998
1982.5236
1881.7422
2342.7876
2218.3232
2565.3831
2357.4468
2313.9875
2299.8406
2465.2041
2402.4998
2449.2354
2497.7498
2531.1318
2514.3342
2387.2996
2750.9519
2372.2832
2272.0386
2417.8867
2514.3342
2582.8452
2328.3022
2673.7043
2328.3022
5954.4224
2919.1033
2497.7498
2497.7498
2481.3745
2618.4651
2402.4998
2531.1318
2449.2354
2531.1318
2618.4651
2941.5273
2531.1318
2387.2996
2731.2351
2449.2354
2600.5376
2897.0076
1396.5111
2342.7876
2832.6191
2692.6196
2433.4641
2497.7498
2919.1033
2711.8005
2497.7498
2711.7947
3058.8364
1739.3208
1146.0582
2600.5376
2531.1318
2673.7043
2770.9392
4227.0918
2853.7725
2565.3855
2711.8005
2655.0435
2514.3342
2655.0435
2618.4651
15273.7168
2600.5376
2387.2996
2655.0435
2673.7043
2711.7947
2582.8452
2875.2329
2941.5273
2582.8452
2791.2090
4855.4438
2731.2410
2770.9392
2449.2354
2750.9519
2750.9519
2791.2090
2711.8005
2618.4651
2791.2090
2618.4651
2618.4651
2618.4651
2465.2041
2919.1033
2875.2329
2711.7947
2919.1033
2811.7639
2964.2869
2791.2090
2811.7668
2342.7876
2417.8867
2548.1467
3185.5576
2875.2329
2497.7498
2941.5273
2897.0076
2600.5376
2731.2351
2692.6196
2750.9519
2832.6191
3239.1433
3058.8364
2964.2869
2770.9392
2465.2041
2987.3896
2600.5376
2853.7725
2711.7947
2711.7947
2791.2090
2897.0076
2692.6196
2987.3896
3034.6599
2514.3342
3083.3926
2964.2869
24514.8535
2919.1033
3010.8435
3239.1394
2987.3896
3083.3926
2964.2869
2531.1343
2791.2090
2832.6191
2964.2869
2964.2869
2655.0435
3108.3335
2853.7725
3108.3335
2387.2996
3058.8364
3133.6685
3010.8435
2791.2090
2987.3896
2941.5273
3083.3926
2770.9392
2987.3896
4368.7520
2636.6321
2618.4651
3441.2710
2853.7725
3034.6563
3083.3926
2987.3896
3010.8435
3058.8364
2875.2329
3503.5969
3159.4065
2636.6321
3058.8364
3239.1394
2692.6252
2964.2869
3266.5908
2964.2869
2750.9519
2987.3896
3010.8435
2618.4651
2964.2869
2853.7725
2673.7100
3010.8435
2875.2329
3058.8364
3133.6685
2987.3896
3294.4976
2875.2329
3083.3926
3058.8364
3776.5112
3108.3335
3185.5576
3635.0703
3108.3335
3322.8708
3704.4714
3083.3926
3266.5908
3212.1318
3322.8708
3351.7224
2770.9392
3294.4976
2750.9460
3776.5002
2897.0076
3351.7224
3034.6563
3058.8364
3441.2710
3239.1433
1675.5214
2548.1467
2941.5273
3266.5908
3472.1621
3058.8364
2987.3896
827.2334
2964.2869
3410.9097
3704.4714
3133.6685
3108.3335
2832.6191
3322.8708
3010.8435
3813.5583
3034.6563
2655.0435
3322.8708
3108.3335
3969.1099
9977.1689
3601.3108
2770.9392
3034.6563
3034.6563
4916.1445
4009.9492
2105.9238
3185.5576
3472.1621
3185.5576
3212.1318
2897.0076
3381.0645
3322.8708
3294.4976
3889.8186
3472.1621
2417.8867
3294.4976
4368.7588
3381.0645
2941.5273
2964.2869
3010.8435
3212.1318
3635.0703
3441.2710
3740.1482
3472.1621
3083.3926
3266.5908
3212.1318
3351.7224
3635.0703
3669.4514
3239.1394
2987.3896
3669.4514
3034.6563
3635.0703
3322.8708
3441.2710
3535.5898
3010.8435
3294.4976
3889.8186
4181.8472
3083.3926
3058.8364
3010.8435
3083.3926
3776.5002
3322.8708
2673.7070
4468.4595
3266.5908
2941.5273
3351.7224
3322.8708
3503.5969
2832.6191
3813.5583
2565.3831
3503.5969
3159.4065
2964.2869
3034.6563
3929.0742
3083.3926
3322.8708
3472.1621
3969.1099
3503.5969
4051.6165
3133.6685
6138.9326
3669.4617
3568.1560
3441.2710
3441.2710
3133.6685
3535.5898
3322.8708
3635.0703
4051.6165
1982.5236
3851.3093
4009.9492
3851.3206
3410.9097
3441.2710
3776.5112
4468.4595
3969.1099
3704.4714
3503.5969
3322.8708
4468.4595
2655.0488
4320.5122
2941.5273
3108.3335
3472.1621
3266.5908
4094.1375
4094.1375
2673.7043
4137.5386
3969.1099
5616.3613
3410.9097
3266.5908
3669.4514
3322.8708
4094.1375
3740.1482
4009.9492
3969.1099
3472.1621
3813.5583
9735.1426
3381.0645
2941.5273
3472.1621
3441.2710
3635.0703
3813.5583
3635.0703
3410.9097
3503.5969
3294.4976
2433.4641
2692.6252
5386.5947
5780.5376
4009.9492
3669.4514
3212.1318
3601.3108
4094.1375
2811.7668
3472.1621
4009.9492
2875.2329
3410.9097
3851.3206
5314.0566
3351.7224
3322.8708
3601.3108
3969.1099
3568.1560
3441.2710
4051.6165
3568.1560
3322.8708
3776.5112
3969.1099
3381.0645
3381.0645
4009.9492
3635.0703
3969.1099
4094.1375
3889.8186
3813.5583
3381.0645
3601.3108
3212.1318
3601.3108
3704.4714
3929.0742
3851.3206
4009.9492
3441.2710
3441.2710
4227.0918
3813.5583
3472.1621
3929.0625
4137.5386
4227.0918
3889.8186
4051.6165
4094.1375
3322.8708
4418.0630
3929.0742
3889.8186
2941.5273
3601.3108
4181.8472
3740.1482
3704.4714
2919.1033
4273.3032
4137.5386
3889.8186
3813.5583
3381.0645
3969.1099
4796.1943
4181.8472
3351.7224
4051.6165
4368.7520
3929.0742
3936.4492
3929.0742
4137.5386
3813.5583
3851.3206
3351.7224
3472.1621
3813.5583
3239.1394
3776.5002
4009.9492
3851.3206
3776.5112
3889.8186
3535.5898
3889.8186
3969.1099
4137.5386
3813.5474
3851.3206
4681.8467
4137.5386
4320.5122
3813.5583
3969.1099
4181.8472
3969.1099
3601.3108
5107.5103
3969.0979
5314.0566
3969.1099
3159.4065
4137.5386
4051.6165
4320.5122
3535.5898
3813.5583
3212.1318
6766.6094
3929.0742
3776.5112
4273.3032
3776.5002
3704.4714
3351.7224
5780.5376
3568.1560
3969.1099
4009.9492
3929.0742
4137.5386
3969.1099
4094.1375
5780.5376
3813.5583
4368.7520
4468.4595
4009.9492
4181.8472
3929.0742
3159.4065
3969.1099
4137.5386
4368.7520
4051.6165
4051.6165
4681.8467
3851.3206
4520.0005
3441.2710
3969.1099
4468.4595
5042.1196
4009.9492
4796.1943
4137.5386
3889.8186
3969.1099
3740.1482
4009.9492
4009.9492
3969.1099
3601.3108
4181.8472
3503.5969
4094.1375
4916.1445
3813.5583
3969.1099
18826.3027
3889.8186
4009.9492
3535.5898
3851.3206
3969.1099
53525.0039
3969.1099
4626.6523
3889.8071
3635.0703
4009.9492
4009.9492
3776.5112
4681.8467
4572.7183
3889.8186
4227.0918
4320.5122
3813.5583
4181.8472
3472.1621
4368.7520
4796.1943
4094.1375
2328.3022
4681.8467
4468.4595
3851.3206
3740.1587
4094.1375
2600.5376
4009.9492
3851.3206
4681.8467
4051.6165
4094.1375
3813.5474
3929.0742
4738.3447
3969.1099
3381.0645
3813.5583
4227.0918
4572.7183
4681.8467
3969.1099
3813.5583
4468.4595
4051.6165
4043.4141
4572.7183
4320.5195
3704.4714
4320.5122
4227.0918
3776.5002
10231.4072
4009.9492
4572.7183
2964.2869
4855.4438
1257.5955
4094.1375
4468.4595
3704.4817
4051.6165
4626.6523
4051.6165
4051.6165
4051.6165
4520.0005
4051.6165
5866.2134
4681.8467
3851.3093
4094.1375
2548.1467
2866.3262
4009.9492
3813.5583
3776.5112
4418.0483
4855.4438
4181.8472
4051.6165
3969.1099
2618.4651
4137.5386
4626.6523
4855.4438
3472.1621
4094.1375
4320.5122
4855.4438
4468.4595
3635.0703
4181.8472
4094.1375
3535.5898
4009.9492
3889.8071
3929.0742
3776.5002
4181.8472
4855.4438
4468.4595
5042.1294
4418.0557
5042.1196
3851.3093
4368.7520
4181.8472
4368.7520
3929.0742
3851.3206
4181.8472
4418.0557
4051.6165
6235.4268
5616.3613
4320.5122
5174.5854
4796.1943
4320.5122
4626.6523
4468.4595
4273.3032
4418.0557
4681.8467
4181.8472
4273.3032
3889.8186
4320.5122
6335.0122
3813.5583
4094.1375
4916.1445
5866.2134
5461.1035
4320.5122
3776.5002
4855.4438
4916.1445
5174.5854
4626.6523
4916.1445
4520.0005
4978.3511
5042.1196
5314.0566
4418.0557
4227.0918
3133.6685
5537.6636
4137.5386
4181.8472
5042.1196
5314.0566
4227.0918
5314.0566
4572.7183
4796.1943
7395.0156
7260.3022
3740.1587
5243.4111
5616.3853
4572.7183
5314.0566
5314.0566
5866.2393
5866.2393
3381.0645
5461.1035
5954.4492
5954.4492
32306.5723
5314.0566
7004.8989
5780.5376
5866.2393
7534.7524
5537.6753
6883.7310
5107.5103
5386.5947
5780.5376
35091.4961
6235.4556
5866.2393
5386.5947
5174.5854
5386.5947
6437.7168
6766.6265
8873.1055
7987.0776
9074.1309
3133.6685
5243.4111
6335.0122
5697.3115
7130.3462
5780.5625
5537.6636
1834.9231
5616.3613
6045.3066
5780.5376
5107.5103
5314.0566
5314.0566
5042.1196
7004.8989
2117.8745
5386.5947
6138.9326
5616.3853
5537.6636
4368.7520
6045.3066
5461.1260
7395.0156
6883.7310
5866.2393
5461.1035
5107.5200
5954.4492
6653.3843
5461.1035
5461.1260
6045.3066
6235.4556
5461.1035
5243.4111
4227.0918
5697.2871
4738.3447
5386.5947
6437.7480
5461.1260
5780.5625
5697.3115
5243.4111
6543.8169
5174.5854
6437.7480
5386.5947
5616.3853
7534.7524
5314.0566
5537.6870
5780.5625
4978.3511
5042.1196
5386.5947
3929.0742
5042.1196
5174.5854
6138.9326
5386.6167
6653.3843
5386.5947
5461.1035
8496.3750
6766.6265
6138.9326
4137.5386
4681.8467
5537.6870
5314.0566
6235.4556
6653.3843
5107.5103
5107.5103
5386.5947
5042.1196
5461.1035
4181.8472
4273.3032
5314.0566
7004.8989
7987.0776
4468.4595
4796.2026
3058.8364
4626.6523
6138.9048
5314.0566
5243.4111
5616.3853
5107.5103
5174.5854
5243.4111
5537.6636
5243.4111
7130.3462
6060.9219
5174.5854
5174.5854
1971.9865
4520.0005
5243.4111
4916.1445
5314.0566
5042.1196
5780.5625
5174.5854
5386.5947
5537.6636
4520.0005
4418.0557
5042.1196
4978.3511
5461.1035
5042.1196
5107.5103
4855.4438
5314.0566
5780.5625
3929.0742
4855.4438
4978.3511
4978.3511
5386.5947
4738.3447
5042.1196
5386.5947
6437.7480
5314.0566
5243.4111
6335.0122
5107.5103
5107.5103
5386.5947
5107.5103
4320.5122
4468.4595
6138.9326
5461.1035
5386.5947
7130.3462
5461.1035
4094.1375
4855.4438
5461.1035
5616.3613
4468.4595
5461.1035
5107.5103
5461.1035
7260.3022
5386.5947
4418.0557
5107.5103
4796.1943
2692.6252
5243.4111
5461.1035
4978.3511
4368.7520
5386.5947
5042.1196
6235.4556
4916.1445
4681.8467
4572.7183
4796.1943
4626.6445
5780.5625
5243.4111
5243.4111
6045.3066
5386.6167
4681.8467
5386.5947
12447.4258
3813.5583
5107.5103
4320.5122
5537.6636
5243.4111
4681.8467
3929.0742
5107.5103
5174.5854
4626.6523
5042.1196
4916.1353
3889.8186
5042.1196
5045.8105
5461.1035
4320.5122
5537.6870
5697.2871
5386.6167
4916.1445
4796.1943
5954.4492
6138.9326
5386.5947
4796.1943
5866.2393
5042.1196
5314.0566
4468.4595
4626.6523
5042.1196
4916.1445
4681.8467
4855.4438
5314.0566
4916.1445
6437.7480
5243.4111
4227.0918
5866.2393
5243.4111
6766.6265
5537.6636
4626.6523
4418.0557
5386.5947
2832.6191
5243.4111
4916.1445
5866.2393
4468.4595
4418.0557
4855.4438
4320.5122
5174.5854
5107.5103
4368.7520
3851.3206
4418.0557
5386.5947
5461.1035
4368.7520
4855.4438
5616.3613
4796.1943
5314.0566
4418.0557
4051.6165
5697.2871
4320.5122
4978.3511
4572.7183
3851.3206
4626.6523
4137.5317
4855.4438
8319.6279
5314.0566
4468.4595
5042.1196
4916.1445
3669.4617
4468.4595
2636.6375
4320.5122
4520.0005
4368.7520
3635.0803
4320.5122
4855.4438
4572.7183
4978.3604
5042.1196
5780.5376
19743.7051
4137.5386
4796.1943
4681.8467
4855.4438
4572.7183
4978.3511
4468.4595
4368.7520
4418.0557
5461.1035
4368.7446
4520.0005
4009.9492
2449.2354
4320.5122
5042.1196
4320.5122
4738.3447
4268.0137
4916.1445
5107.5103
4916.1445
4796.1943
6138.9326
5461.1035
4418.0557
3889.8186
4273.3032
6543.8169
5508.3750
5107.5103
5174.5854
4051.6165
5107.5103
5314.0566
5174.5854
4368.7520
4681.8467
3669.4617
5107.5103
4978.3511
4368.7520
5461.1260
4094.1375
3740.1587
5243.4111
4051.6165
3889.8186
3929.0742
4368.7520
4978.3511
4051.6165
5314.0566
4796.1943
5314.0566
4181.8472
4468.4595
4796.1943
4796.1943
4626.6523
4009.9492
4468.4595
4227.0918
4320.5122
4796.1943
4227.0918
4520.0005
3669.4617
3635.0803
4227.0918
5042.1196
4520.0005
4368.7520
4320.5122
4137.5386
5243.4111
6045.3066
4978.3511
3813.5527
5386.5947
3635.0803
4273.3032
4468.4595
3851.3206
3813.5527
5537.6870
4916.1445
5537.6636
3889.8186
4137.5386
4572.7183
3969.1099
4520.0005
3669.4617
4368.7520
4916.1445
4626.6523
3601.3206
4468.4595
3969.1099
3776.5112
4468.4595
3635.0803
4418.0557
4626.6523
4320.5122
4368.7520
4572.7183
4273.3032
4468.4595
4468.4595
4418.0557
3568.1560
4137.5386
4181.8472
4320.5122
4468.4595
47315.8320
4418.0557
4320.5122
5042.1196
3969.1099
4051.6165
4320.5122
3851.3206
4520.0005
3813.5583
2897.0076
3969.1099
3889.8186
3813.5583
3889.8127
3503.6016
3969.1099
3704.4817
3441.2710
4681.8467
4368.7520
4418.0557
3535.5994
3704.4817
3889.8186
4137.5386
3776.5112
3851.3206
4418.0557
3813.5583
3669.4617
6335.0122
4520.0005
3813.5583
4468.4595
3776.5112
4855.4438
3351.7224
3776.5112
4273.3032
4520.0005
4137.5386
3704.4817
3704.4817
3889.8186
3669.4514
3669.4617
3776.5112
4418.0557
3601.3108
4418.0557
4009.9492
3535.5898
3266.5908
4320.5122
4368.7520
4009.9492
3704.4817
4181.8472
3669.4617
3568.1658
3851.3206
4626.6523
3889.8186
3740.1587
3740.1587
3889.8186
3294.4934
3635.0803
3889.8186
3704.4817
4738.3447
4855.4438
3669.4617
4051.6165
3813.5583
7130.3462
3851.3206
3239.1394
4273.3032
3889.8186
3969.1099
2832.6191
3185.5576
4572.7183
3185.5576
3704.4714
4227.0918
3601.3206
3813.5583
3472.1621
3740.1533
4320.5122
4572.7183
4320.5122
3813.5583
2897.0076
3441.2710
3740.1587
3381.0645
3635.0803
3740.1587
3669.4617
3351.7224
3108.3335
3239.1394
3601.3206
4320.5122
3740.1587
3239.1394
3351.7224
3472.1621
3441.2710
3740.1587
3472.1621
3410.9097
3351.7224
3294.4976
4051.6165
3601.3108
3441.2710
3740.1482
3381.0645
3535.5898
4181.8472
3212.1318
3322.8708
3813.5583
3185.5576
3159.4065
3472.1621
2987.3896
3601.3206
3322.8708
2919.1033
3472.1621
3503.5969
3669.4617
3294.4976
3266.5908
3669.4617
3133.6685
3266.5908
3351.7224
3704.4817
3969.1099
3133.6685
3034.6563
3159.4065
2964.2869
3568.1560
3108.3335
3568.1560
3159.4065
2875.2329
3239.1394
3535.5898
3034.6563
3058.8364
3133.6685
3239.1394
3535.5898
3776.5112
3294.4976
3159.4065
3535.5898
3669.4617
2811.7668
3108.3335
3472.1621
2711.8005
3472.1621
2987.3896
2582.8452
3294.4976
3294.4976
2919.1033
2941.5273
2919.1033
3212.1318
3351.7224
2919.1033
3441.2710
3669.4617
2919.1033
3239.1394
3185.5576
2770.9392
3159.4065
2897.0076
3159.4065
3185.5576
3010.8435
3239.1394
2811.7668
3185.5576
3351.7224
3185.5576
3535.5898
3058.8364
3083.3926
2987.3896
2811.7668
3185.5576
2897.0076
2811.7668
3010.8435
2514.3342
2941.5273
3239.1394
2875.2329
2791.2090
2987.3896
2897.0076
3410.9097
2875.2329
2711.8005
2919.1033
3034.6563
3159.4065
2811.7668
4916.1445
3133.6685
3212.1318
3212.1318
2875.2329
2117.8745
2987.3896
2600.5376
3010.8435
2919.1033
2987.3896
2731.2410
2875.2329
2853.7725
2853.7725
2832.6191
3058.8364
3472.1621
2750.9519
3034.6563
3010.8435
2244.8733
2750.9519
2565.3831
2514.3342
2618.4705
2770.9392
2465.2041
3010.8435
2636.6375
2811.7668
2531.1343
2875.2329
2655.0435
2791.2090
3159.4065
2832.6191
2750.9519
3294.4976
2853.7725
2750.9519
2875.2329
2636.6375
2897.0076
2875.2329
2832.6191
2618.4651
2791.2090
2692.6252
2791.2090
2811.7668
7004.8989
2811.7668
2417.8867
3568.1658
2417.8867
3083.3926
2832.6191
2357.4468
2853.7725
2731.2410
2750.9519
2582.8452
3503.5969
2731.2410
2600.5430
2655.0488
2770.9392
2636.6375
2582.8452
2618.4651
2244.8733
2711.8005
2548.1467
2811.7668
2600.5376
3083.3926
2897.0076
2497.7498
2565.3831
2655.0435
2731.2410
2387.2996
2129.9521
2299.8406
2449.2354
2402.4998
2449.2354
2919.1033
2372.2832
2655.0435
1615.9996
2548.1467
2673.7100
2481.3745
3704.4817
2673.7100
2582.8452
2531.1318
2449.2354
2919.1033
2402.4998
2357.4468
2600.5376
2692.6252
2875.2329
2313.9875
2465.2041
2582.8452
2465.2041
3010.8435
2372.2832
2731.2410
2372.2832
2449.2354
2497.7498
2673.7100
2941.5273
2433.4641
2299.8406
2313.9875
2357.4468
2897.0076
2402.4998
2531.1318
2299.8406
2600.5376
2082.4146
2205.2722
2094.1079
2244.8733
2342.7876
2565.3831
2285.8586
2154.5059
2897.0076
2328.3022
2618.4651
2433.4641
2328.3022
2082.4146
2117.8745
3740.1587
2059.3945
2548.1492
1971.9865
2129.9521
1834.9231
2166.9868
2770.9392
1951.2290
2618.4651
2129.9521
2372.2832
2244.8733
2299.8406
2565.3831
2244.8733
2655.0435
2192.3677
1930.8833
1971.9865
2299.8406
1951.2290
2117.8745
2231.5227
2692.6252
2129.9521
2154.5059
1982.5236
2531.1318
1364.4016
2059.3979
2417.8867
2129.9521
2094.1079
2357.4468
2059.3979
2166.9868
2299.8406
1920.8611
1951.2290
2082.4111
1993.1683
2192.3677
2600.5376
2036.8584
2285.8586
2059.3945
2070.8452
1630.5028
2094.1079
2048.0708
2205.2722
2154.5059
2105.9272
2048.0674
1901.1105
2014.7877
2531.1318
2166.9868
1755.9960
2328.3022
2258.3777
2059.3945
2070.8418
1941.0055
1891.3793
1637.8467
1844.1091
1930.8833
1920.8611
2082.4111
1637.8467
1971.9865
2082.4111
2565.3831
2205.2722
1920.8611
1930.8833
1920.8611
1834.9231
1844.1091
1930.8833
1816.8091
1862.7452
2070.8418
1807.8785
2059.3945
1910.9374
1891.3793
1799.0297
1825.8235
1816.8091
1453.2766
2014.7877
1825.8235
1930.8833
2070.8452
1825.8235
1407.5295
1790.2650
1930.8833
1807.8785
1799.0310
1825.8235
1667.8563
1722.9473
1747.6219
1961.5555
1807.8785
1764.4463
1731.0962
1683.2532
1807.8785
1683.2532
1799.0310
1772.9738
1652.7230
1691.0527
1982.5236
1652.7230
1844.1091
1714.8682
1630.5028
1834.9231
1623.2207
1667.8563
1652.7230
1667.8563
1722.9473
1675.5214
1667.8563
1623.2207
1790.2650
1567.0984
1698.9207
1652.7230
1691.0527
1615.9996
1594.6951
1601.7375
1527.3485
1660.2572
1691.0551
1501.8853
1623.2207
1553.6344
1594.6951
1739.3232
1567.0984
1608.8389
1660.2572
1567.0984
1706.8580
1560.3391
1645.2532
1637.8467
1637.8467
1573.9130
1546.9836
1594.6951
1706.8580
1514.5165
1594.6951
1495.6434
1546.9836
1520.9071
1471.1552
1731.0986
1527.3485
1637.8467
1514.5165
1540.3862
1527.3485
1623.2207
1533.8414
1495.6434
1483.3047
1560.3391
1560.3391
1447.4072
1447.4072
1447.4072
1533.8414
1430.0604
1424.3647
1402.0001
1471.1552
1308.9774
1418.7114
1380.2822
1424.3647
1453.2766
1380.2822
1396.5111
1374.9506
1359.1835
1418.7114
1471.1552
1391.0621
1359.1835
1088.2095
1391.0621
1380.2822
1471.1552
1262.1112
1380.2822
1413.0999
1441.5802
1285.1479
1289.8484
1308.9774
1369.6571
1308.9774
1546.9836
1413.0999
1323.6726
1280.4785
1560.3391
1294.5824
1338.6777
1275.8403
1304.1461
1338.6777
1333.6410
1308.9774
1459.1908
1280.4785
1308.9774
1262.1112
1280.4785
1338.6777
1304.1461
1253.1096
1197.3788
1396.5111
1253.1096
1294.5824
1691.0551
1280.4785
1248.6533
1285.1479
1239.8281
1214.0311
1157.5377
1280.4785
1226.8036
1173.1769
1149.8613
1098.6433
1209.8280
1149.8613
1239.8281
1189.2098
1185.1638
1041.8250
1214.0311
1157.5377
1459.1908
1165.3090
1149.8613
1146.0582
1153.6877
1142.2781
1120.0707
1146.0582
1146.0582
1222.5186
1146.0582
1123.7167
1029.2303
1088.2095
1127.3844
1116.4464
1146.0582
1088.2095
1123.7167
1091.6671
1081.3538
1109.2621
1088.2095
1120.0707
1102.1621
1105.7017
1091.6671
1102.1621
1077.9546
1081.3538
1038.6500
1095.1450
1045.0176
1041.8250
1173.1769
1019.9652
1004.8566
1088.2095
1019.9652
1054.7037
1048.2281
1023.0366
1035.4927
1004.8566
1081.3528
1032.3529
1041.8250
1010.8509
1041.8250
1004.8566
1057.9689
1067.8762
1004.8566
1032.3529
961.8808
970.2071
993.0602
1007.8456
973.0113
984.3768
956.4021
984.3768
984.3768
953.6839
945.6125
945.6125
956.4029
940.3000
917.0467
935.0412
964.6415
956.4021
935.0412
950.9796
907.0423
953.6839
899.6672
897.2328
922.1238
897.2328
937.6639
956.4021
940.3000
833.5751
890.0002
864.3549
837.8512
907.0423
880.5183
902.1135
827.2334
882.8717
1209.8280
894.8102
862.0892
859.8342
875.8452
868.9183
837.8512
864.3549
892.3994
862.0892
831.4515
857.5890
853.1320
790.9216
837.8512
835.7083
1123.7167
862.0892
831.4515
837.8512
792.8644
818.9106
820.9773
729.5581
755.5555
806.7030
820.9773
798.7432
812.7661
800.7200
808.7150
771.9510
796.7750
770.0983
766.4164
760.9517
764.5872
768.2535
762.7656
721.2399
516.1263
739.7651
731.2421
743.2235
743.2235
738.0466
739.7651
709.8704
738.0466
703.5139
732.9328
729.5581
711.4756
686.5374
719.5963
703.5139
691.0958
697.2568
688.0510
719.5963
686.5374
680.5406
667.3764
657.4409
689.5705
689.5705
673.1721
680.5406
660.2533
676.1027
688.0510
664.5114
656.0425
674.6346
653.2611
664.5114
568.4227
630.4200
633.0350
646.3959
660.2533
636.9927
660.2533
622.6857
688.0510
646.3959
618.8797
575.0338
617.6199
631.7251
625.2455
640.9935
611.3867
643.6849
607.6985
594.4957
618.8797
612.6247
594.4957
565.1655
593.3199
592.1480
571.7120
608.9233
595.6755
565.1655
573.9229
580.6437
582.9139
608.9236
575.0338
581.7769
588.6561
578.3885
561.9399
573.9229
564.0868
567.3334
579.5143
558.7454
555.5813
551.4099
559.8068
549.3440
548.3160
549.3440
552.4478
567.3334
535.2419
536.2288
544.2362
548.3160
518.9202
531.3245
517.9861
520.7967
530.3527
501.6429
499.8802
525.5382
510.6140
508.7984
510.6140
513.3577
509.7049
502.5281
511.5258
489.5172
500.7602
500.7602
479.5059
482.8049
506.9936
489.5172
466.6750
485.3042
486.9821
474.6268
464.3323
464.3323
474.6268
475.4343
468.2477
473.8216
469.8292
450.6723
473.0188
455.1517
444.0874
448.4597
449.9328
445.5370
452.9030
448.4597
446.9945
441.9273
468.2477
443.3654
447.7261
432.0695
443.3654
439.0737
419.9099
436.9532
430.6904
430.6904
419.9099
419.9099
425.9195
418.5931
417.9372
416.6303
414.0363
423.9010
415.3300
410.8301
395.9810
406.4081
401.4472
410.8301
409.5588
401.4472
399.6119
397.1854
407.0352
395.9810
401.4472
397.1854
394.1854
388.2927
380.2751
387.7111
386.5522
383.1081
383.1081
378.5912
386.5522
379.7125
374.7075
373.6095
371.9719
375.2586
369.2676
367.6599
365.5333
370.8864
358.2401
358.7535
365.0046
359.2680
355.6905
358.7535
353.1689
359.7837
348.2089
343.3562
349.1922
345.7694
345.2847
354.1742
344.3184
343.3563
337.2028
343.3563
340.9692
341.9210
335.8069
338.1384
330.3114
335.8068
329.4089
331.6722
322.7593
325.3943
324.9529
317.1605
323.6340
324.5123
315.8895
315.4676
322.7593
301.6137
315.0465
310.4702
314.6263
305.1903
308.4232
304.7898
304.7898
298.8754
304.7898
309.6490
300.0444
302.7990
298.8754
297.3273
291.6275
291.2534
293.8877
295.7912
293.1314
291.6276
286.0890
284.2774
297.7132
280.7049
285.0000
282.1259
275.4689
282.4828
276.8510
282.1259
273.0744
273.4146
274.7816
271.0461
275.1249
272.0574
266.3983
264.4418
265.0916
267.3844
272.0574
263.4713
263.7942
259.3251
254.9645
253.7380
254.9645
252.5200
255.5810
252.8237
252.2168
248.6186
243.3569
246.8468
243.6451
245.0931
239.3732
242.2092
241.0691
237.9727
237.6940
241.0691
239.3732
236.0313
234.9319
232.2148
233.0253
234.1121
224.0647
227.9578
226.1294
228.2207
226.9105
227.9578
226.3894
226.6498
222.5333
221.5203
221.0163
216.3051
217.5314
214.1213
218.7673
212.4436
214.8459
211.9676
214.3625
209.6089
210.5481
209.8432
207.0552
206.5955
205.2243
210.5481
201.4052
200.0800
200.0800
198.3310
198.9845
198.9845
196.3877
195.7455
194.2579
196.1733
193.6249
191.7422
190.9132
197.8969
189.0650
187.8459
188.4541
184.0522
188.4541
185.4382
185.8367
185.2394
185.0408
180.1654
179.4008
174.3468
173.7965
173.7965
161.5550
175.0839
171.0778
172.8842
171.0778
171.7975
171.6172
168.4126
170.7194
168.2368
165.7992
165.1109
165.9719
162.5612
163.5752
163.0672
162.2249
159.0729
160.2253
159.0729
157.7682
157.6061
153.1471
155.8358
153.4605
151.7465
151.9013
150.3613
151.2831
149.7505
146.7408
149.4462
146.5922
147.4864
145.5571
147.3369
148.6888
144.2390
142.5034
145.4100
141.3599
139.1050
138.9655
140.9339
139.6648
136.4815
136.7550
130.8816
136.2087
134.7194
132.3224
132.9834
131.7964
132.0591
129.9740
130.8816
129.8449
129.3300
129.4585
128.1799
125.7895
125.2926
124.7979
123.3267
122.9619
121.8747
121.0364
120.6790
120.9171
121.6345
120.3228
117.8613
116.5937
116.9380
115.5676
116.4792
115.0017
116.0224
115.2277
114.1024
112.9888
112.7675
111.0132
111.8867
111.7772
112.2161
111.0132
110.4710
108.7543
110.0392
108.9673
108.3295
107.5902
107.3800
108.1177
107.0654
104.7872
105.6098
104.9923
103.5656
102.9603
104.3784
101.5617
103.2625
103.2625
99.5968
102.2585
102.6589
112.1062
103.1616
106.4390
106.3350
108.9673
107.4850
108.1177
109.3948
111.4491
111.1221
113.5441
116.0224
113.9905
117.0529
117.9773
119.1438
120.6790
122.7194
120.7980
123.5706
124.4283
125.9140
127.1673
128.6897
130.1032
130.3621
133.5148
134.5849
134.4506
137.1663
137.9933
138.9655
140.6507
141.5023
143.0791
144.0934
146.4438
148.3871
148.3871
149.9029
150.6678
153.1471
152.9907
155.1980
156.7984
160.5565
160.3908
156.7984
163.0672
163.9149
166.6647
166.4911
168.4126
169.4724
171.4372
172.7025
172.1588
174.1631
173.7965
178.4509
179.9739
181.5136
183.8553
186.8377
187.8459
188.8611
191.3271
190.9132
192.1585
192.9947
195.7455
196.8173
196.3877
200.3000
199.8602
205.9083
202.0722
202.5185
205.2243
211.9676
212.9211
210.3128
215.5737
213.6401
218.5193
218.7673
218.7673
221.7730
222.7875
225.8700
227.1717
227.4333
228.2207
233.0253
231.6766
234.9319
242.7821
237.1380
239.6547
238.8116
240.2190
245.9677
247.7304
245.6757
249.5112
253.1279
246.5533
254.0439
254.9645
259.0101
273.4145
260.9086
259.9569
263.1490
263.7942
265.7437
268.7075
267.7143
271.0461
274.0969
275.1249
276.8510
275.4689
279.6460
278.2433
281.7696
285.7253
284.6383
293.5092
293.1314
291.2534
290.1351
297.7132
295.0276
295.4091
294.2670
298.4872
301.2202
290.8799
301.6137
303.9911
286.8184
309.6490
315.0465
315.4676
300.0444
310.8820
312.5378
322.7593
313.7883
329.4089
324.9529
327.6153
326.7242
328.9591
340.9691
342.8768
337.6701
337.2028
340.9692
343.3563
349.6855
336.7365
348.2089
355.1838
349.1922
353.6710
349.1922
354.1742
358.2401
359.2680
384.2507
369.2676
361.8579
371.4285
368.7305
376.9191
380.2751
372.5165
371.4285
373.6094
381.4043
380.2751
378.5912
382.5389
389.4599
387.1310
399.6117
392.4027
395.9810
404.5363
398.3958
396.5824
413.3918
405.1587
410.8301
414.0363
412.7490
408.9256
412.1078
437.6581
416.6303
421.2334
383.6787
430.6904
428.6352
432.0695
430.6904
430.0036
427.2739
432.0695
446.2648
434.1516
430.6904
447.7261
450.6723
447.7261
494.6535
387.7111
452.9030
458.9404
460.4704
457.4187
469.8292
473.0186
464.3323
476.2440
471.4195
476.2440
477.8704
482.8049
474.6268
486.9821
483.6358
511.5258
487.8247
494.6535
488.6697
506.9936
489.5172
498.1277
489.5172
506.0952
501.6429
514.2778
507.8947
518.9202
514.2778
508.7984
519.8570
525.5382
521.7393
517.0547
527.4551
534.2580
533.2771
508.7984
529.3839
536.2288
542.2155
535.2419
534.2580
543.2243
553.4890
547.2912
554.5334
558.7451
559.8068
547.2912
564.0868
488.6697
575.0338
573.9229
567.3334
566.2477
586.3477
586.3477
565.1655
589.8162
601.6353
592.1480
596.8594
599.2392
594.4957
578.3885
617.6199
605.2609
587.4999
599.2396
647.7588
610.1531
605.2609
621.4126
630.4200
658.8443
620.1439
647.7588
625.2455
626.5323
617.6199
650.4996
650.4996
651.8776
663.0867
671.7150
658.8445
664.5114
667.3766
636.9927
661.6669
680.5406
671.7150
668.8173
698.8117
671.7150
688.0510
657.4409
716.3286
692.6271
691.0958
670.2634
731.2421
670.2634
729.5581
768.2535
683.5276
692.6271
757.3467
679.0557
705.0937
713.0864
753.7717
762.7656
547.2912
766.4164
731.2421
764.5872
812.7661
734.6304
741.4908
746.7105
764.5872
739.7651
792.8644
804.6999
768.2535
743.2235
770.0983
764.5872
804.6999
804.6996
806.7030
792.8641
748.4648
833.5751
829.3377
701.9404
835.7083
833.5751
818.9106
835.7083
846.5222
831.4515
853.1313
837.8512
825.1386
835.7083
866.6312
850.9181
812.7661
873.5253
840.0040
875.8452
864.3542
956.4021
862.0886
1091.6671
871.2163
935.0412
880.5183
904.5719
909.5249
924.6815
866.6312
798.7432
798.7432
919.5789
899.6672
880.5183
882.8717
940.3000
912.0198
932.4316
935.0412
975.8303
907.0423
919.5789
956.4021
942.9495
948.2892
945.6125
937.6639
953.6839
940.3000
953.6839
956.4021
953.6839
973.0113
945.6125
961.8808
998.9268
998.9268
987.2559
935.0412
990.1503
998.9268
1045.0176
1013.8725
998.9268
1019.9652
1041.8250
995.9856
1001.8837
804.6999
1001.8837
1385.6526
973.0113
1054.7037
1048.2281
1048.2281
1077.9546
1074.5759
1041.8250
1088.2084
1131.0748
1127.3844
1098.6433
1091.6671
1041.8250
1112.8436
1098.6433
1235.4574
1127.3844
1095.1440
1102.1621
1109.2621
1061.2526
1074.5759
1091.6671
1131.0742
1120.0707
1138.5209
1054.7037
1146.0582
1112.8436
1218.2612
1109.2621
1102.1621
1120.0707
1165.3090
1189.2098
1071.2164
1177.1476
1142.2781
1294.5824
1146.0582
1146.0582
1146.0582
1153.6877
1901.1105
1153.6877
1235.4574
1231.1165
1189.2098
1177.1476
1189.2098
1161.4114
1214.0311
1149.8613
1146.0582
1430.0604
1165.3090
1354.0024
1239.8281
1222.5186
1218.2612
1239.8281
1280.4785
1299.3479
1218.2612
1193.2814
1343.7499
1209.8280
1285.1479
1218.2612
1304.1461
1323.6726
1323.6726
1816.8091
1248.6533
1193.2820
1333.6410
1304.1461
1222.5186
1299.3479
1271.2333
1359.1835
1285.1479
1308.9774
1459.1908
1318.7402
1333.6410
1354.0024
1318.7402
1441.5802
1294.5824
1280.4785
1294.5824
1369.6571
1323.6726
1285.1479
1333.6410
1489.4501
1369.6571
1435.7987
1424.3647
1369.6571
1407.5295
1698.9230
1459.1908
1333.6410
1253.1096
1359.1835
1459.1908
1413.0999
1418.7114
1424.3665
1402.0001
1359.1835
1396.5111
1354.0024
1323.6726
1354.0024
1441.5820
1424.3665
1540.3862
1961.5555
1553.6344
1471.1552
1465.1501
1418.7114
1540.3862
1520.9071
1407.5295
1489.4501
1501.8853
1567.0984
1459.1908
1489.4501
1501.8853
1413.0999
1520.9071
1483.3047
1533.8414
1533.8414
1477.2065
1637.8467
1483.3047
1495.6434
1546.9836
1731.0986
1508.1760
1514.5165
1501.8853
1608.8389
1573.9130
1553.6344
1594.6951
1546.9836
1667.8563
1630.5028
1567.0984
1294.5824
1645.2532
1722.9449
1683.2532
1615.9996
1465.1501
1667.8563
1567.0984
1660.2572
1573.9130
1675.5214
1645.2532
1660.2572
1660.2572
1477.2065
1453.2766
1630.5028
1667.8563
1722.9449
1573.9130
1714.8682
1691.0527
1630.5028
1667.8563
1683.2532
1533.8414
1891.3793
1652.7230
1790.2650
1844.1091
1910.9374
1683.2532
1691.0527
1706.8580
1706.8605
1714.8682
1683.2532
1691.0527
1722.9473
1722.9473
1755.9960
1772.9738
1722.9473
1675.5214
1781.5797
1637.8467
1764.4463
1706.8605
1764.4463
1747.6219
1825.8235
1844.1091
2514.3342
1755.9960
1755.9960
1825.8235
1881.7422
1747.6219
1834.9231
1825.8235
1930.8833
1714.8658
1807.8785
1872.1980
1816.8091
1799.0310
1691.0551
1920.8611
1862.7452
1834.9231
1872.1980
1862.7452
1844.1091
1862.7452
1881.7422
1982.5236
2025.7657
1961.5555
1901.1105
1781.5797
1844.1091
1660.2572
1660.2572
2059.3945
2025.7657
2036.8584
2105.9272
1862.7452
1941.0055
1891.3793
1844.1091
1951.2290
1961.5555
2025.7657
1920.8611
2003.9225
1951.2290
1930.8833
3239.1394
1901.1105
1982.5236
1951.2290
2036.8584
2025.7657
2142.1619
1920.8611
2142.1619
1930.8833
2036.8584
1587.7106
1881.7422
1920.8611
2025.7657
1941.0055
2258.3777
1961.5555
2154.5059
1971.9865
2003.9225
1993.1683
2154.5059
2154.5059
2014.7877
2244.8733
2094.1079
1971.9865
2142.1619
1790.2650
2218.3232
1961.5555
1993.1683
2166.9868
2142.1599
2129.9521
2082.4111
2328.3022
2070.8452
2154.5059
2142.1619
1941.0055
2231.5227
2244.8733
1790.2650
2258.3777
2014.7877
2129.9521
2059.3979
2048.0674
1993.1683
2231.5227
2299.8406
2299.8406
2154.5059
2166.9868
2192.3677
2272.0386
2218.3232
2372.2832
2179.6064
2272.0386
2514.3342
2313.9875
2179.6064
2357.4468
2299.8406
2154.5059
2402.4998
2299.8406
2192.3677
2342.7876
2372.2832
2129.9521
2313.9875
2231.5227
2299.8406
2166.9849
2402.4998
2244.8733
2299.8406
2244.8733
2105.9272
2897.0076
2357.4468
2218.3232
2357.4468
2342.7876
2673.7043
2387.2996
2417.8867
2285.8586
2618.4651
2497.7498
2342.7876
2244.8733
2497.7498
2655.0435
2433.4641
2272.0386
2481.3745
2692.6252
2372.2832
2655.0488
2497.7498
2387.2996
2481.3745
2342.7876
2731.2410
2531.1318
2582.8452
2673.7043
2313.9875
2328.3022
2313.9875
2313.9875
2514.3342
2433.4641
2402.4998
2387.2996
2673.7043
2449.2354
2548.1467
2465.2041
2531.1318
2481.3745
2449.2354
2272.0386
2919.1033
2342.7876
2531.1318
2791.2090
2514.3342
2417.8867
2853.7725
2372.2832
2875.2329
2465.2041
2791.2090
2618.4705
3351.7224
2692.6252
2514.3342
2433.4641
2565.3831
2582.8452
2531.1318
2449.2354
2618.4651
2692.6252
2514.3342
2711.7947
2497.7498
2853.7725
2465.2041
1683.2532
2313.9875
1930.8833
2328.3022
2636.6321
2402.4998
2600.5376
2919.1033
2600.5430
2692.6196
2342.7876
2655.0435
2770.9392
2417.8867
2548.1467
2618.4651
2791.2090
2582.8452
3159.4065
2692.6226
2770.9392
2636.6321
2791.2090
2372.2832
2853.7725
2692.6252
2919.1033
2832.6191
2692.6252
2692.6196
2832.6162
2514.3342
2853.7725
2941.5273
2750.9519
2791.2090
2750.9519
2357.4468
2964.2869
2853.7725
2853.7725
2791.2090
2919.1033
2770.9392
2750.9519
2655.0435
2481.3745
2791.2090
2811.7668
2673.7043
2770.9392
2964.2869
2258.3777
3133.6685
2618.4651
2875.2329
2964.2869
3010.8435
2673.7100
3083.3926
3704.4714
3381.0645
2673.7100
2832.6191
3010.8435
2832.6191
3058.8364
2497.7498
2853.7725
2897.0076
3083.3926
2791.2090
2897.0076
3058.8364
3058.8364
3185.5576
3058.8364
2964.2869
2964.2869
3010.8435
2673.7100
2853.7725
2853.7725
3212.1318
2791.2090
2731.2410
3351.7224
2711.8005
2791.2090
2875.2329
2897.0076
3212.1318
3108.3335
3034.6563
4368.7520
4443.2344
2853.7725
3108.3335
2964.2869
3503.5969
2750.9519
2987.3896
2770.9392
8873.1055
3159.4065
3159.4065
2875.2297
2673.7043
3185.5576
2919.1033
3441.2710
2244.8733
2711.8005
3034.6563
2853.7725
3568.1560
2565.3831
3034.6563
3266.5908
2897.0076
2987.3896
2964.2869
3568.1560
3108.3335
2875.2329
2897.0076
2897.0076
3851.3149
3034.6563
2791.2090
3185.5576
3266.5908
3108.3335
3351.7224
3212.1318
2919.1033
3601.3108
3776.5002
3239.1394
2875.2329
2875.2329
2964.2869
3083.3926
3083.3926
3381.0645
3058.8364
2941.5273
3083.3926
3294.4976
3929.0742
3133.6685
3535.5898
3601.3108
3294.4976
4855.4438
3351.7224
3381.0645
3010.8435
3294.4976
2964.2869
3133.6685
3568.1560
2964.2869
3266.5908
3351.7224
2897.0076
3108.3335
2964.2869
3185.5576
3207.7969
3441.2710
3322.8708
3410.9097
3503.5969
3212.1357
2402.4998
3351.7224
3133.6685
3294.4976
3108.3335
3294.4976
3740.1587
3851.3206
3108.3335
3133.6685
3472.1621
3266.5908
3441.2710
3294.4976
3669.4514
2731.2410
3776.5112
4009.9492
3704.4817
3441.2710
3410.9097
3813.5583
2853.7725
3813.5583
3010.8435
3441.2710
3535.5898
3568.1560
3441.2710
3294.4976
3266.5908
3851.3206
3322.8708
3776.5112
3669.4617
3669.4514
2636.6321
3239.1394
3889.8186
3441.2710
3929.0742
3568.1560
3212.1318
3239.1394
4094.1375
3635.0703
3159.4065
3058.8364
3568.1560
3568.1560
3159.4065
3740.1587
3441.2710
2987.3896
3740.1587
3185.5576
3381.0645
3034.6563
3058.8364
3601.3108
3266.5908
3704.4714
3776.5112
3776.5112
3159.4065
3669.4617
4320.5122
3601.3108
3381.0645
3929.0742
2897.0076
3889.8186
3813.5583
3851.3206
3889.8186
3535.5898
3740.1482
3441.2710
3776.5112
3441.2710
3503.5969
4273.3032
3410.9097
3929.0742
3503.5969
3889.8186
3813.5583
3930.0996
3159.4065
3704.4714
3669.4514
4009.9492
3601.3108
3535.5898
3969.1099
3351.7224
3568.1560
3535.5898
2875.2329
4273.3032
3410.9097
3929.0742
3851.3206
3929.0742
3635.0703
4137.5386
3776.5112
3669.4565
4227.0918
3740.1587
3776.5112
3381.0645
4181.8472
3813.5583
4009.9492
3889.8186
3889.8186
3776.5112
3669.4514
3740.1587
3704.4817
4051.6165
4227.0918
3635.0703
3969.1099
2600.5376
3813.5583
3503.5969
3535.5898
4368.7520
3776.5112
3813.5583
4418.0557
3813.5583
4094.1375
4681.8467
3704.4817
3601.3108
3535.5898
4009.9492
3813.5583
4520.0005
3776.5002
3813.5583
3813.5583
4137.5386
3441.2710
4137.5386
3776.5002
3929.0742
4227.0918
2964.2869
3851.3206
3969.1099
3776.5112
4681.8467
3851.3206
5243.4111
4051.6165
3889.8186
4051.6165
3635.0703
3813.5583
3503.5969
4181.8472
3969.1099
4009.9492
4051.6165
4137.5386
3929.0742
2919.1033
3776.5112
3776.5112
3813.5583
4051.6165
3969.1099
3535.5898
3776.5112
4368.7520
3929.0742
4051.6165
3351.7224
3813.5583
3351.7224
3929.0742
4368.7520
1941.0055
4855.4438
4320.5122
3969.1099
3740.1587
4368.7520
3740.1587
3969.1099
3740.1587
4368.7520
3851.3206
4094.1375
3441.2710
4738.3447
3889.8186
4418.0557
4009.9492
3851.3206
5107.5103
3929.0742
3969.1099
3813.5583
3851.3206
3929.0742
4137.5386
4320.5122
4137.5386
3472.1621
3969.1099
3776.5112
3851.3206
4009.9492
3889.8186
4137.5386
4273.3032
4094.1375
3929.0742
4626.6523
4855.4438
3851.3206
4368.7520
4051.6165
3969.1099
4978.3511
4137.5386
4009.9492
3851.3206
4320.5122
3813.5583
4094.1375
4368.7520
4520.0005
4978.3511
4978.3511
4181.8472
4626.6523
3239.1433
4468.4595
4626.6523
5243.4111
4418.0557
4016.6729
3929.0742
4320.5122
4681.8467
4320.5122
4520.0005
5314.0566
4738.3447
3704.4817
4051.6165
3568.1560
3969.1099
4681.8467
6653.3843
4418.0557
5243.4111
4855.4438
4738.3447
4181.8472
5386.5947
4320.5122
3776.5112
4572.7183
4468.4595
3929.0742
4520.0005
4572.7183
4418.0557
3813.5583
4094.1375
1280.4785
4051.6165
4094.1375
4051.6165
4273.3032
4227.0918
4368.7520
3889.8186
4681.8467
5042.1196
5243.4111
4094.1375
4520.0005
3813.5583
4181.8472
4626.6523
4009.9492
8319.6279
4094.1375
4978.3511
4855.4438
4051.6165
4094.1375
3813.5583
3889.8186
4137.5386
4094.1375
4468.4595
2357.4468
4572.7183
3704.4714
4418.0557
4626.6523
4181.8472
4796.1943
7260.3022
5386.5947
3851.3206
4273.3032
4916.1445
4520.0005
4009.9492
5386.5947
4520.0005
4520.0005
3601.3108
5697.2871
4916.1445
3813.5583
4137.5386
5042.1196
4137.5386
3889.8186
3851.3206
4368.7520
4796.1943
4320.5122
3851.3206
4009.9492
5537.6636
4181.8472
4626.6523
4626.6523
5042.1196
3929.0742
5107.5103
4320.5122
4916.1445
4137.5386
4009.9492
4681.8467
4855.4438
4681.8467
3889.8186
4520.0005
4418.0557
4520.0005
5386.5947
4468.4595
5386.5947
4855.4438
5314.0566
4855.4438
4009.9492
5243.4111
4227.0918
4681.8467
4738.3447
3239.1394
10498.8057
4916.1445
4626.6523
8873.1055
5042.1196
3929.0742
5174.5854
3851.3206
4137.5386
3969.1099
4520.0005
5174.5854
4738.3447
5042.1196
4626.6523
4916.1445
4468.4595
5243.4111
4626.6523
4320.5122
4796.1943
5174.5854
4626.6523
4681.8467
4181.8472
3889.8186
4738.3447
4418.0557
4418.0557
4520.0005
3776.5112
4468.4595
4273.3032
4520.0005
5042.1196
4468.4595
4273.3032
7260.3022
3851.3206
6437.7480
5314.0566
4468.4595
5243.4111
4273.3032
3669.4617
4368.7520
4681.8467
4572.7183
4320.5122
4094.1375
4137.5386
4273.3032
4796.1943
4738.3447
4137.5386
4916.1445
4320.5122
4273.3032
5461.1035
4738.3447
4418.0557
4738.3447
4916.1445
3851.3206
4468.4595
4009.9492
5243.4111
4796.1943
4916.1445
4738.3447
4681.8467
4616.6729
4681.8467
5243.4111
4520.0005
4796.2026
4626.6523
4520.0005
4468.4595
4181.8472
4320.5122
5243.4111
4468.4595
5243.4111
5537.6636
4796.1943
4227.0918
4525.0039
4626.6523
3776.5112
3813.5583
2655.0488
3813.5583
5243.4111
5697.2871
4368.7520
4855.4438
3889.8186
4418.0557
5386.5947
4626.6523
4626.6523
4094.1375
5461.1035
4468.4595
4320.5122
5314.0566
5537.6636
7534.7524
5314.0566
5461.1035
6653.3843
1608.8389
5461.1035
4978.3511
4273.3032
5174.5854
6045.2793
5616.3613
5616.3613
5461.1035
5697.2871
5537.6753
4796.1943
4273.3032
4796.1943
6543.8169
5866.2393
5461.1035
5314.0566
4181.8472
6437.7168
5780.5625
5866.2393
5042.1196
7130.3462
5537.6870
4009.9492
5314.0566
5866.2134
5866.2134
7830.4629
5616.3613
4468.4595
5461.1035
4119.1719
5314.0566
5243.4111
5042.1196
5042.1196
5616.3613
4738.3447
3776.5056
5386.5947
4754.2617
4738.3447
4978.3511
7534.7524
6766.6265
6045.3066
5314.0566
4181.8472
5107.5103
5461.1260
3851.3206
6335.0122
7534.7524
8680.7012
9504.4697
5461.1035
8873.1055
5866.2393
5616.3613
4391.0439
5386.5947
4498.8057
5866.2393
4573.1055
4681.8467
4306.5723
5042.1196
4181.8472
3969.1099
6437.7480
5386.5947
6766.6265
4674.1309
5697.2871
7260.3022
4978.3511
6437.7480
6437.7480
2711.8005
4137.5386
5107.5103
4418.0557
4418.0557
6335.0122
5954.4492
5042.1196
4468.4595
5243.4111
6335.0122
5304.4697
5461.1035
5314.0566
5461.1035
6138.9326
7004.8989
6653.3843
5461.1035
6653.3843
6045.3066
3851.3206
4796.1943
5697.2871
5174.5854
5107.5103
5697.2871
4572.7183
5461.1035
4681.8467
7534.7524
6235.4556
5780.5625
5314.0566
5461.1035
4520.0005
4681.8467
5107.5103
5386.5947
6045.3066
6045.3066
5042.1196
5314.0566
5461.1035
3889.8127
5780.5376
4418.0483
6138.9326
5386.5947
4626.6523
5042.1196
2832.6191
5537.6636
5243.4111
5954.4492
5042.1196
5461.1035
6335.0122
4626.6523
4743.7051
4626.6523
5386.5947
5042.1196
5107.5103
5386.5947
4284.3691
4626.6523
4572.7183
4200.0781
4844.0391
5243.4111
5174.5854
4978.3511
4520.0005
4681.8467
4681.8467
4227.0918
6045.3066
5174.5854
5314.0566
4916.1445
5386.5947
6235.4556
5042.1196
4572.7183
4679.6992
4978.3511
4738.3447
5314.0566
5243.4111
3185.5576
4738.3447
5174.5854
5174.5854
4978.3511
8496.3750
4418.0557
4978.3511
5537.6636
5243.4111
5537.6636
4572.7183
4978.3511
4094.1375
4572.7183
4368.7520
5174.5854
5780.5498
4320.5054
5461.1035
4796.1943
5042.1196
4738.3447
4681.8467
5107.5103
5107.5103
4520.0005
5174.5854
5537.6636
4468.4595
4796.1943
5042.1196
4626.6523
4796.1943
5243.4111
4520.0005
4855.4438
4855.4438
5174.5854
4137.5386
4738.3447
3969.1099
4181.8472
5243.4111
4916.1445
4273.3032
6883.7310
2897.0076
4572.7183
4368.7520
5461.1035
4572.7183
4796.1943
4520.0005
5042.1196
5780.5625
5461.1035
4796.1943
4738.3447
4320.5122
4916.1445
6235.4556
6138.9326
4916.1445
4796.1943
4681.8467
4094.1375
4520.0005
5107.5103
5042.1196
5174.5854
5174.5854
5042.1196
4572.7183
4572.7183
4273.3032
3568.1560
4520.0005
4227.0918
4855.4438
4520.0005
5107.5103
3294.4976
2770.9392
4368.7520
5314.0566
4009.9492
5107.5103
5314.0566
5954.4492
4051.6165
4418.0557
4137.5386
4227.0918
3929.0742
4418.0557
5461.1035
4273.3032
4051.6165
3929.0742
5107.5103
4137.5386
8873.1055
2750.9519
4626.6523
5107.5103
5386.5947
5461.1147
3929.0742
4320.5122
5243.4111
4978.3511
4181.8472
4079.6992
3159.4065
4916.1445
5174.5854
4796.1943
4418.0557
4626.6523
5386.5947
3704.4817
4181.8472
4468.4595
5107.5103
4626.6523
3969.1099
5461.1035
5461.1035
4320.5122
3669.4617
4796.1943
4916.1445
4572.7183
4796.1943
4916.1445
4227.0918
4137.5386
4520.0005
6045.3066
5243.4111
4572.7183
4094.1375
4468.4595
4320.5122
8496.3750
4468.4595
4520.0005
4094.1375
4626.6523
4855.4438
4051.6165
4418.0557
3568.1560
3535.5898
4273.3032
4320.5122
4855.4438
4368.7520
4916.1445
4468.4595
4572.7183
4009.9492
4626.6523
4681.8467
4320.5122
4008.3750
3776.5112
4418.0557
4855.4438
4181.8472
4162.6523
4137.5386
3704.4817
4626.6523
3969.1099
3776.5112
3740.1587
3351.7224
4009.9492
4227.0918
4137.5386
4418.0557
5042.1196
5042.1196
4572.7183
4009.9492
4368.7520
3740.1587
5243.4111
4468.4595
4181.8472
3669.4617
4181.8472
2313.9875
4320.5122
3133.6685
4368.7520
4320.5122
8150.0029
4681.8467
4051.6165
4181.8472
4796.1943
4227.0918
5042.1196
4137.5386
3776.5112
3851.3206
4368.7520
3851.3206
4273.3032
3159.4065
3889.8186
3776.5112
4181.8472
3969.1099
3929.0742
3503.5969
4137.5386
4181.8472
2964.2869
5174.5854
3813.5474
3776.5112
3866.3262
3813.5474
3740.1587
3133.6685
4009.9492
4137.5386
5243.4111
4320.5122
3851.3206
2449.2354
4681.8467
3929.0742
3929.0742
3669.4514
3813.5583
4009.9492
3813.5583
3410.9097
4051.6165
3889.8186
2313.9875
3108.3335
3851.3206
2357.4468
7004.8989
4137.5386
6138.9326
3034.6563
3740.1587
3851.3206
3535.5898
3472.1621
4009.9492
4796.1943
3239.1394
3669.4514
4181.8472
3704.4714
4181.8472
3740.1587
3601.3108
3969.1099
4094.1375
3851.3206
4009.9492
3568.1658
3503.5969
3813.5583
3266.5908
3851.3206
2750.9519
3669.4617
3266.5908
3776.5112
3351.7224
3239.1394
3969.0979
3535.5994
3441.2710
3669.4514
3813.5583
4626.6523
3133.6685
3740.1587
3851.3206
3351.7224
3503.6062
3669.4617
3969.1099
3635.0703
4320.5122
3535.5898
3669.4514
3889.8186
4094.1375
3410.9097
3704.4817
4051.6165
6138.9326
4681.8467
3635.0703
3535.5898
3704.4714
4738.3447
3083.3889
3969.1099
4368.7520
2964.2869
3889.8186
3410.9097
3058.8364
3381.0645
3929.0742
3813.5583
2179.6064
3472.1621
3601.3108
3133.6685
3704.4714
3441.2710
3034.6563
3410.9097
3410.9097
3159.4065
3266.5908
3133.6685
3381.0645
3669.4514
4094.1375
3535.5898
3503.5969
3410.9097
3212.1318
3568.1658
3776.5112
3568.1560
3703.0166
3813.5583
3185.5576
2481.3745
3410.9097
3381.0645
4009.9492
3503.5969
3601.3108
3776.5112
3704.4714
3381.0645
3969.1099
3294.4976
3635.0803
3851.3206
3294.4976
3410.9097
3441.2710
3568.1560
3294.4976
3294.4976
3635.0703
3381.0645
3669.4617
3058.8364
3410.9097
3294.4976
3159.4065
3266.5908
2919.1033
2548.1467
4009.9492
3669.4514
2987.3896
3351.7224
3441.2710
5780.5625
3266.5908
3441.2710
3266.5908
3410.9097
3294.4976
3212.1318
3669.4617
3133.6685
3034.6563
3266.5908
3185.5576
2919.1033
3322.8708
3294.4976
3635.0703
3133.6685
3185.5576
3322.8708
3294.4976
3568.1560
3472.1621
3294.4976
3010.8435
3889.8127
3410.9097
3058.8364
2987.3896
3185.5576
3410.9097
2964.2869
3322.8708
3441.2710
2875.2329
3351.7224
3266.5908
2964.2869
3212.1318
3108.3335
3159.4065
3669.4617
3212.1318
3239.1394
7395.0156
3159.4065
3410.9097
2964.2869
2919.1033
3889.8186
3704.4714
3322.8708
2941.5273
3322.8708
2731.2410
3083.3926
3010.8435
2987.3896
2897.0076
3083.3926
2003.9225
3322.8708
3159.4065
2853.7725
3083.3926
4273.3032
3159.4065
3083.3926
3058.8364
3635.0703
2964.2869
3239.1394
3441.2710
2791.2090
3108.3335
2964.2869
3503.6062
2692.6252
2964.2869
2770.9392
2897.0076
2941.5273
2919.1033
3010.8435
2853.7725
3058.8364
3969.1099
2036.8584
2919.1033
3034.6563
2531.1318
2853.7725
2750.9519
2941.5273
2987.3896
2919.1033
2941.5273
2875.2329
2832.6191
2987.3896
3239.1394
2497.7498
2853.7725
2711.8005
3185.5576
2853.7725
3133.6685
4418.0557
2832.6191
2600.5376
2987.3896
2941.5273
2692.6252
2750.9519
2941.5273
2548.1516
2791.2090
3159.4065
2731.2351
3010.8435
2941.5273
2875.2329
2548.1467
2941.5273
2853.7725
2987.3931
2811.7668
2655.0435
2465.2041
2655.0435
2692.6252
2941.5273
2964.2869
2514.3342
2465.2041
2514.3342
3239.1394
2673.7100
2711.7947
3133.6685
2919.1033
2342.7876
2655.0435
2987.3896
2531.1318
2433.4641
3058.8364
1364.4016
2770.9392
2673.7043
3108.3335
2465.2041
2548.1467
2770.9392
2770.9392
2731.2410
2497.7498
2636.6321
2673.7043
2481.3745
2832.6191
2941.5273
2600.5376
2497.7498
2711.8005
2919.1033
2941.5273
5314.0566
3034.6563
2618.4651
2514.3342
2433.4641
2449.2354
2618.4651
2548.1467
2402.4998
2791.2090
2465.2041
2313.9875
2357.4468
2514.3342
2655.0435
2565.3831
2342.7876
2600.5376
2433.4641
2582.8452
2711.7947
2433.4641
2531.1318
2548.1467
2357.4468
2514.3342
2433.4641
2387.2996
2919.1033
2342.7876
2402.4998
2372.2832
2449.2354
3083.3926
2313.9875
2402.4998
2372.2832
2481.3745
2618.4651
2387.2996
2299.8406
2449.2354
2449.2354
2342.7876
2636.6321
2514.3342
2618.4651
2192.3677
2014.7877
2465.2041
2003.9225
2387.2996
2514.3342
2218.3232
2342.7876
2449.2354
2387.2996
1941.0055
2548.1467
2919.1033
2875.2329
2313.9875
2417.8867
2497.7498
2218.3232
2342.7876
2192.3677
2582.8452
2154.5059
2258.3777
2372.2832
2328.3022
2342.7876
2531.1318
2272.0386
2218.3232
2179.6064
3322.8708
2205.2722
2231.5227
2258.3777
2285.8586
2166.9868
2258.3777
2129.9521
2154.5059
2059.3945
2372.2832
2582.8452
2059.3945
2179.6064
4572.7183
2218.3232
2357.4468
2402.4998
2179.6064
2117.8745
2272.0386
2129.9521
2059.3945
2258.3777
2218.3232
2770.9392
1971.9865
2014.7877
2025.7657
2082.4111
2129.9521
2036.8584
2328.3022
1993.1683
1910.9374
2003.9225
2014.7877
2094.1079
2117.8745
2003.9225
2025.7657
2179.6064
1930.8833
2003.9225
1982.5236
1891.3793
2059.3945
2014.7877
2059.3945
1993.1683
2036.8584
1961.5555
2094.1045
2328.3022
1799.0310
1993.1683
2105.9272
2142.1619
1971.9865
2129.9485
1901.1105
1691.0527
1910.9374
2142.1619
2036.8584
1961.5555
1872.1980
1901.1105
2272.0386
1891.3793
1807.8785
1807.8785
1941.0055
1930.8833
1834.9231
1941.0055
1816.8091
1920.8611
1881.7422
1993.1683
1747.6219
1764.4463
1834.9231
1825.8235
1862.7452
1872.1980
1747.6219
1698.9207
1881.7422
1764.4463
1546.9836
1637.8467
1993.1683
1853.3827
1872.1980
1951.2290
1660.2572
1790.2650
1790.2650
1961.5555
1546.9836
1799.0310
1910.9374
1731.0986
1739.3232
1660.2572
1483.3047
1816.8091
1816.8091
1667.8563
1615.9996
1764.4463
1683.2532
1660.2572
1645.2532
1691.0527
1920.8611
1652.7230
1691.0527
1714.8682
1691.0527
1645.2532
1772.9738
1683.2532
1660.2572
1608.8389
1667.8563
1691.0527
1594.6951
1601.7375
1667.8563
1652.7230
1465.1501
1747.6219
1881.7422
1645.2532
1637.8467
1553.6344
1508.1760
1465.1501
1637.8467
1587.7106
1645.2532
1594.6951
1508.1760
1637.8467
1608.8389
1540.3862
1573.9130
1652.7230
1527.3485
1573.9130
1508.1760
1645.2532
1630.5028
1471.1552
1527.3485
1580.7834
1447.4072
1489.4501
2025.7657
1540.3862
1533.8414
1546.9836
1546.9836
1645.2532
1587.7106
1483.3047
1637.8467
1459.1908
1495.6434
1483.3047
1501.8853
1675.5214
1799.0310
1471.1552
1691.0527
1441.5820
1407.5295
1465.1501
1527.3485
1359.1835
1453.2766
1435.8004
1369.6571
1413.1014
1430.0621
1138.5209
1407.5295
1489.4501
1430.0604
1447.4055
1374.9506
1380.2822
1501.8853
1181.1432
1385.6534
1364.4016
1308.9774
1396.5111
1380.2822
1359.1835
1285.1479
1441.5820
1413.0999
1441.5820
1338.6777
1359.1835
1343.7499
1348.8580
1391.0621
1391.0621
1304.1461
1453.2766
1328.6394
1142.2781
1271.2333
1354.0024
1853.3827
1257.5955
1280.4785
1289.8491
1289.8491
1374.9506
1407.5295
1280.4785
1285.1479
1271.2333
1226.8048
1235.4587
1235.4574
1271.2333
1266.6570
1226.8036
1623.2207
1275.8403
1253.1096
1222.5186
1222.5186
1185.1638
1271.2333
1185.1638
1077.9546
1193.2814
1181.1432
1185.1638
1177.1476
1149.8613
1304.1461
1149.8613
1161.4114
1185.1638
1169.2307
1157.5377
1149.8613
1177.1476
1146.0582
1169.2307
1038.6500
1189.2098
1123.7167
1153.6877
1142.2781
1035.4927
1138.5209
1142.2781
1123.7167
1149.8613
1116.4464
1123.7167
1149.8613
1123.7167
1134.7864
1127.3844
1084.7717
1105.7017
1134.7864
1035.4927
1102.1621
1123.7167
1127.3844
1091.6671
1105.7017
1153.6877
1071.2164
1088.2095
1095.1440
1116.4464
1077.9546
1088.2095
1081.3528
1071.2164
1026.1250
1035.4927
998.9268
970.2071
1029.2303
1045.0176
1026.1250
1029.2303
1016.9105
1035.4927
1013.8725
1038.6500
1029.2303
1029.2303
978.6641
970.2071
993.0602
950.9796
978.6641
981.5129
978.6641
964.6415
1010.8509
953.6839
956.4021
940.3000
950.9796
953.6839
959.1352
970.2071
964.6423
929.8353
948.2892
1019.9652
907.0423
942.9495
912.0198
919.5789
902.1135
995.9856
1048.2281
1120.0707
919.5789
924.6815
902.1135
907.0423
899.6672
894.8102
882.8717
853.1313
804.6999
1074.5759
945.6125
868.9183
862.0886
825.1386
995.9856
862.0886
894.8102
864.3549
835.7083
1032.3529
842.1667
848.7150
771.9510
825.1386
794.8154
820.9773
800.7200
814.8051
818.9106
831.4515
818.9106
806.7030
816.8533
833.5751
759.1454
790.9216
812.7661
764.5872
766.4164
771.9510
755.5555
750.2265
779.4413
798.7432
800.7200
732.9328
808.7150
796.7750
802.7056
771.9510
732.9328
820.9773
755.5555
676.1027
753.7717
736.3350
729.5581
743.2235
705.0937
732.9328
697.2565
708.2719
700.3730
732.9328
753.7717
714.7045
714.7045
703.5139
706.6796
717.9592
706.6796
673.1721
680.5406
689.5705
716.3286
689.5705
692.6271
741.4908
668.8173
647.7588
667.3766
664.5114
676.1027
664.5114
677.5764
689.5705
661.6674
664.5114
674.6346
646.3959
646.3959
620.1439
642.3367
618.8797
645.0379
622.6857
640.9935
665.9413
671.7150
634.3495
594.4957
608.9236
636.9927
620.1439
621.4126
716.3281
589.8162
643.6849
599.2396
605.2605
587.4999
623.9634
604.0483
600.4352
602.8396
588.6561
588.6561
593.3199
599.2392
604.0483
572.8156
582.9139
582.9139
605.2605
572.8156
536.2288
564.0868
554.5338
571.7120
568.4227
581.7769
517.9861
564.0868
560.8716
553.4890
555.5813
542.2155
563.0116
546.2697
537.2189
553.4890
550.3753
542.2155
544.2362
535.2419
530.3527
533.2771
534.2580
524.5841
515.2006
529.3839
532.2993
518.9202
508.7984
518.9199
499.0027
515.2006
496.3856
504.3064
520.7967
505.1995
503.4159
487.8247
501.6429
501.6429
493.7912
489.5172
490.3670
477.8704
476.2440
473.0186
465.8920
474.6268
473.8216
473.0186
488.6696
467.4603
462.7811
459.7043
458.9404
462.0088
464.3323
463.5556
469.0374
462.0088
449.1952
458.1785
462.0088
451.4138
457.4187
447.7261
450.6723
434.1516
444.8113
444.0874
438.3650
386.5522
425.9195
430.0036
435.5487
427.9536
427.2739
432.7617
426.5958
422.5637
428.6352
412.1078
419.2507
409.5588
407.6637
407.6637
412.7490
408.2939
410.1937
398.3958
404.5363
397.7897
401.4472
407.0352
390.0457
397.1854
395.9810
395.3810
395.3810
385.3987
388.8756
387.1310
383.1081
382.5389
376.3643
380.2751
382.5389
376.9189
376.9191
383.6787
373.0623
376.9189
371.4285
368.7305
370.8864
368.1945
358.7535
359.2680
357.2169
360.8185
350.6753
359.7837
359.2680
354.1742
360.3004
354.1742
343.3563
353.1689
343.8369
350.1798
346.7420
346.7420
339.0779
338.1384
338.1384
344.3184
340.9692
336.7365
334.8813
334.8812
334.8812
338.6076
318.0123
331.2177
329.8597
329.4089
324.0727
325.3943
322.7593
325.3943
315.8895
323.1962
315.4676
315.4676
309.6490
310.0592
304.3900
308.0163
310.0592
308.8310
300.8275
302.4031
303.9911
290.1351
299.6539
280.3513
296.9422
291.2534
296.5578
293.5092
292.3781
287.1842
284.6383
288.2855
289.3932
284.2774
285.3623
277.1982
288.2854
280.3513
276.1587
276.8510
278.5930
281.0591
271.7197
273.7553
270.7102
273.0743
268.0448
270.7102
272.0574
267.3844
265.0916
261.2270
255.2725
269.0398
254.9645
255.8900
260.2736
257.7555
256.8203
254.9645
254.9645
250.1088
249.5112
247.7305
237.4158
246.8468
245.9677
247.1408
258.6956
242.4954
243.3569
238.5315
240.2190
232.4845
233.8398
239.3732
235.4807
230.8726
230.8726
227.1717
231.1402
227.6954
221.7730
226.6498
226.3894
225.0938
224.8359
222.2794
222.2794
218.2718
221.5203
216.0609
214.1213
217.0397
212.4436
213.1604
210.7838
213.1604
211.9676
211.7301
210.3128
208.2108
204.9969
207.0552
204.0910
205.6799
203.8653
200.5204
202.0722
200.3000
200.5204
199.4217
196.8173
196.1733
193.4145
181.1271
193.8356
191.7422
189.2692
191.9502
189.0650
187.8459
185.8367
186.8377
186.6370
183.2663
183.6587
179.9739
182.6797
180.1654
179.0201
180.9342
180.3572
174.1631
176.1972
174.1631
172.7025
171.9780
172.1588
171.0778
170.5405
169.2952
168.7649
165.9719
165.7992
165.1109
165.1109
163.0672
160.2253
162.8983
162.5612
160.7223
158.7455
157.6061
157.1208
156.6374
155.1980
152.9907
154.8803
153.7746
151.7465
150.2083
150.6678
151.5918
150.3613
148.0861
149.5983
147.9359
149.5983
145.4100
145.4100
143.8028
141.5023
145.4100
140.9339
141.0757
140.5094
139.5246
137.7170
137.8551
136.7550
136.8919
134.9888
135.3940
133.5148
130.8816
132.9833
130.6216
128.5620
130.1032
131.0118
134.5849
127.5460
127.7991
126.6643
126.5389
123.9374
124.0599
124.0599
121.6345
122.3566
121.1557
120.2043
120.7980
119.0265
119.8497
116.7084
118.9095
117.9772
116.5937
115.7948
113.6556
113.5441
113.7671
114.4387
112.6570
114.1024
112.8781
111.0132
111.7772
110.0392
111.7772
109.3948
108.1177
111.6677
108.8608
109.7165
107.3800
107.8009
105.9200
106.1273
103.9712
103.3634
103.6669
102.6589
104.5826
103.4645
104.0728
101.8597
102.7593
100.8696
101.3634
101.1656
101.6609
100.8696
104.0729
102.3585
105.3006
105.9200
107.2750
106.2311
108.3295
108.4355
109.2877
110.4710
112.7675
113.5441
114.8888
113.7671
115.5676
116.9380
118.4424
119.6139
120.7980
120.4414
121.7545
123.4486
124.9213
124.3053
138.8262
128.9454
130.8816
131.9277
134.9888
132.7185
136.0725
136.8919
142.7909
141.5023
142.3598
143.0791
142.3598
145.7045
145.7045
149.1427
149.4462
151.2831
151.5918
155.1980
155.0391
154.0896
158.5821
158.5821
159.8950
163.7449
162.3930
165.7992
165.6268
164.2555
168.5887
170.5405
171.4372
173.6135
174.1631
174.1631
170.7194
178.2617
179.4008
180.1654
185.6373
184.4468
186.4365
194.6814
188.0483
196.1733
189.2692
193.8356
196.6023
193.4145
197.0326
197.4642
203.4151
202.7421
203.6400
203.4151
206.8251
207.7475
209.8432
211.4930
220.5137
215.5738
215.5737
218.0246
218.7673
222.0260
222.0260
226.9105
224.3214
202.9661
231.6766
231.4082
231.6766
233.8398
238.8116
234.6582
235.2061
239.9366
238.5315
243.3569
246.8468
244.5124
247.1408
252.5200
244.8025
257.4432
253.7380
261.2270
257.4432
256.1996
259.0102
261.2270
264.1177
262.5061
265.4174
267.7143
271.0461
270.3749
270.0402
274.7815
277.1982
275.4689
276.5045
292.0024
280.3513
283.1986
288.2855
281.4140
289.3932
289.7638
287.9176
291.2534
292.0024
295.0276
291.6276
298.4872
298.0998
300.0444
299.2643
313.7883
303.9911
316.7360
314.2068
308.4232
314.2068
308.8310
311.2947
314.6263
324.5123
323.6340
322.3233
321.4540
324.5123
328.5103
328.9591
328.9591
345.2847
333.5001
343.3564
347.2299
338.1384
339.5492
350.1798
345.2847
346.2552
348.7000
355.1838
355.6905
352.6680
363.9510
361.3376
358.2401
366.5941
360.3005
364.4772
368.1945
365.5333
374.1578
374.1578
368.7305
377.4750
382.5389
384.8240
385.3987
379.7125
387.1310
392.4027
392.4027
385.3987
390.0457
392.4027
394.7824
395.9810
388.2927
405.1587
387.7111
405.7827
403.9155
410.1937
415.9793
410.8301
406.4081
415.3300
420.5708
418.5931
435.5487
424.5721
436.2500
467.4603
430.6904
446.2649
439.0737
440.4967
441.9273
505.1995
452.9028
446.9945
446.2648
449.9328
448.4597
451.4138
462.0088
455.1517
465.1111
474.6268
457.4187
481.1507
477.8704
474.6268
474.6268
479.5059
477.0560
477.0560
485.3042
479.5059
494.6535
487.8247
487.8247
501.6429
492.0742
506.9936
500.7602
505.1995
490.3670
502.5281
499.8802
504.3064
513.3577
507.8947
547.2912
523.6326
521.7393
530.3527
527.4551
535.2419
522.6846
519.8568
533.2771
530.3527
538.2120
547.2912
542.2155
557.6874
550.3753
612.6247
550.3753
512.4406
563.0114
559.8065
566.2477
570.6119
563.0116
565.1655
507.8947
566.2477
580.6437
573.9229
581.7769
590.9801
584.0546
590.9801
596.8594
604.0480
600.4352
620.1439
618.8797
602.8399
602.8396
631.7251
618.8797
607.6985
623.9634
601.6353
620.1439
643.6849
623.9634
642.3367
657.4409
635.6687
640.9935
653.2607
643.6849
642.3367
656.0421
671.7150
674.6346
653.2611
649.1267
683.5276
657.4409
640.9935
668.8173
664.5114
674.6346
668.8173
689.5705
661.6674
674.6346
680.5406
676.1027
705.0937
705.0941
674.6346
709.8704
716.3281
657.4405
721.2399
713.0869
732.9328
736.3350
750.2265
739.7651
711.4756
731.2421
739.7651
697.2565
731.2421
736.3350
768.2535
722.8902
766.4164
768.2535
770.0983
698.8117
751.9954
771.9510
764.5872
750.2265
766.4164
768.2535
771.9510
808.7150
844.3395
766.4164
806.7030
808.7150
827.2334
816.8533
810.7360
764.5872
829.3377
820.9773
806.7030
806.7030
829.3377
850.9181
871.2163
827.2334
837.8512
835.7083
868.9183
829.3377
887.6125
868.9183
873.5253
914.5270
866.6312
927.2519
880.5183
605.2609
868.9183
885.2364
871.2163
890.0002
880.5183
866.6312
914.5270
907.0423
950.9796
894.8102
902.1135
871.2163
975.8303
927.2519
904.5719
927.2519
945.6125
967.4166
1285.1479
948.2892
940.3000
935.0412
1032.3529
904.5719
964.6423
924.6815
1001.8837
922.1238
953.6839
948.2892
970.2062
998.9268
990.1503
975.8303
953.6839
1262.1112
987.2559
1007.8456
970.2071
1001.8837
993.0602
1001.8837
956.4021
1026.1250
1041.8250
975.8303
961.8812
1045.0176
1023.0366
1048.2281
1054.7037
1013.8725
1091.6671
1016.9105
1045.0176
1038.6500
1057.9689
1032.3529
1064.5551
1081.3538
1026.1250
1077.9546
1095.1450
1048.2281
1095.1450
1177.1476
1095.1450
1116.4464
1071.2164
1109.2621
1116.4464
1112.8436
1205.6519
1095.1450
1941.0055
1112.8436
1127.3844
1231.1165
1116.4464
1123.7167
1120.0707
1153.6877
1095.1450
1201.5021
1173.1769
956.4029
1138.5209
1105.7017
1146.0582
1149.8613
1209.8280
1275.8403
995.9856
1189.2098
1173.1769
1197.3788
1244.2250
1142.2781
1173.1769
1235.4574
1157.5377
1231.1165
1165.3090
1153.6877
1266.6570
1201.5021
1235.4587
1308.9774
1280.4785
1149.8613
1235.4574
1343.7499
1205.6519
1289.8491
1218.2612
1231.1165
1253.1096
1280.4785
1253.1096
1285.1479
1169.2307
1308.9774
1359.1835
1338.6777
1275.8403
1280.4785
1275.8403
1318.7402
1354.0024
1313.8419
1285.1479
1280.4785
1299.3479
1318.7402
1294.5824
1338.6777
1181.1438
1369.6571
1266.6570
1343.7499
1304.1461
1294.5824
1465.1483
1239.8269
1323.6726
1380.2822
1374.9506
1348.8580
1369.6571
1396.5111
1380.2822
1424.3647
1374.9506
1465.1501
1374.9506
1343.7499
1354.0024
1354.0024
1343.7499
1453.2766
1374.9506
1413.0999
1354.0024
1483.3047
1540.3862
1471.1552
1430.0621
1430.0604
1380.2822
1385.6526
1660.2572
1471.1552
1418.7114
1441.5820
1430.0621
1453.2766
1553.6344
1418.7114
1396.5111
1418.7114
1453.2766
1514.5165
1546.9836
1520.9071
1354.0024
1601.7375
1477.2065
1533.8414
1424.3665
1540.3862
1483.3047
1471.1552
1615.9996
1637.8467
1594.6951
2003.9225
1573.9130
1257.5955
1560.3391
1645.2532
1495.6434
1560.3391
1615.9996
1533.8414
1580.7834
1667.8563
1630.5028
1465.1501
1660.2572
1533.8414
1623.2207
1354.0024
1459.1908
1645.2532
1623.2207
1691.0527
1623.2207
1652.7230
1691.0527
1691.0527
1495.6434
1652.7230
1508.1760
1755.9960
1675.5214
1594.6951
1675.5214
1533.8414
1683.2532
1691.0527
1608.8389
1667.8563
1660.2572
1637.8467
1691.0527
3058.8364
1772.9738
1573.9130
1862.7452
1755.9960
1781.5771
1706.8580
1739.3232
1862.7452
1652.7230
1667.8563
1667.8563
1807.8785
1781.5797
1807.8785
1891.3793
1834.9231
1816.8091
1930.8833
1675.5214
1834.9231
1675.5214
1739.3232
1698.9207
1844.1091
1807.8785
1722.9473
1930.8833
1825.8235
1181.1432
1825.8235
2154.5059
1862.7452
1772.9738
1799.0310
1825.8235
1982.5236
1807.8785
1910.9374
1714.8658
1891.3793
1891.3793
1834.9231
1781.5797
1799.0310
1941.0055
1834.9231
1594.6951
1930.8833
2036.8584
1844.1091
1825.8235
1781.5797
2014.7877
1993.1683
1781.5797
1790.2650
1891.3793
2048.0674
2166.9868
1951.2290
1961.5555
1941.0055
1714.8682
1982.5236
2094.1045
2192.3677
2014.7877
3322.8708
1834.9231
1961.5555
1961.5555
1901.1105
2166.9868
1971.9865
2082.4146
1881.7422
1872.1980
1951.2290
1961.5555
1891.3793
2272.0386
2048.0674
2179.6064
1951.2290
1731.0986
2449.2354
2218.3232
2449.2354
2117.8745
2059.3945
2328.3022
1891.3793
1706.8580
1872.1980
2258.3777
1971.9865
1941.0055
2205.2722
2025.7657
2129.9521
2205.2722
2258.3777
2299.8406
2154.5059
2465.2041
2285.8586
2105.9272
1930.8833
2059.3979
2025.7657
1941.0055
1920.8611
2205.2722
2218.3232
1891.3793
2082.4111
2328.3022
1799.0310
2313.9875
2105.9272
2313.9875
2154.5059
2082.4146
2313.9875
1971.9865
2449.2354
2481.3745
2082.4111
2142.1619
2313.9875
2142.1619
2070.8452
9735.1426
2897.0076
2258.3777
3133.6685
2791.2090
2025.7657
2117.8745
2205.2722
2179.6064
2328.3022
2692.6252
2548.1467
2129.9521
2433.4641
2875.2329
2299.8406
2433.4641
2497.7498
2218.3232
2449.2354
7534.7524
2465.2041
2328.3022
2313.9875
2299.8406
1920.8611
2548.1467
2402.4998
2328.3022
2328.3022
2417.8867
2372.2832
2387.2996
2231.5227
2372.2832
2600.5376
2600.5376
2166.9868
2357.4468
2129.9521
2582.8452
2328.3022
2372.2832
4572.7183
2582.8452
2154.5059
2465.2041
2531.1318
2548.1467
2402.4998
2548.1467
2449.2354
2618.4651
2636.6375
2082.4111
2387.2996
2618.4651
2342.7876
2433.4641
2655.0435
2987.3896
2514.3342
2565.3831
2770.9392
2750.9519
2987.3896
2313.9875
2811.7668
2481.3745
2692.6252
2082.4146
2357.4468
2636.6321
2531.1318
2731.2410
2357.4468
2481.3745
2600.5376
2465.2041
2582.8452
2497.7498
2875.2329
2655.0435
2811.7668
2548.1467
2618.4651
2402.4998
2465.2041
2582.8452
2465.2041
2853.7725
2582.8452
2433.4641
2731.2410
2636.6321
2941.5273
2711.8005
2987.3862
2449.2354
2372.2832
2205.2722
1862.7452
2731.2410
2636.6375
2919.1033
2791.2090
2811.7668
2618.4651
2497.7498
3083.3926
2582.8452
2465.2041
2582.8452
2600.5376
2919.1033
2770.9392
2514.3342
2897.0076
2853.7725
2692.6252
2811.7668
2600.5376
2433.4641
2531.1318
2731.2410
2897.0076
2565.3831
3740.1533
4738.3447
2987.3896
2711.8005
3239.1394
2531.1318
2964.2869
2791.2090
3322.8708
2711.8005
2770.9392
2565.3831
2941.5273
2897.0076
2531.1367
2897.0076
2897.0076
2919.1033
2673.7100
2941.5273
3108.3335
3185.5576
2481.3745
2897.0076
2875.2329
1698.9207
2875.2329
2791.2090
2875.2329
3212.1318
5386.5947
3212.1318
3108.3335
3083.3926
2770.9392
2897.0076
2853.7725
2770.9392
3034.6563
2875.2329
2875.2329
3294.4976
3239.1394
2875.2329
3010.8435
2919.1033
2919.1033
3239.1394
3010.8435
2919.1033
2811.7668
3159.4065
2964.2869
2853.7725
2987.3896
3133.6685
2832.6191
3108.3335
2897.0076
2987.3896
2919.1033
2941.5273
2941.5273
2875.2329
3108.3335
3159.4065
2832.6191
3034.6563
3381.0645
3133.6685
3294.4976
2179.6064
2832.6191
2731.2380
3185.5576
2987.3896
3266.5908
2402.4998
2514.3342
3351.7224
3058.8364
2770.9392
2618.4651
2919.1033
3472.1621
3083.3926
2941.5273
3212.1318
2964.2869
3266.5908
2941.5273
2919.1033
2897.0076
3159.4065
2941.5273
3239.1394
2987.3896
3212.1318
3133.6685
2618.4651
2964.2869
3185.5576
3034.6563
3159.4065
3351.7224
3159.4065
3133.6685
3010.8435
3159.4065
3159.4065
3010.8435
3568.1560
3294.4976
3108.3335
3133.6685
3503.5969
3185.5576
3083.3926
3083.3926
3159.4065
3351.7224
3381.0645
3159.4065
3108.3335
3472.1621
3322.8708
3185.5576
3294.4976
3410.9097
3568.1560
3294.4976
3503.5969
4320.5122
3133.6685
3503.5969
4368.7520
3562.6523
3212.1318
3185.5576
3635.0703
72553.0391
3212.1318
3266.5908
3058.8364
3441.2710
3381.0645
3669.4514
3034.6563
3034.6526
3776.5002
3535.5898
3410.9097
3239.1394
3322.8708
4051.6104
3294.4976
2342.7876
3704.4817
3969.1099
3322.8708
3503.5969
3239.1394
3266.5908
3704.4714
3010.8435
3635.0703
3294.4976
2832.6191
3322.8708
3568.1560
3669.4617
3635.0803
3441.2710
3969.1099
3351.7224
3568.1560
3669.4514
3441.2710
3601.3108
3635.0703
3776.5112
3635.0703
3239.1394
3108.3335
3239.1394
3294.4976
3851.3206
3410.9097
3503.5969
3740.1587
3266.5908
3813.5583
3441.2710
3322.8708
3503.5969
4051.6165
2919.1033
3410.9097
3212.1277
3441.2710
3601.3108
3889.8186
3441.2710
3601.3108
3929.0742
3351.7224
3441.2710
4681.8467
3568.1560
3669.4514
3535.5898
3776.5112
3889.8186
3472.1621
3704.4817
3851.3206
3159.4065
3929.0742
3776.5112
3813.5583
3503.5969
3851.3206
3889.8186
3601.3108
3294.4976
3266.5908
4368.7520
3669.4514
4468.4595
3535.5898
4520.0005
3776.5112
3568.1658
3704.4817
3740.1587
4368.7520
4418.0557
2875.2329
3503.5969
4227.0918
4227.0918
3851.3206
3294.4976
3851.3206
3535.5898
3813.5474
3351.7224
3929.0742
3889.8186
3381.0645
3969.1099
3294.4976
3704.4817
3851.3206
4137.5386
3351.7224
3740.1587
3851.3206
3441.2710
3635.0703
3669.4514
3969.1099
3535.5898
4094.1375
4572.7183
4468.4595
3635.0703
3351.7224
3776.5112
4181.8472
3813.5583
3851.3206
3266.5908
3851.3093
4094.1375
3704.4817
4074.1836
4418.0557
3351.7224
4468.4595
3669.4617
3929.0742
4137.5386
3813.5583
4137.5386
3740.1587
3635.0703
3601.3108
4051.6165
4094.1375
4418.0557
4572.7183
3851.3206
3740.1587
3740.1587
3969.1099
4418.0557
4051.6165
4273.3032
4051.6165
3669.4617
4227.0918
3740.1587
3472.1621
3929.0742
3503.5969
4009.9492
3740.1587
4320.5122
3776.5112
4572.7183
3351.7224
4051.6165
4009.9492
3969.1099
3929.0742
4468.4595
3635.0703
4626.6523
4468.4595
2919.1033
3058.8364
3294.4976
4181.8472
4626.6523
3851.3206
4572.7183
4009.9492
3635.0803
3776.5112
3601.3108
2941.5273
3813.5583
3851.3206
3185.5576
3889.8186
4094.1375
3322.8708
4273.3032
3669.4617
3969.1099
4572.7183
4320.5122
3969.1099
3669.4617
4978.3511
4009.9492
3929.0742
4520.0005
3776.5112
2919.1033
3929.0742
4009.9492
4181.8472
4520.0005
3568.1560
4368.7520
3851.3206
3929.0742
3635.0803
3851.3206
3851.3206
4468.4595
4572.7183
4227.0918
4520.0005
4009.9492
3740.1587
4468.4595
4051.6165
4468.4595
3929.0742
4051.6165
4626.6523
4320.5122
4181.8472
3851.3206
4468.4595
4094.1375
3704.4817
5461.1035
4418.0557
3889.8186
4626.6523
4227.0918
4227.0918
3969.1099
4273.3032
4181.8472
5537.6636
2618.4651
3889.8186
4273.3032
4572.7183
3776.5112
5780.5376
5616.3613
4418.0557
4738.3447
5042.1196
4227.0918
4273.3032
3669.4617
4468.4595
5107.5103
1961.5555
3740.1587
4855.4438
3601.3206
6045.3066
4320.5122
4681.8467
4978.3511
4009.9492
12447.3115
3669.4617
3851.3206
4626.6523
4681.8467
4681.8467
4520.0005
3851.3206
4094.1375
4418.0557
3851.3206
4094.1375
4468.4595
3969.1099
5174.5854
4009.9492
4051.6165
4626.6523
3034.6563
4227.0918
4273.3032
4978.3511
4572.7183
6045.3066
4320.5122
3929.0742
4681.8467
3929.0742
6543.8169
5042.1294
4855.4438
4572.7183
4796.1943
3813.5583
4978.3511
3813.5583
3635.0703
4273.3032
4137.5386
4626.6523
4738.3447
4572.7183
4572.7183
2692.6252
4626.6523
6437.7480
2285.8586
4051.6165
4181.8472
4368.7520
7130.3462
4796.1943
4916.1445
5461.1035
4738.3447
4520.0005
4916.1445
4626.6523
5954.4492
3969.1038
4227.0918
6653.3843
5107.5103
4418.0557
4738.3447
4051.6165
3813.5583
4626.6523
3776.5112
3969.1099
3034.6563
4978.3511
5537.6636
5954.4224
5314.0566
4418.0557
4626.6523
5107.5103
4009.9492
4094.1375
5616.3613
4916.1445
4273.3032
3776.5112
3883.6211
3731.4072
3776.5112
5174.5854
4273.3032
4572.7183
4511.5938
6045.3066
4468.4595
4320.5122
4626.6523
4681.8467
4738.3447
4626.6523
4273.3032
4978.3511
4738.3447
4796.1943
4916.1445
7987.0776
4796.1943
4626.6523
5042.1196
4572.7183
4855.4438
5243.4111
4094.1375
4916.1445
3669.4617
4681.8467
4626.6523
4227.0918
4796.1943
4368.7520
4681.8467
5243.4111
5461.1035
5314.0566
4368.7520
3851.3206
5461.1035
4320.5122
4681.8467
88223.1094
4572.7183
5243.4111
4009.9492
4796.1943
3929.0742
5386.5947
4855.4438
5107.5103
4572.7183
5314.0566
4094.1375
4626.6523
4418.0557
4320.5122
7395.0156
5461.1035
5107.5103
4520.0005
4418.0557
4626.6523
5697.2871
5243.4111
4916.1445
4916.1445
6335.0122
5174.5854
4626.6523
5174.5854
4978.3511
6138.9326
5042.1196
4626.6523
5314.0566
4137.5386
4572.7183
3851.3206
4468.4595
4227.0918
5537.6636
4796.1943
4626.6523
5386.5947
4418.0557
4681.8467
5866.2393
4368.7520
4572.7183
4626.6523
4418.0557
6653.3843
4181.8472
5107.5103
4572.7183
4681.8467
4855.4438
3568.1560
4738.3447
3410.9097
4681.8467
4468.4595
5314.0566
4738.3447
5174.5854
4468.4595
5107.5103
5042.1196
4978.3511
4520.0005
4796.1943
5314.0566
5697.2871
4738.3447
5461.1035
5780.5625
5243.4111
5866.2393
5537.6636
6045.3066
6053.0908
7260.3022
5954.4492
5697.3115
6231.4072
6335.0122
7394.9956
5697.3115
6437.7480
6543.8169
5461.1035
4855.4438
5954.4492
4572.7183
6335.0122
5780.5625
6653.3843
5537.6636
5386.5947
5314.0566
5780.5625
7260.3022
4978.3511
5243.4111
5616.3853
5314.0566
5954.4492
3776.5056
5461.1035
5954.4492
5954.4492
5461.1260
5461.1260
5954.4492
5174.5854
4916.1445
4626.6445
5386.5947
6138.9326
5386.5947
5243.4111
6543.8169
5314.0566
5314.0566
6045.3066
4227.0918
5537.6870
5461.1035
7260.3022
6045.3066
6543.8169
5537.6870
6543.8169
6335.0122
5954.4492
5314.0566
2832.6191
6543.8169
5954.4492
5866.2393
5243.4111
7395.0156
2897.0076
7130.3462
2449.2354
6045.3066
6766.6265
5866.2393
6883.7310
6653.3843
5243.4111
4916.1445
6235.4556
5954.4492
4626.6523
7004.8989
38400.0820
21873.2676
6335.0122
6437.7480
5866.2393
6235.4556
6138.9326
5461.1035
7004.8989
5386.6167
5107.5103
5314.0566
15273.8018
6437.7480
4738.3447
6883.7310
6766.6265
6138.9326
5461.1035
4468.4595
5697.3115
5780.5625
5866.2393
4320.5122
5461.1035
5042.1196
5386.5947
6235.4556
5243.4111
5954.4492
5386.5947
6235.4556
5386.6167
5243.4111
4978.3511
6335.0122
5954.4492
5386.6167
6543.8169
4855.4438
6045.3066
5954.4492
6045.3066
5243.4111
9284.3691
5314.0566
5314.0776
5042.1196
4738.3447
4320.5122
5107.5103
4738.3447
4978.3511
6235.4556
5697.3115
5107.5103
4681.8467
4681.8467
5042.1196
4468.4521
5537.6870
5461.1260
4796.1943
5866.2393
5314.0566
5243.4111
5243.4111
5243.4111
5461.1260
5954.4492
5386.6167
5616.3853
4978.3511
5174.5854
5243.4111
5780.5625
4626.6445
5537.6636
5780.5625
4916.1445
5174.5854
5386.5947
7004.8989
5537.6870
5386.5947
5107.5103
5461.1260
5954.4492
5314.0566
5042.1196
5386.5947
5616.3853
4009.9431
5537.6870
5174.5854
6653.3843
5243.4111
9977.1689
5174.5854
4855.4346
6437.7480
5537.6870
5243.4111
5314.0566
4681.8384
5107.5103
5174.5854
5616.3853
17225.0879
5386.5947
5314.0566
6653.3843
5314.0776
6045.3066
6138.9326
5243.4111
4978.3418
5107.5103
5386.5947
5386.5947
4796.1943
1781.5797
4468.4521
7830.4629
6045.3066
6437.7480
4368.7520
5866.2393
4855.4438
5954.4492
5243.4111
4681.8467
4572.7183
5107.5103
5042.1196
4320.5122
4227.0918
23119.1719
4137.5386
4855.4438
4368.7520
5243.4111
5954.4492
4468.4595
4572.7183
4738.3447
4681.8467
6138.9326
4572.7183
4626.6523
5314.0566
4818.0557
5174.5854
5243.4111
4418.0557
4916.1445
4520.0005
3929.0742
4137.5386
4855.4438
4916.1445
4181.8472
13717.5615
5107.5103
4855.4438
5174.5854
2832.6191
6045.3066
5107.5103
4681.8467
8680.7012
4978.3511
4572.7183
5537.6636
4418.0557
5386.5947
5107.5103
5386.5947
5537.6636
3813.5583
4916.1445
4181.8472
6335.0122
5537.6636
4681.8467
5243.4111
4368.7520
3929.0742
3185.5576
5243.4111
4681.8467
5314.0566
4368.7520
4320.5122
3851.3149
3635.0803
4320.5122
2673.7100
4855.4438
4468.4595
4796.1943
5243.4111
5386.5947
4916.1445
3813.5583
5174.5854
3185.5576
4273.3032
6335.0122
5616.3730
5697.3115
5616.3853
6653.3843
2692.6252
5243.4111
5386.5947
4916.1445
4137.5386
3813.5583
5616.3613
4796.1943
5461.1260
6045.3066
3851.3206
5174.5854
4626.6523
4572.7183
5314.0566
4468.4595
4320.5122
5174.5854
3929.0742
3322.8708
5107.5103
4273.3032
3740.1587
4418.0557
4681.8467
4978.3511
4738.3447
4468.4595
4681.8467
4978.3511
4468.4595
4273.3032
4761.2598
5243.4111
4796.1943
4273.3032
4051.6165
2465.2041
4468.4595
5174.5854
3740.1587
4520.0005
4368.7520
4916.1445
4468.4595
5461.1035
5314.0566
4855.4438
4916.1445
5174.5854
4273.3032
5107.5103
4418.0557
4855.4438
3441.2710
2402.4998
4855.4438
4137.5386
4320.5122
4418.0557
2497.7498
5616.3613
5780.5625
4572.7183
4273.3032
3776.5112
6045.3066
3776.5112
4418.0557
3851.3206
4796.1943
4051.6165
4855.4438
3851.3206
5042.1196
3929.0742
4273.3032
4626.6523
5243.4111
5243.4111
5243.4111
4796.1943
3851.3206
3239.1394
6335.0122
5314.0566
3669.4617
4368.7520
4681.8467
5697.2871
4418.0557
4572.7183
3740.1587
3058.8364
3601.3108
3635.0803
2285.8586
4681.8467
4916.1445
4681.8467
4273.3032
2897.0076
4738.3447
3851.3206
3929.0742
2731.2410
4320.5122
6235.4556
4181.8472
4273.3032
4418.0557
3185.5576
5243.4111
3776.5112
4368.7520
4273.3032
4009.9492
4273.3032
4368.7520
4009.9492
3969.1099
4738.3447
3813.5583
4626.6523
3669.4617
3929.0742
4468.4595
3776.5112
3813.5583
4094.1375
4572.7183
4273.3032
6883.7310
4418.0557
4418.0557
4320.5122
3351.7268
3929.0742
4681.8467
3929.0742
4181.8472
4468.4595
4916.1445
4094.1375
4916.1445
3704.4817
4009.9492
2875.2329
4273.3032
4227.0918
3851.3206
4051.6165
3851.3206
3776.5112
4273.3032
3568.1560
3889.8186
4094.1375
3889.8186
3889.8186
3535.5898
3381.0645
3704.4817
3929.0742
5042.1196
3381.0645
3740.1587
3441.2710
3535.5898
3704.4817
3083.3926
3503.5969
3108.3335
1993.1683
10780.4141
4181.8472
3568.1560
3159.4065
3535.5898
3381.0645
3813.5583
3740.1587
3704.4714
5107.5103
3929.0742
3322.8708
3813.5583
3929.0742
3740.1587
3503.5969
3704.4817
3159.4065
3813.5583
3969.1099
3776.5112
4051.6165
3266.5908
4009.9492
4051.6165
3441.2710
3851.3206
3669.4514
3568.1560
3266.5908
3740.1587
3535.5898
3601.3108
3740.1587
3740.1482
3294.4976
3381.0645
3740.1587
23119.1719
7130.3462
3704.4714
3034.6563
3108.3335
3266.5908
3159.4065
3704.4817
2964.2869
3294.4976
3441.2710
3294.4976
3669.4514
3472.1621
3601.3108
4368.7520
3410.9097
3601.3108
3185.5576
3503.5969
3351.7224
3239.1394
3410.9097
3813.5583
3108.3335
3410.9097
4572.7183
3635.0703
3601.3206
3410.9097
5174.5854
61605.4141
3058.8364
3410.9097
3322.8708
3503.5969
3601.3108
3410.9097
3503.5969
3472.1621
3266.5908
3535.5898
3058.8364
3669.4514
2987.3896
2770.9392
3441.2710
3266.5908
3740.1587
3034.6563
3322.8708
3159.4065
3159.4065
2655.0461
3266.5908
2328.3022
2853.7725
2875.2329
3441.2710
3441.2710
3294.4976
3351.7224
2897.0076
3503.5969
3410.9097
2853.7725
2582.8452
3322.8708
2582.8452
3159.4065
2692.6252
2692.6252
2941.5273
3108.3335
3159.4065
3058.8364
3185.5576
2964.2869
2791.2090
2811.7668
2964.2869
2919.1033
3185.5576
3034.6563
3239.1394
2565.3831
2875.2329
3441.2710
3212.1318
3503.5969
2791.2061
3635.0703
3108.3335
3034.6563
2897.0076
2964.2869
3381.0645
2853.7725
2964.2869
3185.5576
2711.8005
3266.5908
2811.7668
3034.6563
2342.7876
2964.2869
11391.0439
3010.8435
3704.4766
3108.3335
2711.8005
2897.0076
3108.3335
2964.2869
3239.1394
2731.2410
2853.7725
2875.2329
2832.6191
2711.8005
2987.3896
3133.6685
2853.7725
3058.8364
3010.8469
2897.0076
2299.8406
3133.6685
2897.0076
2919.1033
3058.8364
2919.1033
2897.0076
2919.1033
2770.9392
2600.5376
3058.8364
2897.0076
2875.2329
3441.2756
3776.5112
2832.6191
3010.8435
2811.7668
2853.7725
2582.8452
2692.6252
2919.1033
2875.2329
3034.6563
2897.0076
2987.3896
3010.8435
2853.7693
2832.6191
3266.5908
3704.4817
2919.1033
2853.7725
2655.0488
2853.7725
3185.5576
2832.6191
2673.7043
2105.9272
3108.3335
3010.8435
3010.8435
2692.6252
2003.9225
3034.6563
2417.8867
2673.7100
2618.4651
2618.4651
2465.2041
2941.5273
2673.7100
2941.5273
2919.1033
2897.0044
2897.0076
2791.2029
2811.7668
2832.6191
3010.8435
2791.2090
2897.0076
2711.8005
2531.1318
2919.1033
2565.3831
2582.8452
2770.9392
2600.5376
2655.0435
2853.7725
2811.7668
2711.8005
2481.3745
2897.0076
2582.8452
2565.3831
2166.9868
2750.9519
2417.8867
2770.9392
2711.8005
2791.2090
2731.2410
2636.6375
2449.2354
2342.7854
2565.3831
3108.3335
2673.7043
2655.0488
2811.7668
2655.0435
2514.3342
2600.5376
2565.3831
2673.7070
2731.2410
2497.7498
2449.2354
2313.9875
2285.8586
2673.7043
2600.5376
2328.3022
2258.3777
2342.7876
2342.7854
2582.8452
2618.4651
2565.3831
2531.1318
2600.5376
2465.2019
2497.7498
2897.0076
2342.7876
2449.2354
2357.4468
2357.4468
2497.7498
2548.1467
2285.8586
2205.2722
2372.2832
2313.9875
2449.2354
2142.1619
3969.1099
2179.6064
2313.9875
2600.5376
2372.2832
2272.0386
2328.3022
2313.9875
2328.3022
2465.2041
2142.1619
2465.2041
2036.8584
2299.8406
2285.8586
2357.4468
2600.5376
1799.0310
2258.3777
2402.4998
2299.8406
2272.0386
2117.8745
2328.3022
2244.8733
2402.4998
2082.4146
2218.3232
2313.9875
2117.8745
2342.7876
2218.3232
2142.1619
2179.6064
2179.6064
1930.8833
2048.0674
2142.1619
2328.3022
2231.5227
2094.1079
2117.8745
2036.8617
2179.6064
2357.4468
1982.5236
2014.7877
2179.6064
2285.8586
2142.1619
2070.8452
2129.9521
1971.9865
2105.9238
2272.0386
2025.7657
2070.8418
2129.9521
2059.3945
2129.9521
2218.3232
2285.8586
1920.8611
2003.9225
1961.5555
2070.8452
2142.1619
2244.8733
1982.5236
1961.5555
2179.6064
1630.5028
2048.0674
2070.8418
1951.2290
1901.1105
2105.9272
2117.8745
1910.9374
2070.8418
1881.7422
2059.3945
1941.0055
2036.8584
1941.0055
2582.8452
1920.8611
1971.9865
1941.0055
1834.9231
1338.6777
1993.1683
1941.0055
1891.3793
1941.0055
1799.0310
1799.0310
1901.1105
1930.8833
1881.7422
1930.8833
2048.0674
1853.3827
1920.8611
1764.4463
1853.3827
1799.0310
1901.1105
1951.2290
2014.7877
1844.1091
2070.8418
1951.2290
1825.8235
1764.4463
1652.7230
1691.0551
1790.2650
1790.2650
1816.8091
1844.1091
1790.2650
1747.6219
1637.8467
1941.0055
1834.9231
1615.9996
1645.2532
1862.7452
1799.0310
1920.8611
1862.7452
1698.9230
1722.9473
1807.8785
1731.0986
3185.5576
1790.2650
1645.2532
1739.3232
1691.0527
1739.3232
1667.8563
1691.0527
1714.8658
1587.7106
1799.0310
1652.7230
3472.1621
1508.1760
1667.8563
1660.2572
1683.2532
1660.2572
1459.1908
1637.8467
1546.9836
1731.0986
1698.9230
1675.5214
1567.0984
1560.3391
1540.3862
1675.5214
1645.2532
1652.7230
1630.5028
1675.5214
1675.5214
1560.3391
1698.9230
1645.2532
1601.7375
1465.1501
1573.9130
1623.2207
1441.5820
1435.8004
1560.3391
1391.0621
1359.1835
1459.1908
1594.6951
1560.3391
1527.3485
1573.9130
1540.3862
1608.8389
1520.9071
1471.1552
1580.7834
1465.1501
1560.3391
1424.3647
1459.1908
1560.3391
1540.3862
1553.6344
1328.6394
1447.4072
1489.4501
1546.9836
1501.8853
1495.6434
1402.0001
1447.4072
1333.6410
1459.1908
1453.2749
1402.0001
1338.6777
1459.1891
1567.0995
1348.8580
1441.5802
1540.3862
1471.1552
1667.8563
1520.9081
1380.2822
1380.2822
1348.8580
1402.0001
1391.0621
1374.9506
1430.0621
1391.0621
1489.4501
1348.8580
1338.6777
1391.0621
1313.8419
1354.0024
1354.0024
1285.1479
1354.0024
1045.0176
1364.4016
1318.7402
1248.6533
1318.7402
1323.6733
1231.1178
1459.1891
1294.5824
1652.7230
1323.6726
1266.6570
1275.8403
1262.1112
1285.1479
1244.2262
1222.5186
1214.0311
1161.4108
1201.5028
1197.3788
1343.7499
1253.1096
1205.6519
1257.5955
1169.2307
1231.1165
1185.1638
1275.8403
1231.1165
1235.4574
1222.5186
1161.4114
1153.6877
1189.2098
1226.8036
1197.3788
1138.5209
1064.5551
1149.8613
1169.2307
1153.6877
1169.2307
1197.3788
1109.2621
1098.6433
1134.7864
1165.3090
1173.1769
1038.6500
1142.2787
1157.5377
1131.0742
1239.8269
1109.2621
1077.9546
1074.5759
1165.3090
1120.0707
1138.5209
1095.1440
1041.8250
1123.7167
1161.4114
1038.6500
1026.1250
1026.1250
1054.7037
1112.8431
1131.0742
1095.1440
1071.2164
1029.2303
1048.2281
1048.2281
1045.0176
1088.2084
1038.6500
1071.2164
1074.5759
1019.9652
1048.2281
1032.3529
1038.6500
1010.8509
1032.3529
998.9268
1013.8725
995.9856
937.6639
987.2559
1013.8725
1029.2303
998.9268
990.1503
984.3768
984.3768
975.8303
961.8816
1013.8725
864.3549
984.3768
970.2071
975.8303
967.4166
981.5129
1343.7499
950.9796
940.3000
909.5249
937.6639
937.6639
948.2892
932.4316
909.5249
945.6125
964.6415
922.1238
907.0423
914.5270
940.3004
914.5270
917.0467
873.5253
878.1761
927.2519
875.8452
853.1313
1177.1476
871.2163
904.5719
829.3377
882.8717
866.6312
866.6312
857.5894
864.3542
816.8533
868.9183
853.1313
768.2535
846.5222
871.2163
842.1667
833.5751
808.7150
848.7150
844.3395
855.3553
823.0533
829.3377
766.4164
835.7083
848.7150
743.2235
804.6999
812.7661
796.7750
827.2334
771.9510
899.6672
768.2535
768.2535
768.2535
802.7056
760.9517
750.2265
831.4515
764.5872
759.1454
753.7717
739.7651
762.7656
741.4908
746.7108
753.7717
724.5471
714.7045
732.9328
722.8902
717.9592
729.5581
719.5963
708.2719
732.9328
873.5253
713.0869
743.2235
722.8902
727.8810
746.7105
713.0864
697.2565
709.8704
709.8704
695.7074
697.2565
770.0983
569.5155
697.2565
673.1721
673.1721
679.0557
671.7150
667.3766
663.0867
660.2533
691.0958
665.9413
685.0296
651.8781
660.2533
664.5114
640.9935
643.6849
640.9935
654.6488
653.2607
642.3367
634.3495
631.7251
625.2455
631.7251
634.3495
618.8797
631.7251
635.6687
607.6985
634.3495
600.4356
617.6199
604.0483
605.2605
605.2605
602.8396
604.0483
600.4352
599.2392
601.6357
604.0483
599.2392
590.9801
593.3199
561.9397
601.6353
580.6437
579.5143
579.5143
584.0546
568.4227
585.1992
568.4227
564.0868
578.3885
548.3160
594.4957
545.2513
556.6325
566.2477
557.6874
575.0338
498.1277
558.7454
529.3839
527.4551
534.2580
536.2288
532.2993
504.3064
537.2189
532.2993
526.4952
520.7967
538.2120
533.2771
502.5281
516.1263
511.5258
511.5258
509.7049
505.1995
517.9859
488.6697
501.6429
486.1419
501.6429
500.7602
497.2554
492.0742
481.9766
498.1277
486.1419
471.4195
477.0560
475.4343
522.6846
463.5556
459.7042
462.7811
475.4343
455.9053
465.1111
465.1111
463.5556
454.4001
462.7811
452.9028
459.7043
451.4138
450.6723
451.4138
449.9328
446.9945
450.6723
433.4557
436.2500
436.2500
438.3650
428.6352
434.1516
424.5719
430.0036
432.0695
419.2507
421.8977
419.2507
430.0036
425.9194
419.9099
425.2448
422.5637
430.0036
415.9793
419.2507
403.2961
405.7827
399.6119
403.2961
404.5363
407.6637
407.0352
407.6637
400.8340
400.2222
397.1854
391.8113
388.2927
388.8756
390.6328
388.2927
381.9709
380.2751
388.2927
371.9719
386.5522
373.6094
381.9709
374.7076
366.5941
370.3456
364.4772
370.3456
364.4772
363.9510
361.3376
356.1982
364.4772
358.7535
359.7837
361.3376
353.1689
353.6711
353.1689
355.1838
352.6680
363.4259
345.2847
343.3563
345.7694
345.7694
345.7694
352.6680
339.0779
341.9210
337.2028
338.1384
333.5001
331.2177
331.6722
335.8068
324.5123
325.8366
339.0779
323.6340
322.3233
321.8882
315.4676
312.5378
312.9538
318.0122
312.9538
313.7883
310.0592
308.8310
312.5378
308.4232
303.9911
303.9911
304.7898
301.2202
301.2202
293.8877
302.4031
292.7544
296.9422
290.8799
291.2534
290.8799
292.0024
287.5506
286.0889
286.4533
284.6383
286.0889
283.1986
282.8404
279.2944
279.6460
280.3513
274.7816
278.2433
274.0969
279.2944
269.0398
268.0448
266.3983
270.3749
266.0707
265.7437
263.1490
261.8654
261.2270
264.4418
259.6407
258.3817
255.5810
256.1996
252.5200
255.5810
249.8098
251.6119
249.2132
249.5112
248.9156
246.5533
243.0693
245.0931
242.4954
243.0693
242.7821
230.6055
237.1380
237.9727
235.2061
238.5315
237.1379
234.3849
229.8067
235.4807
228.2207
230.6055
228.4839
224.3214
224.0647
226.6498
228.7477
222.7875
221.5203
220.2631
220.0128
219.0156
226.3894
213.6401
214.6040
210.7838
211.0198
214.1213
209.8432
209.3750
209.1415
210.0778
209.6089
212.2054
209.6089
204.0910
205.9083
202.5185
201.1835
200.0800
199.6408
198.9845
198.7664
196.8174
196.1733
203.1904
193.8356
192.9947
191.9502
191.3271
193.6249
186.8377
186.2363
186.2363
181.1271
183.4624
184.0522
183.4624
183.4624
179.4008
174.1631
174.8993
173.6135
173.6135
174.5307
174.8993
173.9797
171.7975
172.7025
171.7975
172.1588
168.7649
167.8858
170.3620
167.0124
165.4546
163.5752
160.8885
161.2213
159.4011
161.3880
160.2253
159.4011
157.2824
156.4767
158.0932
155.9957
156.6374
154.5634
154.7218
149.9029
151.2831
152.0564
148.9912
150.3613
147.3369
146.8896
148.2365
145.2630
149.4462
147.4864
144.5307
142.3598
142.9350
141.7874
135.8007
141.3599
138.1317
138.6870
135.9365
136.8919
135.9365
133.9149
135.5294
136.8919
134.0486
136.6182
129.9740
130.8816
130.1032
129.7160
129.2016
129.4585
128.1799
127.6725
123.3267
124.3053
123.8150
124.1825
124.3053
122.2359
123.5706
120.3228
119.6139
121.8747
118.5590
118.0934
119.0265
116.4792
116.8231
115.7948
116.8231
115.4541
115.3408
113.3216
111.1220
113.5441
112.8781
110.4710
112.3262
108.0120
110.0392
114.6636
112.7675
109.6091
108.2235
109.1808
107.2750
107.3800
107.0654
106.3350
107.1701
106.0236
104.2764
103.1616
116.3649
104.5826
101.2645
103.2625
102.0589
101.3634
101.7603
101.4625
