54.2584
54.6663
55.4884
57.0388
59.1134
60.9900
61.3706
63.3663
64.5479
66.1503
66.8951
68.0595
70.2252
70.9358
71.8684
73.7646
75.2519
76.5363
76.7649
79.6339
79.5552
81.6257
81.4648
81.0636
84.6561
85.5766
87.8754
89.3522
89.3522
90.9415
92.7389
94.2013
95.5927
95.8734
96.8148
99.6941
99.0148
100.2801
101.6609
102.8597
104.3784
105.3006
107.1701
108.0120
108.5417
111.6677
111.2310
114.5511
113.3216
116.0224
116.3649
117.1681
118.9095
118.7925
120.4414
123.4486
123.2050
123.6927
127.5460
126.6643
126.4137
127.7991
130.1032
131.0119
131.5343
132.8509
134.4506
138.2703
135.3940
138.5479
139.5246
140.3682
141.5023
142.9350
146.2956
145.2630
149.2944
148.5379
149.7505
150.0555
149.7505
153.1471
152.9907
154.4053
153.6175
155.0391
156.9595
159.5656
157.9306
160.8885
161.5550
163.9149
165.1109
166.8385
165.6268
165.7993
164.0851
168.2368
168.4126
172.5210
171.4372
171.9780
172.3398
176.0110
179.7826
181.1272
181.5137
181.9013
184.4468
185.4382
184.2494
188.0484
189.0650
188.4541
188.2511
191.9502
190.5005
193.4145
191.9502
188.4542
192.9946
194.6814
197.0327
197.8970
198.3310
201.4052
201.1834
202.2952
204.3170
204.7699
204.7700
204.0910
207.2856
207.5164
208.4429
206.5954
208.2108
211.0198
209.3750
215.8172
215.3308
216.0609
217.0397
215.3308
218.2717
216.0609
217.7778
220.0128
224.8360
221.5203
221.5203
223.0421
224.5785
224.3215
230.6055
225.6108
228.4839
229.5413
223.5527
230.0726
230.3388
241.3534
236.5838
236.5838
234.1122
239.6547
236.5838
237.6940
239.6547
236.0313
237.6940
237.1379
240.2190
242.2092
241.9235
240.5019
247.4355
246.8468
247.1409
248.9156
251.0091
249.2131
251.3102
246.2603
251.9141
251.9141
254.0439
250.7085
254.3502
255.2725
256.8203
257.1316
264.1177
256.8203
256.8203
260.5908
261.8654
259.3252
262.1855
260.5908
259.9569
259.6408
264.7664
265.7437
271.0462
269.3727
265.7437
268.7075
263.4713
273.4146
266.3982
266.3983
267.3844
270.7103
270.3749
273.0744
268.7076
273.4146
274.4389
287.9177
275.8134
279.9983
272.3959
275.1249
279.2944
282.4828
278.2433
279.9983
278.5930
280.3513
285.7253
282.4828
287.9177
284.2774
287.9177
281.0591
290.1351
283.5576
282.4828
293.8877
286.8184
287.9177
293.5092
300.8275
290.8799
292.0024
295.0276
291.2534
300.0445
299.2644
296.9422
294.6469
300.8276
296.1741
294.6469
297.3273
296.5578
296.5578
296.9422
297.7132
298.8755
298.0998
305.1903
302.4031
302.0081
306.8004
300.0444
300.0445
300.4357
308.8310
308.0163
306.3966
307.6101
305.9937
306.8004
310.8820
310.0592
305.5916
292.3781
316.7361
314.2068
321.0207
312.1226
316.3124
312.5378
312.1226
319.2963
305.5916
317.1606
320.5883
323.6340
312.1226
319.2963
321.0206
315.8896
320.1567
321.4540
318.4394
311.2947
318.4394
327.1693
330.3115
324.0727
333.9596
311.7083
319.2963
328.5103
324.0727
319.2963
329.4089
334.8813
329.8598
324.5122
331.6723
335.8069
329.8597
332.5844
331.2177
340.9692
340.4948
333.0418
341.4445
323.1961
336.7365
337.6701
330.7641
339.5492
333.0417
343.3563
333.5002
341.9210
339.5492
337.2028
342.8767
342.3984
340.4948
337.2028
344.3183
337.2028
344.8010
334.8813
345.7693
345.2846
339.0779
342.8768
346.7420
340.9691
350.1800
346.2552
347.2299
348.2089
355.6905
345.2847
348.7000
352.1683
342.8768
347.2299
352.6682
348.2089
345.2846
351.6696
360.3005
346.2551
347.7189
348.7000
352.1683
345.7694
347.2299
363.4259
363.4259
353.1691
347.2299
347.7188
350.6754
356.7069
350.1799
356.1982
356.1982
352.1683
356.1982
373.6096
348.2089
356.1981
353.1691
359.2679
352.1683
357.2168
362.9021
365.5333
358.7534
367.6599
365.5333
359.2680
368.1945
364.4771
362.3793
357.2168
367.1264
363.9510
361.8579
366.0631
364.4772
361.3375
367.1264
366.0631
367.1264
361.3376
367.1263
361.3376
366.0631
363.9509
373.0625
368.7305
365.0046
364.4771
369.2676
364.4771
365.0046
368.7305
370.8864
365.0046
375.8108
363.9509
369.8060
369.8060
371.9719
373.6096
367.6599
405.7827
374.7076
374.7076
375.2586
369.8060
368.7305
368.1945
374.1580
370.8864
374.7075
384.8241
373.0625
378.5911
371.9720
375.2586
375.2585
377.4752
365.5333
377.4751
370.8866
379.7125
370.8865
379.1512
375.2586
372.5166
377.4752
376.9191
375.8108
374.7076
378.5912
376.9191
376.3642
376.3643
372.5165
375.2586
381.9709
380.8391
376.9191
384.8240
376.9191
381.9709
379.7124
377.4752
375.8108
372.5166
378.0325
373.0625
381.4043
385.3987
379.1511
387.1310
380.8391
377.4751
376.9190
381.9709
381.9709
379.7125
381.4043
374.1579
384.2507
387.1310
386.5522
382.5389
383.1081
382.5389
374.1580
382.5388
383.1081
379.7125
385.3986
399.6118
381.4043
385.9748
383.6787
374.7076
389.4598
388.8756
385.3987
387.1310
385.3987
394.7826
388.2927
383.6787
381.4043
386.5522
381.4043
382.5388
388.8756
385.9748
387.1310
394.1855
384.2507
391.2213
387.7111
393.5897
383.1081
388.2927
389.4599
386.5522
386.5522
388.8756
389.4598
394.7826
380.2751
388.8755
394.1855
377.4752
388.8755
392.4027
393.5897
395.9812
395.9812
391.8113
383.6787
391.8113
395.3812
391.8113
385.3986
395.3810
379.7125
399.0030
387.7111
393.5897
388.2927
393.5897
392.9955
392.4028
389.4598
382.5389
391.8114
390.6328
401.4472
392.4027
389.4599
387.1309
388.2927
385.3987
394.1855
392.4027
388.2927
390.0457
385.9748
390.0456
394.1855
385.3987
388.2927
403.9155
388.8755
394.7826
387.1309
393.5897
390.6328
388.8755
398.3958
385.9748
415.9794
390.6328
392.4028
395.3811
392.4027
387.1309
410.1937
392.4028
390.6327
392.9955
394.1855
387.1309
399.0031
384.8239
394.1855
398.3958
396.5826
402.0619
416.6304
404.5363
400.8340
399.0030
400.2222
393.5897
401.4472
389.4598
391.2213
400.2222
391.8113
396.5826
397.7899
402.0620
395.9811
392.4027
395.9812
396.5826
401.4472
398.3958
394.7824
374.7076
414.0363
396.5826
400.2222
395.3812
399.0031
405.7826
394.1855
403.9155
395.3812
394.7826
401.4472
392.4028
402.6783
391.8113
398.3958
394.1855
412.7490
393.5897
397.7899
402.0620
395.3812
408.9256
404.5363
403.2961
401.4472
388.8755
391.8113
397.7898
399.6119
395.3811
408.2939
390.6327
407.6637
400.2221
409.5588
400.2222
393.5899
399.6118
405.1587
392.4027
403.2961
400.2222
405.7827
392.4027
403.9155
400.8340
403.2961
407.6636
403.9155
397.7899
403.9155
402.6783
407.6637
407.0352
400.2222
399.6119
384.8240
381.4043
402.0620
397.1855
400.2221
405.1586
405.1587
403.9155
412.7490
405.7827
402.0620
401.4472
403.9154
401.4472
405.7827
362.9020
405.1587
401.4472
402.6783
403.2961
405.7827
402.0620
399.6118
405.7827
403.9155
403.9155
400.8340
408.9256
397.7899
405.1587
405.1587
402.6783
407.0351
402.6783
407.6637
417.2830
408.2939
407.0352
410.8300
402.6783
405.7826
407.0352
405.7827
404.5363
400.8340
404.5363
402.0620
405.7827
407.6637
405.1587
406.4081
411.4681
387.1310
407.6637
394.1855
409.5587
398.3957
407.0352
412.7489
396.5825
439.7842
400.2221
412.1078
415.3300
409.5588
403.2961
410.1937
400.8339
407.6637
404.5363
399.0031
402.0620
411.4681
412.1078
414.0362
403.9155
403.9155
406.4081
403.2961
403.9155
414.6823
403.2961
400.8339
400.2221
404.5363
409.5588
409.5588
407.0352
410.1937
398.3957
405.7827
400.8339
402.6783
411.4681
398.3957
405.7826
411.4681
400.8340
402.0620
404.5363
453.6504
399.0031
402.0620
412.1078
406.4081
414.0363
397.7899
408.2939
404.5363
399.6119
402.6783
402.6783
410.1936
410.8301
400.2221
395.9811
397.7899
397.7899
402.6783
405.1587
404.5363
399.6118
405.7826
402.0620
400.8339
405.1587
395.9812
392.4028
423.2316
401.4472
412.1078
402.6783
400.8340
408.2939
407.6637
400.8340
401.4472
401.4472
409.5587
402.6783
408.9256
396.5826
402.0620
400.8340
404.5363
401.4472
395.9812
400.8340
381.4043
401.4472
399.0030
401.4471
406.4081
398.3958
400.2221
402.0620
395.9812
403.2961
395.9811
399.0030
402.0620
399.0031
398.3958
402.6783
402.0620
397.7899
385.9747
387.7110
396.5826
402.0620
388.8755
400.2222
398.3958
397.7898
390.6328
401.4472
396.5826
402.0620
395.9812
381.4043
399.0030
397.1855
403.2961
400.2222
402.6783
397.7898
399.6119
395.3811
402.0620
400.8340
401.4472
404.5363
397.1855
394.7826
391.8113
399.6118
397.1855
395.9812
396.5825
405.1586
398.3957
401.4472
402.0620
392.4027
398.3958
403.9155
392.9955
399.6119
388.8756
367.1263
392.4027
402.6783
402.6783
392.9955
402.0620
395.9812
391.2213
407.0352
397.1855
387.7110
394.1854
397.1854
369.2675
399.0031
394.7824
370.8866
394.7824
395.9812
401.4472
397.1855
387.7111
395.3812
408.9255
392.4027
397.7899
395.9812
394.7826
390.6329
394.1855
399.6119
399.6119
394.7824
394.7826
399.6119
397.7899
389.4598
388.2926
387.7111
381.4043
391.2213
392.4027
383.1081
377.4751
395.3810
397.7899
395.9812
385.9747
394.1855
383.6787
384.8240
388.8756
391.2213
392.4027
388.8756
388.8756
374.7076
388.8756
391.8113
391.2213
392.9955
381.9709
387.1310
393.5897
391.2213
382.5389
391.8114
386.5522
384.2507
386.5522
384.2507
390.6327
388.8755
376.3642
380.8390
384.8240
381.4043
382.5388
376.9190
380.2751
381.9709
379.7125
389.4598
385.9748
381.9709
387.7111
380.2751
385.9748
378.5911
383.6787
388.2926
385.9748
384.2507
383.1081
399.0031
383.6787
380.2751
383.1081
372.5165
380.2751
370.3457
380.8391
385.3987
383.1081
378.5911
377.4752
383.6787
380.8390
375.2585
383.1081
384.2507
381.9709
381.9709
375.2586
379.7125
368.7304
371.9720
371.9720
386.5522
373.6096
376.3642
375.8108
374.1579
378.5912
373.0625
384.8240
373.6096
375.8108
372.5166
367.6599
381.4043
352.6682
367.1264
362.3794
373.6096
368.7305
370.8866
374.1580
354.1742
363.4259
372.5165
375.8108
367.6599
366.0631
367.6599
374.7076
368.1945
356.7069
371.4285
363.9509
369.8060
352.6681
367.6599
356.1982
365.5333
362.9021
362.9020
365.0046
367.6599
366.5941
366.0631
360.3005
362.3794
363.4259
359.7837
357.7278
361.8579
357.2169
367.1264
361.3376
362.9021
356.7069
357.7278
372.5165
365.5333
355.1839
362.3794
369.2676
356.7069
348.2090
361.3376
354.6786
352.6681
346.7419
350.6754
351.6696
351.6695
356.1981
357.2168
355.1840
358.2401
350.6753
350.6754
345.7694
351.6695
356.1982
349.1922
350.6754
350.1798
354.6786
352.1683
351.6696
351.6695
344.8010
342.8768
349.6855
344.3183
343.8368
340.0215
335.8069
346.2552
347.7189
341.9210
341.9210
338.1383
340.9692
335.3437
342.8768
333.9596
336.7365
335.8069
340.0215
330.7641
337.6700
337.2028
333.0417
333.9596
334.4200
333.9596
343.3563
334.4200
331.6723
341.9210
333.9596
331.2178
332.5844
332.1278
330.7640
329.8597
331.2177
327.1693
320.5882
325.3942
328.5103
329.4089
324.9529
324.0727
326.7242
326.2799
320.1567
328.9592
323.6340
321.8882
319.2963
317.5860
320.5883
321.0207
315.4677
318.0123
311.7082
332.5843
317.1606
317.1606
297.3274
312.5378
314.2069
311.2947
312.1226
310.8820
310.4701
312.5378
312.5378
308.4232
312.1226
306.8004
306.8004
310.8820
317.5861
311.7083
310.0592
304.7897
302.4031
301.6138
300.8276
303.1955
300.8276
306.3966
303.5929
303.5929
296.5577
307.6102
300.8276
303.5929
294.6469
295.0276
293.1314
299.2644
295.7913
301.2203
296.5578
292.0024
295.0276
292.0024
292.7544
286.8184
290.5071
287.1841
276.5045
292.3780
285.0001
293.1314
290.1351
285.7253
287.5506
291.6276
286.8184
290.1351
286.8184
281.7696
281.4140
282.4828
282.4828
279.6460
283.9172
282.1259
276.1587
280.3513
277.8943
275.4688
278.5930
273.7554
268.7076
273.0744
272.3959
267.0550
270.0403
271.7198
266.7264
269.0398
267.0551
267.0551
265.7437
266.0706
264.7663
262.8272
264.4418
265.4174
260.9086
262.1855
256.5097
260.2736
259.3251
260.9086
254.3502
258.6957
259.9569
251.3103
255.2724
254.3502
253.7380
254.0439
254.6571
250.1088
251.9141
251.0091
248.6186
249.2132
250.1088
248.9156
246.5533
246.8469
245.0931
243.9337
244.2228
243.6451
247.1409
240.7853
240.2190
237.9727
239.0922
236.3073
234.9320
235.2062
238.2518
233.2963
233.5678
231.6766
232.4845
232.2148
233.0253
227.9577
228.7477
232.2148
226.9105
225.3522
225.0938
224.0648
234.9320
223.5527
224.5785
220.2631
220.5137
223.5527
220.0128
217.7778
215.3308
215.3308
218.5193
215.8172
213.4001
210.5481
211.2562
211.4929
200.7411
207.5164
207.9789
204.9970
208.2108
203.1904
204.7700
202.9661
206.3661
204.5434
202.7421
201.4051
199.6408
200.7411
198.7664
197.0326
194.2579
194.6814
195.1061
194.4695
192.7852
192.5760
194.4695
191.1200
190.7067
188.8611
190.7067
187.2402
185.8367
184.8425
184.6445
185.0408
179.4008
187.8459
180.9343
181.5137
180.3573
177.5074
179.2103
172.8842
172.3398
172.3398
172.7025
172.8842
171.4371
171.7975
169.6498
165.4547
167.1867
168.4126
164.9394
164.9394
162.7297
162.5612
162.8983
161.0548
159.8950
158.4189
159.7302
158.4189
156.7984
153.3037
154.8803
154.2473
152.5227
154.4053
150.6678
151.5918
150.5144
149.2944
148.3871
147.7859
145.5571
147.6361
145.2630
145.7045
139.8051
142.7909
139.1050
138.6870
139.3846
138.5479
138.8262
137.5791
134.7194
133.6480
133.3817
133.1160
131.5343
129.4585
130.6216
129.4585
128.6897
128.0529
126.1636
125.6650
124.0599
123.5706
122.4774
122.5983
121.6345
118.5590
118.5590
116.1365
115.4542
115.1146
114.7762
114.4387
114.5511
112.1062
111.2309
110.6876
111.5583
107.8009
107.8009
106.6474
106.6474
105.6098
104.9923
103.1617
102.4585
101.2645
99.7915
99.4024
97.8608
99.5968
97.6698
95.0338
96.1548
93.8336
94.1093
92.1961
91.6564
91.2089
90.3203
88.3074
89.7910
87.9616
86.4214
86.3366
86.7615
85.4925
85.7449
83.9097
83.6622
82.1104
81.3041
80.9036
79.2408
79.1624
78.2266
77.9169
76.8412
75.1020
75.6277
74.2081
73.1035
72.1575
72.1575
72.6656
70.5088
70.7220
69.3803
68.4051
68.4051
67.3043
67.2359
66.3528
65.1452
65.0786
64.0864
63.5621
59.1134
61.7531
60.7372
61.1167
59.5473
59.5473
57.8864
58.0083
56.9786
56.0216
55.8435
56.8583
54.4912
54.1423
52.7053
52.8192
52.0250
51.9686
53.0477
50.6270
49.1458
49.1458
50.6270
49.0914
49.0372
48.0672
50.4610
50.6824
52.5915
53.2769
54.5495
55.0763
56.4388
57.0990
58.6203
59.4852
59.0516
61.3706
61.9450
64.6803
66.0829
67.3043
69.5907
69.1005
71.4367
70.5798
72.7384
72.5928
75.1020
75.3269
76.4602
77.9169
80.8237
80.9036
81.7063
81.7870
82.4349
85.9136
87.0174
88.3074
87.7031
90.4973
89.4398
90.9415
91.9259
94.0173
95.4993
97.5745
98.4361
96.8148
99.4995
100.5744
101.4625
102.5587
104.0729
105.8165
106.2311
112.3262
109.8239
111.2309
110.5792
111.8867
113.9905
113.6555
116.4793
116.9380
117.1681
120.9171
120.6790
123.3267
120.9171
122.9619
124.6746
127.4196
126.0387
127.9259
126.4137
130.4917
132.5864
132.5864
132.1907
134.8540
134.3165
136.0725
139.9457
143.2236
139.9457
143.9480
141.2177
142.7909
145.5571
143.8028
149.1427
152.8345
150.6678
151.9014
151.2831
148.8399
156.4767
153.1471
156.1558
154.8803
159.5656
159.2369
160.7223
163.9149
161.8895
162.3930
165.2827
160.5565
167.8858
169.8275
168.5886
168.9414
176.7572
172.3398
176.3836
177.8840
177.5074
179.2103
180.5494
181.3203
184.8425
180.7417
181.5137
183.6587
184.0522
184.2494
188.0484
188.6575
186.8378
190.5005
191.1200
192.9946
192.7852
194.6814
194.8936
195.3189
196.6024
198.3310
200.0800
199.6408
199.4217
201.8495
201.1835
202.0721
201.8495
203.4151
206.1371
207.0552
207.9790
209.3750
211.9676
212.6822
216.3051
211.7301
213.8806
214.3625
214.8459
216.5496
217.0397
220.2631
221.5203
227.1716
222.5333
223.2972
221.5203
222.2794
228.7477
227.9578
226.9105
227.4333
225.8699
229.2763
227.4333
228.4839
233.5678
231.9455
233.0253
232.7547
230.6055
234.9320
237.4158
234.6583
234.6583
240.5019
240.7853
244.5124
242.7821
244.2229
243.9337
246.2603
247.4354
248.6186
247.1409
245.3842
251.9141
249.5112
246.5533
252.2168
254.3502
255.5810
250.4084
251.3103
251.6119
252.8237
254.6571
257.7556
254.9645
259.6408
255.8900
257.7556
258.6956
259.6407
260.5908
262.1854
266.3983
268.3759
259.9568
261.8654
265.0916
271.3826
275.4689
269.7062
268.0448
269.7062
270.0403
265.7437
270.7103
271.0462
274.4389
270.7102
273.0744
273.4146
275.1249
273.4146
274.4389
272.0575
281.4140
279.9983
276.8510
275.4688
276.8510
280.7049
281.7696
286.0890
283.5575
282.4828
284.6384
285.0001
287.1842
290.1351
287.5506
292.7543
300.0445
293.1314
283.5576
289.3932
291.6275
293.1314
293.1314
287.9177
293.1314
296.1741
302.0080
287.5505
296.9422
293.8877
296.1741
300.8276
301.6138
298.0998
299.6541
302.4031
303.9911
302.0081
302.7989
300.8276
304.3900
305.5916
305.1903
306.3966
307.2049
307.2049
298.8754
310.0591
307.2049
310.0592
308.8310
305.1902
312.5378
308.8310
310.8820
321.0207
316.7361
309.6489
310.4701
311.7083
312.5378
340.9692
318.8675
296.9421
319.7261
324.0727
331.6723
321.4539
321.4540
318.8675
320.5882
322.7593
322.7593
318.8674
322.3233
328.5103
321.0207
331.2177
321.4539
329.8596
319.7260
329.8597
330.7640
328.0623
332.5843
333.5002
334.4200
328.9591
333.0418
333.9596
329.4090
331.2177
328.5102
334.4200
336.2712
334.4200
322.3233
334.4199
327.1692
337.2028
339.5492
327.6153
334.4200
344.8010
343.3563
345.7694
335.8069
340.0215
338.6076
341.4445
340.4948
341.9210
337.6701
344.8010
348.2089
347.7189
341.4445
346.7420
349.1922
344.8010
342.8767
346.7420
341.9210
341.9209
343.3563
353.1691
348.7000
345.7694
348.2089
369.2676
349.6855
343.3563
344.8010
354.1743
355.6905
349.6855
349.1922
342.8768
354.6786
348.7000
341.9210
351.6696
350.6754
344.3183
363.4259
357.2169
356.1982
354.1743
358.2401
358.7534
384.2507
353.1691
356.1981
356.1982
357.2169
360.8185
355.6904
354.6786
348.2089
363.9510
360.8185
362.3794
364.4772
374.7076
357.2169
355.6905
362.9021
415.3300
349.1922
370.8866
362.9021
360.8185
365.5333
361.8579
353.1690
367.1264
369.2676
369.2676
364.4772
363.4259
365.5333
362.3793
376.3643
363.9510
366.5941
363.9510
365.5333
365.5333
362.9020
369.2676
368.7305
370.3456
367.1264
367.1263
364.4771
365.0046
365.0046
368.7305
356.1982
366.5941
373.0625
367.6599
374.1580
371.4285
360.3005
366.0632
376.9191
374.7076
375.8108
371.9720
366.5941
373.0625
364.4771
373.6096
379.7125
373.0625
374.1580
375.2586
372.5166
370.8866
374.1580
362.3794
377.4752
366.5941
373.0624
380.2751
385.3987
375.2586
371.4287
371.4287
373.6096
378.0325
374.7076
376.9190
384.8240
375.8108
371.4286
379.7124
369.2676
381.9709
374.1580
376.3642
381.9709
379.7125
374.1580
377.4752
371.4286
376.3643
380.2751
378.5912
388.2927
382.5389
374.7076
382.5388
379.7124
380.8391
381.4043
384.2507
373.0625
383.1081
379.7125
377.4752
383.1081
389.4599
380.2751
379.7125
380.2751
381.9709
383.1081
379.7125
383.1081
388.8755
384.8240
386.5522
381.9709
388.2927
387.7111
382.5388
383.1081
422.5639
390.6328
384.2507
384.8240
387.7111
382.5389
373.0624
377.4752
390.0456
378.0325
422.5639
384.8240
400.8340
385.9747
389.4599
390.0456
400.2222
386.5522
386.5521
394.7825
387.7111
394.7824
388.2927
392.9955
386.5522
388.2926
391.2213
387.7111
399.0031
390.6329
392.4027
391.8113
390.6328
407.0352
392.9955
394.7825
394.1855
389.4599
387.7111
401.4472
383.6787
395.3811
384.8240
383.6787
386.5522
380.8390
386.5522
384.8240
390.6327
394.7826
394.7825
388.8755
398.3957
400.2222
394.1855
400.2222
395.9812
379.1512
391.8113
392.9956
392.4027
398.3958
393.5899
409.5588
392.9955
401.4472
393.5898
381.4043
393.5897
393.5897
398.3958
398.3958
399.0031
393.5899
393.5897
388.2927
384.8240
397.1855
397.1855
391.8113
399.6119
391.8114
392.9955
391.2213
394.7824
404.5363
394.7826
412.7490
392.4028
396.5826
395.9812
394.1855
401.4471
390.6328
393.5898
392.9955
399.6119
397.7899
403.2961
392.4027
400.2222
397.1855
402.0620
387.7111
397.1855
403.2961
399.0031
397.1855
394.1854
401.4472
400.8340
395.3811
399.6119
392.9955
399.6119
397.7898
402.0620
394.1855
407.6637
392.9955
397.1855
395.9812
394.1855
394.1855
398.3957
399.6119
387.7110
402.0620
404.5363
391.8113
397.1855
400.2221
407.0352
385.3986
402.6783
403.2961
402.0620
397.7898
403.2961
399.0030
408.2939
404.5363
397.7899
403.9155
399.0031
410.1937
405.1586
365.0046
407.0352
423.9010
399.0031
402.0620
408.2939
393.5897
403.9155
399.0030
398.3957
401.4472
408.2939
400.8339
410.8301
398.3958
404.5363
408.9256
399.0030
405.7826
395.3812
395.3812
400.8339
397.1855
408.2938
402.0620
399.0031
437.6581
405.1586
399.6119
400.2221
403.9155
403.9154
403.2961
424.5721
396.5825
386.5522
407.0352
400.2221
402.0620
400.2221
400.8340
403.2961
405.1587
410.1936
404.5363
410.1937
406.4081
403.2961
390.6329
401.4472
403.9155
401.4472
407.6637
406.4081
397.7898
399.0030
395.9811
399.0031
405.7826
403.9155
415.3300
410.8301
407.0352
397.1855
403.2961
395.9811
410.1937
398.3958
406.4081
408.9256
396.5826
406.4081
412.7490
409.5588
376.9190
407.0352
399.0030
407.0352
410.8301
402.6783
410.8301
403.2961
401.4472
408.9256
408.2939
402.6783
391.2214
402.0620
412.1078
407.6637
395.9811
402.6783
401.4472
402.6783
411.4681
397.7899
405.1587
405.1587
402.6783
403.9155
398.3958
404.5363
405.7827
409.5588
410.8301
403.2961
405.7827
402.6783
399.0031
393.5897
401.4472
405.7827
412.1078
415.9793
407.6636
408.9256
402.6783
403.2961
406.4081
393.5897
403.9155
400.8339
400.8340
403.9155
399.6118
400.2222
421.2336
405.7827
404.5363
401.4472
407.0352
410.1937
408.9256
398.3958
395.3811
407.0352
395.3811
400.2222
399.6118
402.6783
404.5363
405.1587
394.7826
410.8301
399.6119
393.5899
399.6118
412.1078
397.1855
394.7826
392.4027
397.1855
403.2961
396.5826
408.2939
402.0620
413.3918
405.7827
400.2221
402.6783
407.0352
394.1855
402.0620
405.7827
405.7827
401.4472
401.4471
401.4472
398.3958
420.5709
403.2961
408.9256
403.9155
392.9956
402.0620
402.0620
412.1078
401.4472
403.2961
384.2507
404.5363
393.5897
407.0352
397.1855
395.3812
391.8114
400.2221
401.4472
404.5363
399.6118
402.6783
404.5363
410.1936
402.6783
402.0620
396.5826
412.1078
391.2213
400.2222
400.8340
403.2961
391.8113
394.1855
397.7899
407.6637
402.0620
399.6118
396.5826
399.6119
400.8340
405.1587
413.3918
402.6783
404.5363
398.3958
395.9812
392.4027
387.7110
391.2213
400.2221
394.7826
395.3812
400.8340
399.6118
387.7110
396.5825
397.1855
399.6119
397.7899
399.0031
405.1587
391.8114
387.7111
409.5588
422.5639
387.1310
397.1855
386.5522
445.5370
393.5898
399.0031
395.9812
386.5522
386.5522
388.8757
402.0620
402.0619
392.9956
394.1855
402.6783
403.2961
397.1855
393.5899
399.0031
386.5522
382.5389
393.5898
391.2213
392.9955
396.5825
385.3986
401.4472
396.5826
394.7826
386.5522
398.3957
402.0620
398.3958
392.9955
391.2213
384.2507
394.7826
383.1081
391.2213
396.5826
390.0457
414.0364
391.8113
384.8239
385.9748
386.5522
383.1081
385.3987
385.9747
387.7110
384.2507
388.2927
384.8240
391.2213
384.2507
383.6787
383.6787
384.2507
383.1081
386.5522
383.6787
387.1310
386.5521
386.5522
385.3986
389.4599
391.2213
381.4043
379.7125
389.4599
386.5521
350.6753
378.5912
379.7125
378.5911
379.1511
384.2507
385.9748
385.3987
385.9747
378.5912
373.6096
380.8391
379.7124
384.8240
374.1580
384.8239
383.1081
377.4751
383.1081
381.9709
378.5912
383.1081
379.1512
381.9709
377.4752
380.8390
377.4752
371.4286
381.4043
373.0625
375.8108
383.6787
381.9709
378.5912
373.0625
373.6096
374.7076
380.8391
382.5389
372.5166
381.9709
380.8391
380.8391
365.5333
373.6096
384.8240
368.7305
369.2677
378.0325
369.8060
373.0625
380.2751
365.0046
375.8108
369.8060
368.1945
374.1580
366.0630
372.5165
368.1945
363.4259
364.4771
367.6598
371.4286
374.1580
371.4287
365.5333
365.0046
373.0623
365.0046
360.3005
365.5333
359.2680
360.3004
361.3376
362.3794
365.5333
362.3794
367.1264
395.3810
365.5333
363.9510
373.6096
362.9020
368.1945
362.9020
361.8578
357.7279
367.1264
364.4772
362.3793
366.0631
367.6599
362.3794
364.4772
369.2676
355.1840
351.6695
360.3005
358.2401
348.7000
337.6701
358.7534
351.6696
362.9021
361.3376
347.2299
358.2401
358.7535
362.3794
352.6682
370.3456
353.1690
356.1982
349.6855
347.2300
349.6856
348.2089
353.1691
347.7189
349.6856
344.8010
346.7420
354.1743
348.7000
342.8768
341.4445
348.7000
346.2552
340.4948
344.3184
337.6700
344.3183
338.1384
341.4445
340.4948
338.6076
338.1383
348.7000
335.8069
351.1720
335.8069
339.5492
334.8813
335.8069
338.6076
340.0215
345.2847
333.9596
336.7365
340.4948
335.3437
334.4200
327.6153
327.6153
329.8598
332.5844
328.0623
321.0207
333.0418
328.0623
328.9591
327.1692
318.4394
327.1692
332.1279
325.8366
330.3114
328.9591
323.1962
325.8366
327.6153
322.3233
320.5883
332.1278
321.0207
317.5861
315.4677
331.2177
319.2963
312.1226
319.2963
318.8675
317.1606
318.8674
318.0122
332.1278
308.0163
319.2963
319.7260
321.0207
310.0592
310.4701
312.5378
318.0122
306.8004
306.3966
306.8004
309.2396
309.2396
304.7897
302.4031
306.3966
306.3966
303.1955
309.2396
307.6102
308.0163
305.5916
304.7898
287.5506
297.3273
296.5577
298.4873
300.8276
299.2644
291.2533
298.0998
298.0999
295.4091
297.3273
294.6469
295.4091
292.7544
295.7912
296.1741
287.9177
294.2670
290.8799
285.3624
289.0233
288.6540
289.3932
287.9177
281.4140
273.7554
283.1986
287.1842
287.5506
279.9983
289.7638
285.7253
281.4140
280.3512
277.1982
275.4688
276.1586
272.3958
276.8510
281.4140
275.1249
274.4389
276.8510
270.0403
275.8135
270.3750
277.1982
263.7942
268.0447
269.7062
266.7264
269.3727
261.5459
266.7264
266.3983
262.5061
263.1490
264.1177
263.7942
259.3252
258.3817
260.5908
254.3502
259.9569
248.9156
254.6572
270.0403
251.9141
260.2736
253.4327
250.1088
250.7085
254.3502
250.1088
244.2229
247.4355
258.6957
251.6119
256.8204
247.4355
252.5200
243.9337
245.9678
242.7821
246.2603
241.0691
246.8469
243.0693
241.0691
240.7853
242.2092
240.5019
237.1380
226.6498
236.5838
237.6940
234.1121
230.8726
234.1121
231.4082
229.2763
230.0726
228.7477
225.0939
230.0726
229.2763
227.4333
220.5137
223.0421
221.0162
221.7729
219.7629
219.7629
219.5134
218.0246
219.0156
219.7629
212.6822
215.5738
213.4001
204.3170
212.2055
210.7837
211.4929
210.5481
211.7301
207.2857
208.2108
208.6754
202.5184
208.6754
202.0721
205.2243
200.7411
209.8432
205.4520
201.4052
200.9621
195.5321
197.0326
198.1139
189.4737
196.6024
195.1061
197.2483
191.3271
198.7664
194.0466
189.2692
188.8611
189.2692
190.7067
187.6437
187.6437
184.0522
184.6445
181.7073
183.4624
182.0955
179.7827
181.5137
178.0727
175.8251
177.5074
176.7572
170.8985
177.1318
171.9780
171.6172
170.1835
171.6172
171.0778
169.4724
169.2952
170.5405
172.8842
163.7449
164.0851
152.0564
161.0548
158.7455
159.2369
158.5821
157.9306
159.8950
157.4441
156.7984
154.8803
153.9320
151.5918
151.7465
152.5227
150.6678
150.5144
149.7505
147.6361
144.6768
147.3369
146.1476
144.5307
143.6577
140.5094
137.7170
140.6507
143.6577
139.8052
137.1663
139.1050
135.3940
135.9365
134.8540
130.3621
134.0486
132.5864
128.8174
129.9740
129.9740
127.9259
127.6725
125.9140
124.9214
123.8150
122.5983
122.5983
121.3949
121.5146
119.9678
117.5141
118.2096
115.9085
117.2833
115.1146
114.7762
112.7675
112.1062
111.7772
111.5583
110.7960
108.0120
108.4355
107.9064
107.0654
105.8165
104.5826
102.8597
102.2586
102.3585
100.4762
99.5968
99.2084
97.1939
97.9565
97.0990
93.4673
95.3128
94.1093
93.7419
92.4671
92.1961
91.3877
90.4973
88.5675
87.4454
86.9320
86.4214
86.1671
85.8292
84.4066
77.1472
84.0750
82.0294
81.4648
81.7870
80.7439
79.0057
78.5374
78.1491
77.4543
77.4543
77.8396
74.3565
74.1341
73.3967
72.6656
71.6523
71.9406
70.5088
69.3803
70.5798
69.4504
67.8529
68.1976
66.5557
65.7468
65.0786
64.8792
63.8238
62.0732
61.8810
61.5616
59.7964
60.4853
58.8049
59.0516
58.1914
58.0083
57.4009
56.9786
56.1406
54.9589
54.9589
54.3747
52.9334
52.3644
52.3644
51.4067
51.6309
50.8489
50.7379
49.8005
49.6910
48.7665
48.2817
47.9067
48.0672
49.1458
47.8000
47.1626
48.0672
48.8746
50.0200
50.6824
51.5187
52.8763
53.8527
54.1423
55.8435
56.3194
58.1303
60.3596
65.1452
61.5616
63.3663
64.1522
61.7531
66.6913
67.9217
69.1704
70.2252
70.7220
71.8684
72.3023
74.3565
75.0272
75.6277
78.0716
79.2408
79.3193
81.4648
81.7870
82.4349
83.8271
83.0056
84.9062
86.7615
87.5312
89.7031
90.7636
92.1059
92.5576
91.6564
95.2197
95.7797
95.2197
98.5323
98.3400
100.2801
101.9593
103.1617
105.1977
104.7872
106.4391
108.0120
108.2236
110.1469
111.4491
110.9046
113.6556
114.8889
115.3409
117.3986
118.7925
118.0933
119.2611
121.0364
121.8747
122.9619
124.4283
124.9214
125.7895
127.5460
129.2017
124.4283
131.6653
132.0592
132.7185
136.8919
134.7194
135.3940
136.2087
138.1317
143.9480
141.0757
141.5023
144.3848
143.6577
145.4100
147.0385
147.4864
150.5144
146.8896
151.2831
152.3671
154.4053
153.4605
156.3161
157.7682
159.2369
159.8950
160.5565
159.5656
163.2363
164.2555
163.5752
163.0672
165.4547
168.5887
170.0054
169.2952
169.8275
170.7194
171.9780
171.9780
176.5703
176.5703
177.3195
180.1654
178.2616
181.9013
181.5137
184.6445
183.0705
186.8377
187.2402
187.6437
188.4542
188.8611
190.7067
193.4145
193.6249
190.7067
191.7422
192.9946
198.1139
195.3189
193.8356
201.1835
200.7411
202.9661
201.8495
201.4052
204.5433
206.3661
205.2243
206.1370
208.9083
206.5955
212.2054
212.2054
211.2562
210.7837
212.2054
212.4436
216.3051
213.1605
221.7730
213.8806
215.8172
216.7945
222.7875
219.2643
221.5203
227.1717
226.1295
224.8360
223.8085
225.3522
231.1402
227.9578
229.8067
229.0118
233.0253
230.8726
232.2148
230.0726
232.7546
229.0118
233.0253
238.8116
239.3732
237.9727
237.6940
238.5315
240.2190
244.2228
242.2092
241.3534
245.3842
244.2229
247.4355
246.2603
240.5019
251.6119
250.7085
253.7380
251.3103
248.0260
253.1279
252.8237
250.1088
252.8236
254.9645
252.5200
255.5810
260.2736
255.5810
255.2725
258.6957
257.7556
261.2270
261.8654
260.2736
262.1855
262.5061
264.1177
266.7264
264.4417
266.7264
268.0448
268.7076
268.0448
269.3727
271.3827
271.7198
271.3827
269.3727
271.0462
275.8135
272.3959
274.0969
277.5459
276.5045
274.7816
272.3959
275.1249
276.8510
277.8943
281.7696
282.8404
282.1258
278.5930
286.8184
282.1259
278.5930
286.8184
285.0000
289.0233
287.9177
283.5576
280.7049
289.3932
287.1842
290.5072
287.9177
291.6276
292.3781
294.2670
293.5092
296.1741
296.1741
297.3273
294.6469
295.4091
290.5072
295.7912
298.4873
300.8276
298.8755
295.7912
303.9911
302.7990
303.5929
303.9911
302.7990
301.6138
293.5092
296.1741
312.5378
296.9422
301.6138
306.8004
306.3966
307.6102
311.7083
310.4702
307.6102
308.4232
320.1567
312.1226
318.8675
309.6489
308.0163
318.4395
317.1606
312.9538
319.2963
319.7261
319.7261
310.8820
316.7361
316.3124
317.5861
312.9538
315.0465
322.3233
321.8882
318.4394
326.2799
311.7083
336.2712
321.8882
310.4701
327.1693
324.5123
322.7592
324.9529
331.2178
325.8366
336.2712
333.0418
333.9596
330.3114
330.7641
326.2799
330.3115
337.2028
335.8069
334.4200
331.2177
332.5844
336.7365
332.1278
333.5002
327.6153
336.7365
336.7365
340.0215
339.5492
339.0779
333.9596
340.9692
329.8598
342.3984
330.3115
340.9692
342.8768
337.2028
345.7693
343.8369
339.5492
340.0215
341.4445
351.1718
340.9692
343.8369
345.7694
343.3563
348.7000
341.9210
346.2551
349.6855
346.2551
348.7000
349.1922
347.2299
348.7001
349.1922
351.6695
350.6754
350.6753
349.6855
356.7069
360.3005
357.2169
351.6696
352.6682
353.1689
349.1922
354.1743
347.2299
350.6754
362.9021
366.0631
351.6695
357.7279
373.6095
358.2401
356.1981
360.8185
363.4259
354.1743
355.1839
362.9021
361.8579
362.3794
357.2169
361.8579
353.6711
361.3376
359.2680
362.9021
359.2679
361.3376
363.9509
366.5941
369.8060
370.8866
364.4772
359.7837
384.8240
363.9509
360.3005
363.4259
368.7305
360.3005
360.8184
362.9021
364.4772
365.5333
366.5941
360.8185
366.0631
370.3456
361.8578
370.8866
367.6599
364.4771
369.8060
360.8184
369.2676
367.6599
366.5941
365.5333
394.7824
372.5165
362.3793
376.3643
370.3456
369.8060
371.9720
373.6094
367.6598
371.9720
373.6096
365.0046
373.0624
362.3794
371.4285
366.5941
375.2586
365.0046
376.9190
369.2677
376.3643
376.3642
375.2586
374.1580
380.8390
375.2586
371.4285
376.3643
373.0625
375.2586
379.1512
379.1512
381.9709
384.8240
384.8239
388.8756
381.9709
380.8391
375.8108
382.5389
381.9709
376.3643
380.2751
375.8108
386.5522
376.9191
350.1800
382.5389
373.6095
373.6095
382.5388
383.6787
384.8240
381.4043
385.9748
373.0624
380.2751
383.6787
377.4752
367.1265
378.5911
378.0325
381.4043
387.1310
380.8391
383.1081
380.8390
401.4472
374.7076
376.9191
379.1511
381.9709
384.2507
381.9709
392.4027
387.1310
386.5522
382.5389
391.2213
388.8756
381.9709
385.9748
385.3987
388.2927
385.9748
384.2507
384.2507
394.7824
383.6787
387.1310
385.9748
408.9256
388.8756
397.1855
385.3986
390.6328
388.2927
397.7898
395.3812
390.0457
388.2927
380.2751
382.5389
391.8113
382.5388
391.8114
392.9955
399.6119
394.1855
390.6327
389.4598
391.2213
395.3811
396.5826
393.5897
394.7824
390.0457
392.9955
394.1855
380.2751
390.0457
391.8113
384.2507
393.5899
392.9955
388.8756
394.1855
382.5389
388.8756
391.8113
383.1081
396.5826
397.1855
392.9956
394.7826
394.1855
392.4027
386.5522
394.7826
393.5897
388.8756
389.4599
376.9191
392.4027
389.4599
405.1587
399.6119
395.9812
400.8340
388.8756
400.2222
385.9748
385.9748
394.7826
395.3812
397.1855
388.2926
395.9812
408.2939
391.2214
399.6118
394.1855
394.7824
392.4027
405.7827
414.0363
399.6119
395.9812
390.0457
394.7826
400.8340
405.1587
398.3958
394.7826
392.4027
397.7899
415.3299
392.4027
388.2927
390.0456
371.4287
407.6637
402.0620
399.6119
399.6118
399.6119
405.1587
394.7826
399.0031
390.6328
395.3811
405.1587
402.0620
402.0620
374.7076
413.3918
401.4472
414.0363
399.0031
402.6783
401.4472
397.7899
414.6823
399.6118
402.0620
402.6783
416.6303
402.0620
399.6119
403.2961
400.2222
399.6119
402.6783
400.8340
403.2961
402.6783
422.5639
401.4472
399.6118
401.4472
405.1587
392.9955
407.0352
390.0456
400.8339
398.3958
418.5931
402.0620
392.4027
400.8340
407.0352
397.1855
396.5825
403.9155
408.2938
397.7899
399.6119
399.0030
402.6783
402.0620
394.7825
401.4472
403.2961
393.5899
395.9811
404.5363
403.9155
404.5363
400.8339
406.4081
407.0352
397.1855
406.4081
407.0351
412.1078
405.1586
402.6783
403.2961
405.1587
402.0620
406.4081
404.5363
400.2221
403.2961
402.0620
403.9155
397.1855
421.2336
435.5487
403.9155
403.9155
399.6119
400.8340
400.8339
405.7827
406.4081
405.7827
399.6118
408.9255
403.9155
408.2939
402.6783
397.7898
407.6637
403.2961
409.5587
380.8390
408.2939
401.4472
412.7490
405.1587
412.1078
402.0620
400.8340
404.5363
391.8113
402.6783
410.1937
403.2961
407.0352
406.4081
405.1587
405.1587
405.7827
405.7827
405.1587
403.2961
410.1937
402.6783
407.0352
412.1078
404.5363
406.4081
400.8340
423.9010
397.1855
412.1078
408.2939
398.3958
405.7827
402.0620
400.2222
403.2961
404.5363
403.9155
412.7490
407.0351
388.8756
400.2221
399.0030
398.3957
405.1587
402.6783
405.7827
401.4472
409.5588
397.1855
403.9154
406.4081
398.3958
399.6119
408.9256
408.2939
401.4472
400.2221
405.7827
400.2221
407.0352
399.6118
401.4472
404.5363
395.3812
401.4472
414.0363
413.3918
405.7827
402.0620
392.9955
405.7827
403.9155
404.5363
405.7827
408.2938
401.4472
405.7826
400.8340
400.2222
403.9154
390.6328
411.4681
412.1078
405.7827
400.2222
390.6328
400.8339
405.7827
408.2939
412.7490
403.9155
403.9155
408.2939
400.8340
400.2222
399.0030
422.5639
402.0620
407.6637
400.8340
397.1855
398.3958
402.6783
400.2222
401.4472
403.2961
400.2221
398.3958
410.8301
397.1855
397.1855
394.1855
397.1855
400.8340
401.4472
371.4286
391.8113
405.1587
396.5826
388.2927
402.6783
395.9812
408.9256
401.4472
401.4471
402.6783
402.0620
396.5826
397.1855
399.0031
399.6118
399.6119
401.4472
397.7898
402.0620
402.6783
406.4081
390.0457
397.7899
395.3812
402.6783
393.5897
403.2961
397.1855
398.3958
386.5521
400.2222
397.7899
400.2221
404.5363
403.9155
396.5826
386.5522
400.8340
403.2961
410.1936
391.8113
400.2221
392.4028
397.1855
394.7826
400.2222
391.8113
404.5363
388.8755
397.7899
400.8340
394.1855
389.4599
393.5898
391.8113
397.1855
398.3958
394.1855
394.7824
389.4599
391.2213
396.5825
403.9155
384.8239
397.7899
386.5522
407.6637
390.0457
402.6783
391.8113
392.4028
399.6119
396.5826
401.4472
396.5826
394.7826
391.2213
399.6119
401.4472
395.3810
394.1855
391.2213
383.6787
383.1081
398.3958
379.1512
390.6328
393.5899
385.3987
386.5522
385.3987
389.4598
392.4027
389.4599
387.1310
395.3810
392.9956
394.1854
383.6787
390.6327
384.8240
382.5389
399.6119
385.3986
383.1081
394.1855
377.4752
394.7826
380.8391
390.6327
383.1081
393.5897
376.3643
380.8391
383.6787
390.6328
374.1580
374.7076
383.1081
396.5826
387.1310
381.4043
388.2927
392.4027
387.7110
389.4599
381.4043
372.5165
375.2586
387.7111
412.7490
397.7898
388.2927
366.0631
382.5388
384.2507
375.2586
384.8240
384.2507
384.8240
378.5912
382.5389
389.4599
372.5165
387.1310
374.7076
381.4043
390.0457
380.8390
368.1945
378.5911
368.7305
385.9748
390.6328
394.7826
374.7076
385.3987
380.8391
385.3987
383.6787
373.0625
374.7076
369.2676
375.8108
370.8864
381.4043
383.6787
375.2586
362.3793
375.8108
375.2586
372.5166
380.2751
367.6599
366.5941
378.0325
367.6599
368.7304
377.4752
370.3456
363.9509
367.1264
363.9509
369.8060
369.8061
363.4259
369.8060
372.5166
363.9510
364.4771
366.0631
356.1982
360.8185
363.4259
366.0631
369.2676
357.2169
361.3375
367.1264
363.4259
352.1683
368.1945
363.9510
360.8185
352.1683
344.8010
373.6096
368.7305
356.1981
364.4772
374.1579
363.4259
367.6599
354.1742
370.3456
373.0625
355.1840
361.8579
364.4772
366.5941
366.5941
353.6711
356.7069
350.6753
349.1922
351.6696
356.7069
364.4771
351.6695
349.1922
351.1718
364.4772
354.1743
353.6711
352.1683
350.1798
353.6711
347.7189
349.6855
348.7000
347.2299
341.4445
350.1798
347.7188
345.2846
342.8768
346.7420
340.9692
341.4445
342.3984
355.1840
343.3563
328.9591
341.4445
346.2552
333.5002
333.0418
340.4948
335.8069
341.9210
338.6076
342.8768
341.9210
336.7365
342.3984
333.0418
328.5103
331.6724
345.7694
329.8597
333.0418
330.3114
333.9596
339.5492
328.0623
335.3437
329.4089
339.0779
332.1278
317.5860
330.7640
326.7242
340.9692
328.0623
327.6153
322.3232
320.1567
324.0727
317.5860
327.6153
321.0206
325.3942
325.3943
312.1226
326.2799
324.0727
325.8366
310.4701
319.7261
319.7261
321.4540
302.4031
311.2947
308.4232
312.9538
316.7361
318.8675
305.9937
308.4232
307.2049
312.5378
318.0122
307.6102
309.6490
308.4232
309.2396
306.3966
308.0163
304.7897
306.8004
309.6490
305.5916
305.9937
303.9910
305.5916
307.2049
304.7898
305.9937
301.2203
305.1903
301.6138
282.8404
303.1955
298.0998
297.3273
294.2669
292.0024
292.3781
296.1741
291.6275
298.8755
293.8877
292.0024
294.6469
290.8799
290.1351
291.2533
290.1351
292.0024
284.2774
286.8184
285.3623
282.8404
292.3781
288.2855
286.0890
283.1987
283.5575
286.8184
285.3623
282.1259
276.8510
276.8510
280.3513
279.9983
279.6460
277.1981
279.9983
276.8510
271.3827
271.0462
271.7198
271.3827
271.3827
272.3959
269.7061
268.7075
266.3983
267.7143
267.7142
264.7664
265.0916
263.4713
263.7942
261.2269
263.1490
263.4713
266.0707
259.0101
259.9568
259.3252
258.6957
257.4433
263.1490
255.2725
257.1316
253.4327
252.8236
251.0091
255.8900
255.8900
253.4327
248.0260
246.8468
251.0091
249.8098
248.3220
244.8026
244.5124
242.4954
244.5125
249.2132
246.2603
241.9235
241.9235
242.2092
243.9337
241.3534
237.6940
236.5837
234.3850
238.8116
237.4157
231.4082
232.4845
232.4845
227.6954
231.6766
230.8726
231.9455
233.5678
229.2763
229.0118
233.8398
224.5785
220.5137
225.0939
222.5332
222.2794
219.7629
222.0260
223.0421
214.6040
218.2717
217.7778
217.2853
219.2643
214.1214
215.8172
211.2562
208.2107
212.2054
206.3660
208.6754
206.8251
207.7475
207.0552
207.9789
207.2857
208.9082
205.2243
202.7421
201.6272
201.1835
199.6408
199.6408
198.5485
198.1139
198.5485
200.7411
197.4642
193.8356
193.8356
193.6249
190.7067
190.9132
190.7067
188.4542
187.6437
185.0408
183.2662
184.0522
183.2662
184.2494
183.2662
182.6797
181.1272
181.3203
181.9013
178.6404
171.9780
176.7572
177.8840
172.5210
171.7975
171.7975
171.7975
170.7194
171.9780
170.0054
168.4126
167.3611
166.4912
163.9149
163.5752
162.0571
161.3880
163.0672
162.3930
158.9091
158.9091
158.2560
157.4441
155.5165
154.5634
155.5165
152.9907
150.9751
153.7746
149.9029
152.5227
150.0555
148.0861
147.4864
146.7408
146.7408
144.2390
144.2390
142.3599
141.5023
140.6507
142.7909
140.2272
140.3682
139.9457
141.0757
135.6649
134.8540
134.8540
134.1825
131.6653
128.6897
134.0486
127.9259
128.6897
127.2934
129.0734
129.3300
126.6643
124.5513
124.3054
122.3566
122.2359
120.4414
120.4414
118.3259
118.0933
117.8613
115.4541
114.4387
114.8889
112.5466
111.6677
113.2106
111.4491
109.3948
109.7165
109.3947
109.6091
106.6474
104.8897
104.9923
104.6849
102.1587
102.3585
101.6609
101.3634
99.0148
97.1939
97.5745
97.2889
95.4060
93.1024
93.0114
92.5576
92.2863
90.9415
90.5860
89.8790
89.8790
89.3522
88.0479
87.6171
86.0825
84.8228
83.9097
84.1578
83.0056
82.0294
80.4254
81.6257
80.9836
80.1080
79.6339
77.2239
77.6853
76.3842
76.0808
76.4602
74.4308
75.2519
72.9573
72.8113
71.6523
71.7243
71.2217
69.4504
68.7521
68.3359
68.0595
67.9217
66.6235
66.8951
65.1452
64.2180
63.5621
63.2361
62.0091
62.0091
59.9837
59.7964
58.4975
58.8665
58.0083
56.6783
57.0388
56.5585
55.9028
55.4294
53.2195
53.4492
53.2195
53.2769
52.3077
51.4067
50.5163
50.9045
50.5716
49.8553
49.6363
49.3633
47.7467
47.3214
47.5337
47.9067
46.1646
46.4259
45.4378
46.2168
45.3346
