23.2455
23.7296
24.9376
25.9366
27.4257
28.1435
29.6035
30.2217
31.3917
33.0134
33.4904
34.8532
36.5621
36.6988
38.2682
38.5957
40.8845
40.6909
42.8005
42.9501
43.7025
45.4378
46.4783
47.3214
48.0672
49.8005
50.5716
52.3077
52.3077
54.4329
55.0763
55.6066
57.2800
57.4615
58.9898
60.8003
61.3071
62.0091
63.6929
64.4158
65.2118
67.3726
68.8217
72.6656
70.7220
71.8684
71.9406
73.1035
73.8384
75.0272
75.6277
77.1472
78.5375
79.2408
80.1080
81.3844
82.0294
82.7606
83.8271
84.8227
85.8292
87.1028
87.8754
89.0899
91.0305
92.0159
91.2089
92.9205
95.0338
94.6629
95.4993
97.0990
97.0990
100.5744
99.2084
99.3053
100.2801
100.1822
103.9712
104.1746
105.0949
106.0236
107.3800
108.0120
110.4710
109.9315
111.5583
111.7772
110.9046
112.2162
113.8787
114.7762
115.7948
115.6811
116.1365
117.0530
117.0530
118.4424
120.5602
119.6139
120.0860
122.5983
121.6345
121.8747
123.4486
124.3053
125.5408
126.4137
126.4137
126.1636
127.7991
127.1673
129.8449
131.1422
132.4543
131.7964
131.2728
133.1160
133.3817
135.8007
135.5294
136.2087
135.3940
138.4090
135.8007
139.2448
137.7170
139.5246
142.0733
138.2703
141.9303
141.2177
142.7909
143.6577
143.9480
145.4100
143.3681
143.5128
146.5922
146.2956
147.7859
150.6678
149.4462
149.2944
150.3613
152.2117
152.0564
152.0564
152.5227
153.1471
153.3037
154.5634
156.9595
157.9306
156.6374
155.1980
156.7984
157.2824
158.9091
159.0729
158.9091
159.0729
161.2213
165.6269
162.5612
164.0851
162.5612
163.2363
162.3930
163.7449
162.5612
164.0851
163.7449
163.7449
164.5970
168.0612
165.7993
168.4126
166.6647
167.7107
161.7222
166.3178
167.0125
167.3611
168.0612
168.4126
169.8275
168.4126
167.1867
171.9780
170.1835
170.3619
171.6172
171.4372
169.4724
172.1588
171.9780
170.7194
171.6172
169.8275
172.3398
172.8842
172.5210
172.5210
172.1588
171.9780
178.0727
172.7025
171.9780
172.1588
163.4057
178.0727
181.5137
178.2617
178.8301
180.5494
178.4509
178.8301
179.5916
180.3573
181.5137
180.5493
181.1271
180.7417
179.2103
181.1272
181.9013
179.9739
183.4624
183.0705
181.9013
181.9013
181.7073
186.4365
181.9013
181.5137
185.0408
181.3203
182.8749
182.2899
181.7073
184.2494
183.0705
185.4382
184.4468
185.2394
185.0408
185.0408
183.2663
184.8425
185.6373
186.8378
184.4468
187.2401
185.2394
185.8367
187.6437
186.2363
186.8377
185.6373
187.0388
187.6437
186.4365
188.2511
188.6575
187.4418
188.4542
188.8611
187.8459
188.8611
188.8611
188.2511
189.4737
187.0388
188.8611
191.9502
187.8459
189.4737
187.8459
189.8835
191.9502
189.0650
187.0388
189.2692
190.5005
190.7067
189.0650
188.4542
192.7852
188.0484
190.5005
190.0889
192.1585
191.5345
188.6575
190.7067
190.7067
189.0650
193.6249
192.7852
190.0889
192.5760
190.7067
190.7067
189.0650
191.1200
190.5005
191.1200
191.5345
190.5005
190.9132
190.2945
190.2945
189.4737
194.0466
192.5760
192.9947
189.6785
190.7067
194.6814
192.3671
194.0466
194.0466
193.4145
194.0466
193.2045
193.4145
194.0466
195.9593
192.9946
193.6249
195.1061
194.2579
193.8356
194.0466
193.6249
196.3877
194.0466
193.4145
193.2044
198.5485
196.3877
195.7456
195.5321
192.9947
196.1734
196.6024
194.6814
193.8356
194.6814
194.2579
193.6249
194.6814
199.2029
194.0466
194.4695
198.3310
196.1734
195.7455
197.0327
196.8174
193.8356
197.8970
196.6024
202.5185
197.0327
196.1734
196.8174
194.0466
198.5485
197.8970
197.0326
196.6024
197.4642
193.8356
197.4642
197.6805
197.6805
194.0466
197.2483
194.4695
199.4217
197.8970
194.8936
197.6805
197.4642
199.6408
194.6814
196.3877
197.6805
197.2483
195.1062
192.9947
196.3877
196.8174
197.6805
215.8172
197.6804
196.6024
198.1139
199.4217
196.3877
197.4642
200.5204
198.9845
202.7421
198.1138
197.2483
196.8174
197.8970
199.8602
198.1139
198.1139
197.0327
198.9845
201.8495
200.5204
201.4052
199.8602
201.1835
198.1139
194.6814
198.3310
195.7455
198.7664
198.7664
194.4695
200.7411
200.3000
194.4695
200.3000
201.1835
198.3310
200.0799
197.4642
195.7455
194.4695
197.4642
195.7455
190.5005
196.3877
196.8174
194.2579
195.9592
198.7664
196.6024
196.3877
195.7455
195.3189
194.8936
196.3877
197.2483
197.8970
197.8970
196.3877
194.6814
198.7664
197.8970
196.8174
196.1734
193.2044
196.8174
195.5321
193.8356
194.0466
198.7664
194.6814
197.4642
194.4695
194.0466
196.8174
195.1061
194.2579
193.6249
193.6249
194.4695
193.8356
196.8174
194.0466
192.7852
196.8174
192.7852
187.8459
194.8936
193.8356
193.4145
195.3189
191.9502
192.5760
192.1585
193.4145
195.1061
192.9947
191.5345
191.3271
194.6814
192.9947
191.9502
192.5760
193.2045
195.1061
194.4695
191.7422
192.3671
195.1061
193.8356
191.7422
190.9132
189.2692
191.7422
192.3671
191.5345
190.5005
190.9132
192.1585
192.9947
191.1200
189.6785
189.6785
188.6575
188.2511
189.4737
191.5345
188.8611
189.8835
187.8459
191.1200
189.6785
189.8835
188.6575
189.6785
189.6785
188.6575
186.8378
189.8835
191.1200
189.2692
190.0889
186.8378
185.6373
188.6575
187.8459
188.6575
188.0484
188.2511
187.2402
189.8835
187.0388
187.4418
187.4418
187.0388
186.0363
184.8425
186.2363
185.6373
184.4468
187.6437
186.8377
187.0388
185.6373
183.4624
184.8425
181.7073
184.2494
184.2494
184.0522
182.6797
182.4846
184.6445
181.9013
181.5137
181.9013
181.3203
183.6587
180.9343
180.1655
179.4008
180.9343
182.0955
180.5494
181.3203
181.7073
180.1654
178.2616
180.7417
178.0727
177.6956
179.2103
179.0201
187.2401
179.0201
177.8840
172.3398
177.3194
177.6956
181.1271
176.5703
172.3398
178.2617
171.9780
178.4509
172.1588
172.1588
172.7025
171.9780
172.1588
172.3398
171.7975
172.3398
171.0778
170.7194
169.6498
168.9414
170.3619
167.7107
170.0054
166.1448
168.4126
168.5887
167.0125
167.5358
166.4912
165.7993
167.1867
164.0851
162.8983
164.2555
165.2827
161.2213
164.4262
162.2249
160.3908
161.0548
161.8895
159.2369
160.8885
159.4011
159.8950
158.7455
158.0932
159.0729
157.4441
156.7984
155.5165
154.5634
154.5634
152.8345
153.4605
153.9320
152.8345
152.0564
150.9751
151.1290
150.0555
148.6888
148.9912
147.9359
148.6888
147.0385
146.7408
147.6361
146.2956
146.5922
145.8520
144.0934
143.5128
140.0863
141.6448
139.8051
140.9339
140.6507
137.8551
137.9933
137.1663
137.7170
138.2703
136.4815
134.9888
133.9150
133.2488
134.7194
131.5343
131.4035
131.1423
129.0734
130.2326
129.9740
126.9155
126.0387
122.7194
122.9619
122.5983
123.3267
121.5146
119.6139
121.9950
118.9095
118.6757
118.9095
116.8231
117.8613
116.7084
115.3409
113.0996
113.3217
115.1146
112.4363
111.6677
112.2161
110.0392
109.7165
108.5417
111.2310
107.4850
107.1701
106.8562
105.0949
103.5656
103.7682
101.2645
99.0148
98.8215
98.2440
97.1939
97.4792
96.3429
94.7555
93.5588
92.2863
92.4671
91.9258
90.8525
90.0553
89.5275
87.8754
86.0825
87.3596
85.9980
84.0750
83.2513
81.7063
81.8677
79.7917
79.1624
80.2665
78.2266
76.5363
76.2324
74.4308
73.4702
72.9573
72.2299
71.2217
69.8722
69.1005
69.1704
68.4051
66.9632
67.0995
66.1503
65.1452
64.4158
61.9450
62.0091
60.7372
59.9837
58.7433
57.2800
57.7648
56.6183
56.0216
56.2598
53.7949
53.2195
51.7996
51.6309
50.8489
48.8746
49.2545
47.9067
48.4967
45.5929
44.9744
44.7694
43.8035
43.0500
41.8606
40.6426
41.0786
39.8262
38.7836
38.7366
37.7102
37.4329
36.1987
35.7022
35.1647
34.2783
33.4034
32.7547
31.7298
31.4338
31.1392
30.2217
29.9325
28.7883
28.2237
27.3069
27.3465
25.8979
25.8979
24.7473
24.4062
24.2929
23.6176
22.8388
22.5081
22.3617
21.7071
21.2027
19.8547
20.0304
19.1919
19.1572
18.0579
17.1796
17.8880
16.6455
17.0791
16.6455
16.7120
16.4465
18.0920
18.6394
19.8898
21.0594
21.6709
22.7284
23.6175
24.7853
25.8592
26.4812
27.3465
28.3845
29.5215
30.1390
31.6874
32.7117
33.9270
34.4547
35.5226
36.6532
38.3149
38.9720
39.6831
40.3533
41.4686
42.3043
43.7025
44.2594
46.0603
46.8460
47.9602
48.8746
49.5816
51.0715
50.9602
53.3917
53.5067
55.4884
56.2001
57.2800
58.1303
58.3137
59.1752
62.0091
61.8810
62.9762
63.8238
65.5458
67.5096
67.6467
68.5437
70.5798
70.0132
72.0128
72.6656
74.7285
73.6173
76.8412
76.5363
77.9942
78.8494
80.6642
80.2665
81.3844
82.7606
84.2407
85.5766
87.0174
87.3596
88.0479
88.9155
90.1435
90.2318
92.6482
91.2089
94.5704
95.2197
95.4060
96.9094
98.6286
99.4995
99.2084
100.3781
101.9593
103.8697
104.1746
104.7872
106.0236
109.2877
107.4850
108.3295
108.1177
111.0133
109.8239
110.7960
111.8867
112.8781
115.2277
114.2144
115.2277
117.2833
117.8613
117.1681
120.4414
118.4424
118.9095
120.3228
122.2359
121.2752
121.8747
124.6746
123.3267
126.9155
126.7899
127.4196
127.4196
129.0734
129.3300
129.0734
128.8174
130.1032
131.4035
132.4543
133.5148
134.0486
132.9834
137.4413
135.9365
136.2087
136.6182
139.8052
139.6648
140.9339
142.5034
141.3599
141.3599
142.0733
140.9339
145.2630
143.5128
144.6768
146.5922
145.2630
147.1876
149.1427
148.8399
149.7505
151.2831
150.6678
150.0555
149.7505
150.8213
152.3671
152.0564
152.5227
158.0932
154.2473
155.3571
157.2824
155.6760
159.0729
158.7455
158.0932
155.8357
158.7455
156.1558
160.2253
160.2253
157.6061
163.0672
160.8885
162.7297
162.7297
161.7221
164.5970
163.2363
164.0851
165.9719
168.4126
164.2555
164.7681
168.0612
166.8385
166.3178
165.1109
165.9719
166.8385
168.0612
167.8858
168.0612
169.8275
168.4126
170.3619
170.0054
169.4724
170.8985
173.0662
171.4371
171.9780
171.6172
171.9780
173.4308
171.4371
172.7025
172.3398
172.3398
171.6172
172.8842
171.9780
172.7025
168.7649
171.9780
170.3619
172.1588
170.8985
177.1318
179.4008
177.8840
178.8301
178.2617
178.0727
177.6956
177.8840
178.6404
179.7826
180.9343
180.3572
181.9013
181.7073
180.3573
182.2899
182.2899
181.9013
180.3573
179.4008
181.3203
182.2899
180.9343
182.2899
181.3203
183.8553
183.8553
180.7417
183.4624
183.2663
184.6445
184.2494
180.7417
183.6587
185.0408
182.4846
182.8749
184.8425
184.4468
184.8425
184.0522
184.8425
185.0408
186.8377
186.4365
186.8377
184.0522
186.8377
188.0484
184.2494
187.6437
185.2394
185.6373
186.0363
187.2401
188.2511
188.6575
188.0484
191.3271
188.6575
189.4737
186.4365
188.2511
189.0650
187.6437
188.4542
190.2945
188.6575
193.4145
190.9132
189.4737
190.7067
191.5345
191.9502
190.5005
189.4737
190.5005
191.1200
191.1200
189.4737
188.8611
188.2511
189.8835
189.0650
190.7067
190.7067
192.9947
189.2692
191.7422
193.2045
190.5005
192.9946
188.6575
191.9502
192.9947
191.7422
194.0466
190.5005
191.7422
192.5760
192.1585
189.8835
191.1200
190.9132
192.9947
192.3671
191.5345
191.7422
193.2045
194.4695
195.9593
192.9947
197.2483
194.4695
192.9947
195.3189
192.7852
192.5760
194.2579
188.8611
194.2579
195.7456
192.3671
193.4145
196.8174
194.0466
193.2044
192.9946
194.2579
195.7455
195.1061
194.0466
197.6805
196.1734
194.8936
192.7852
192.7852
194.2579
194.6814
193.4145
194.6814
200.9621
193.4145
196.6024
198.7664
196.3877
196.1734
197.0326
194.8936
196.6024
199.2029
195.7456
196.8174
195.1061
196.3877
198.5485
197.2483
193.6249
195.1061
194.2579
196.1734
197.0327
194.8936
194.2579
195.1061
197.4642
197.6804
195.1061
195.9592
198.5485
197.0327
198.5485
197.4642
195.7456
195.7455
196.3877
197.0326
198.1139
197.8970
202.2952
196.1733
208.9083
201.6272
198.9845
199.8602
194.8936
200.7411
197.6804
199.4217
197.6805
193.6249
198.3310
197.4642
197.8970
197.6805
199.4217
199.4217
196.6024
198.7664
198.5485
199.6408
198.9845
199.2029
195.1061
195.3189
198.9845
200.7411
197.6805
193.6249
194.2579
196.8174
196.6024
197.2483
198.9845
199.8602
198.9845
198.7664
198.9845
198.1139
197.8970
195.9593
196.6024
199.8602
197.2483
195.1061
196.3877
197.0327
197.8970
196.8174
193.6249
194.4695
197.6805
197.6805
198.5485
196.1733
196.6024
195.7456
195.5321
196.6024
194.0466
197.4642
194.2579
200.5204
195.5321
196.3877
195.7455
195.9593
197.6805
195.9593
195.9592
195.9593
194.8936
195.3189
196.6024
194.8936
195.3189
197.0327
193.6249
196.6024
194.2579
194.6814
198.1139
191.5345
194.0466
194.0466
194.4695
194.4695
194.4695
193.6249
193.6249
193.6249
195.7456
194.0466
194.0466
191.1200
194.0466
194.4695
193.6249
194.4695
194.4695
192.7852
194.2579
193.2045
193.6249
192.5760
192.7852
191.7422
190.7067
189.6785
191.5345
195.9592
192.9947
191.3271
192.3671
191.3271
191.3271
189.6785
191.5345
188.8611
188.8611
189.8835
190.0889
188.4542
189.6785
191.9502
188.4541
188.2511
190.7067
187.6437
191.9502
190.9132
190.5005
191.3271
190.5005
192.5760
190.0889
188.8611
189.0650
189.6785
189.4737
187.4418
187.8459
189.4737
190.0889
188.6575
190.2945
188.6575
187.6437
187.4418
190.7067
188.6575
187.8459
188.0484
185.4382
188.4542
187.4418
184.8425
186.2363
183.6587
186.8377
182.8749
180.9343
186.6370
183.2663
184.2494
186.6370
182.4846
183.6587
182.2899
184.8425
182.6797
181.1271
182.0955
183.0705
182.8749
185.6373
182.4846
181.5137
181.7073
180.1655
181.3203
182.6797
181.9013
181.5137
180.9343
179.4008
179.9739
180.9343
179.4008
179.9739
184.2494
181.9013
180.1654
176.5703
177.1318
177.1318
177.1318
172.3398
172.1588
172.1588
177.8840
172.1588
172.3398
172.7025
177.6956
171.9780
169.6498
172.7025
172.3398
172.7025
172.8842
171.0778
173.9797
172.1588
172.7025
171.2574
171.6172
169.1182
168.9414
169.4724
168.9414
167.7107
167.0125
166.3179
164.2555
163.9149
170.5405
164.2555
166.1448
163.2363
163.7449
163.7449
161.5550
162.5612
163.9149
161.7222
161.3880
162.0571
159.4011
161.7222
159.8950
158.5821
158.7455
158.5821
155.8357
156.6374
158.4189
154.5634
154.2473
154.0896
153.3037
152.5227
152.3671
153.6175
151.7465
151.4374
152.6785
151.4374
149.2944
147.6361
148.9912
148.5379
148.2365
147.4864
144.3848
145.4100
144.3848
145.5571
144.6768
142.9350
142.9350
141.6448
140.7922
140.3682
137.5791
140.3682
139.2448
139.1050
136.7550
137.5791
136.4815
132.9834
135.2588
133.5148
131.4035
128.9454
131.6653
131.2728
130.1032
127.7991
128.9454
128.3071
129.2017
127.5460
127.2934
124.4283
122.5983
121.0364
122.3566
119.6139
120.2043
117.3987
117.2833
116.9380
118.4424
116.0224
114.7761
115.1146
113.5441
114.7762
112.4363
110.4710
109.8239
107.6955
109.2877
108.7543
108.2236
106.2311
105.1977
104.5826
102.7593
104.9923
102.2586
99.6941
100.4762
98.8215
98.4361
100.3781
96.0609
96.0609
94.9409
95.0338
92.9205
92.7389
91.5667
90.4973
88.9155
90.4973
87.0174
87.1883
85.5766
89.3522
82.1104
80.4254
83.2513
81.3844
81.3844
80.5049
78.1491
76.6124
78.0716
76.4602
74.8031
74.0601
72.7384
72.0128
72.1575
70.0838
69.5908
68.5437
67.2359
67.6467
66.4204
65.8811
65.4120
64.0207
61.8170
61.3071
61.0533
59.7341
58.5589
57.6433
57.5220
56.2002
55.1938
53.5067
53.3342
52.8192
52.3077
51.5187
50.3505
49.6363
48.4967
47.9602
47.0569
47.5337
45.5412
45.2830
44.1071
43.4508
43.8035
42.5520
41.4686
40.9330
40.2092
38.8778
37.7102
37.2946
36.8816
36.0630
35.3434
34.0585
33.8394
33.3166
31.4338
31.3917
30.8877
30.7623
29.2762
29.5625
28.7478
27.8634
27.8235
26.6768
26.5985
25.7819
25.1285
24.4818
23.5802
23.0603
22.5448
22.4348
21.9608
21.3464
20.6315
20.3832
19.9249
19.4004
19.1225
18.2967
17.7863
17.8541
17.3811
16.3142
16.4465
16.1822
15.8535
16.9119
17.1461
17.9219
18.6738
19.6446
20.9522
21.3824
22.3982
23.3569
24.2552
25.0139
25.8205
27.5448
27.4257
29.4806
29.8501
31.3074
31.9420
33.5775
34.2783
35.3882
36.9274
37.2026
37.8957
39.0192
39.8262
40.7392
42.9501
42.1561
43.4508
44.6671
46.1646
47.0569
48.7665
48.8205
49.8553
51.4627
52.0250
52.9334
54.6663
55.1350
56.0811
57.5827
57.8864
57.9473
59.2371
60.8635
62.0091
62.0091
64.8129
65.1452
66.8272
67.9906
68.9610
69.3103
70.6509
70.9358
73.3967
73.8384
73.9122
75.2519
76.7649
77.5312
79.7128
78.9275
80.6642
82.8422
84.5728
83.4976
85.5766
84.9062
87.3596
88.5675
89.1773
89.8790
91.6564
92.7389
93.6503
93.9254
95.4993
94.8482
96.8148
98.1481
97.6698
99.7915
100.0844
102.2586
100.0844
104.5826
105.0949
106.1273
106.3350
108.2235
107.2750
110.4710
108.9673
110.6876
111.9964
111.9964
111.5583
113.3217
113.3217
115.2277
117.3987
114.8889
116.7084
119.1438
119.3786
118.5590
120.5602
120.2043
122.2359
122.4774
122.2359
126.2886
125.2926
125.2926
128.3071
128.5620
129.5872
125.7895
128.5620
129.2017
130.2326
131.4035
132.1907
132.1907
134.5849
133.9150
134.8540
135.1237
135.6650
135.9365
136.2087
138.2703
139.1050
139.8052
140.3682
141.6448
142.3599
142.5034
143.8028
143.9480
144.2390
143.9480
145.5571
145.2630
144.8231
150.3613
148.3871
149.4462
149.2944
149.5983
150.8213
153.4605
151.4374
151.9014
152.9907
154.0896
155.9957
154.7218
156.3161
156.6374
154.5634
158.7455
157.9306
156.1558
158.4189
159.0729
158.2560
157.2824
158.7455
159.0729
160.0601
161.3880
163.9149
160.3908
161.3880
164.0851
163.2363
164.0851
164.2555
166.4912
163.7449
167.5358
166.4912
166.6647
165.1109
164.7681
165.6269
165.9719
167.5358
167.3611
169.2951
170.0054
170.0054
169.1181
170.3619
169.6498
169.6498
172.1588
171.6172
172.3398
169.6498
172.3398
170.8985
172.1588
171.9780
172.3398
172.7025
172.1588
176.5703
171.7975
176.0110
171.0778
176.5703
178.0727
177.1318
177.1318
177.5074
177.3195
177.3195
178.8301
180.9343
177.3194
180.9343
180.7417
181.7073
182.8749
181.3203
181.5137
180.5493
181.1272
180.3573
181.5137
181.5137
181.5137
183.6587
181.3203
179.4008
181.5137
181.1272
182.0955
179.0201
181.3203
181.5137
182.4846
182.0955
182.6797
183.6587
183.4624
183.0704
184.6445
184.4468
185.8367
183.2663
186.6370
185.0408
183.8553
186.2363
187.2401
184.0522
187.8459
184.8425
188.0484
187.0388
187.8459
186.8378
188.2511
181.1272
186.0363
186.8377
187.2401
186.2363
187.2402
188.0484
187.6437
187.2401
187.4418
188.0484
190.9132
188.8611
192.5760
189.4737
193.8356
193.8356
192.9947
189.6785
188.0484
189.2692
188.4541
191.9502
191.3271
190.7067
190.7067
189.2692
192.9947
190.2945
193.6249
188.4542
188.8611
190.7067
192.3671
191.3271
192.1585
191.1200
192.5760
193.2045
191.9502
190.5004
193.2045
191.1200
191.7422
194.0466
191.9502
193.4145
190.0889
191.5345
192.3671
195.1061
191.3271
190.7067
195.1061
190.5004
194.4695
172.7025
192.3671
192.5760
192.1585
194.8936
193.6249
194.8936
194.6814
194.4695
190.7067
193.6249
192.9947
194.2579
192.3671
196.6024
193.8356
194.6814
191.1200
193.4145
194.8936
193.2045
196.8174
197.2483
194.4695
194.2579
195.5321
196.8174
194.0466
194.2579
191.1200
198.3310
198.3310
196.3877
194.6814
195.9592
196.6024
197.2483
196.6024
195.5321
194.4695
195.3189
194.2579
197.2483
196.3877
192.7852
195.1061
197.4642
194.2579
195.3189
197.2483
200.0800
198.1139
194.6814
194.6814
196.3877
197.2483
196.1733
196.3877
195.3190
195.7455
196.3877
195.7455
199.8602
199.2029
196.3877
198.9845
196.8174
196.1734
197.0327
196.8174
196.1734
201.6272
200.3000
191.9502
197.8970
200.9621
200.9621
200.5204
199.2029
199.6408
199.6408
198.5485
196.6024
200.0800
200.0800
201.1835
198.9845
197.4642
198.7664
200.5204
196.8174
197.2483
206.1371
198.1139
198.3310
199.8602
199.4217
199.2029
195.1061
195.1061
198.3310
198.5485
200.0799
194.6814
197.4642
197.8970
198.1138
196.8174
199.8602
197.8970
195.5321
200.9621
195.7455
198.1139
194.4695
198.1139
195.5321
194.6814
192.5760
193.2044
196.8174
196.3877
198.1139
195.9593
197.6805
197.4642
196.1733
199.2029
197.4642
197.4642
196.1733
195.1062
196.8174
196.6024
196.8174
197.6805
196.1734
197.8970
195.9592
197.8970
195.3189
194.0466
197.4642
194.8936
196.6024
194.2579
195.7456
192.9946
187.6437
194.2579
195.1061
195.7455
197.4642
193.8356
188.2511
194.4695
193.2044
193.8356
192.9947
195.9592
195.1061
194.6814
194.4695
193.6249
195.7455
192.5760
193.8356
199.2029
192.9947
194.2579
194.6814
197.0327
192.5760
192.7852
191.9502
193.6249
190.2945
195.1061
192.7852
193.6249
193.8356
192.3671
193.8356
191.7422
192.7852
191.3271
188.8611
190.7067
192.3671
188.8611
192.5760
190.7067
191.3271
190.5005
192.1585
190.9132
190.5005
190.9132
189.4737
193.6249
189.8835
193.4145
191.3271
190.2945
192.7852
190.9132
189.6785
188.0484
189.6785
185.4382
187.0388
189.8835
192.1585
191.9502
187.4418
187.4418
187.6437
187.8459
188.0484
186.2362
187.2401
186.4365
179.5916
187.2401
187.2401
186.8377
183.6587
183.4623
184.4468
184.0522
184.6445
184.2494
183.6587
184.6445
184.8425
184.4468
184.4468
186.0363
185.0408
181.7073
181.9013
183.6587
183.0705
183.0705
179.4008
183.4624
182.0955
181.1272
184.4468
183.0705
181.9013
181.5137
181.5137
180.3573
181.3203
183.6587
178.8301
178.6404
181.5137
180.9343
179.2103
178.2617
178.4509
177.8840
178.6403
172.7025
172.3398
171.9780
178.6404
179.0201
176.7572
178.0727
177.8840
176.3836
172.1588
172.7025
171.9780
171.4371
172.8842
171.2573
171.9780
171.9780
169.8275
171.9780
166.1448
171.2574
170.0054
170.1835
169.1181
169.2952
167.8858
167.1867
168.0612
165.9719
164.5970
164.4261
164.4262
164.7681
163.2363
164.2556
163.5752
162.5612
163.9149
161.3880
161.5550
161.0548
159.2369
159.0729
161.0548
155.9957
159.4011
159.7301
158.2560
157.6061
154.7218
154.7218
156.1558
156.6374
155.8358
155.0391
153.7746
152.6785
152.6785
152.9907
149.5983
151.1290
150.0555
149.5983
146.1476
148.6888
147.9359
145.4100
145.8520
145.2630
146.1476
145.8520
145.5571
144.9695
142.3598
142.5034
140.2272
141.3599
139.3846
139.3846
137.8551
139.2447
137.3038
137.4414
137.1663
134.4506
136.2087
135.2588
133.6480
132.4543
133.9150
129.8449
131.5343
130.7515
129.8449
129.0734
127.2934
127.2934
125.5408
126.7899
122.8406
123.0834
122.4774
122.9619
119.9678
119.4962
120.3228
117.6297
118.2096
116.9380
116.9380
115.5676
114.8889
115.2277
117.0530
111.9964
114.5511
111.4491
109.1808
108.8608
108.6479
105.6098
106.9607
106.4390
105.6098
105.3006
102.2586
101.9593
100.2801
96.3430
95.8734
98.7250
97.5745
96.9094
95.9671
94.2013
93.5588
92.5576
92.9205
92.3767
91.4772
89.4398
89.6153
89.0899
87.8754
86.5913
86.3366
84.8228
84.4897
83.1693
81.7063
81.3844
79.7916
78.9275
78.1491
76.8412
76.6886
74.4308
73.8384
73.6173
72.9573
71.8684
71.1501
70.0838
69.5206
68.7521
67.3726
65.4789
65.3452
64.7465
64.4158
64.0207
61.4343
61.4979
60.8635
59.6095
58.3749
57.6433
57.0388
55.9028
55.3115
54.0263
53.1622
52.7053
51.7996
50.7379
50.6270
49.5816
48.4429
48.3354
47.6401
46.8460
45.8003
45.1800
44.5140
43.2501
42.6513
41.4686
40.9330
40.6426
39.7307
39.2082
38.1282
37.2026
36.4711
35.1201
35.3882
34.6315
33.4469
32.8839
32.0697
32.4970
30.9295
30.7206
29.6446
29.3170
28.3845
27.9433
28.2639
26.4031
26.0141
25.9753
25.1285
24.8614
24.3307
23.7670
22.4348
22.5814
22.0699
21.0236
20.4186
20.6670
19.9601
19.4701
18.6394
18.8115
18.0579
17.2803
17.6509
17.1461
16.2812
16.3803
15.9191
15.2665
15.7225
15.6899
15.3314
