172.3398
183.4624
186.0363
190.9132
193.6249
196.1733
201.4052
200.9621
207.5164
208.2108
206.5954
208.6754
216.5496
215.0882
221.5203
218.7673
222.7876
222.2795
229.8067
226.6497
231.1402
233.8398
233.0253
238.5315
238.8116
243.3569
240.2190
246.2603
249.5112
250.1088
255.5810
238.8116
261.2270
258.6957
258.6956
259.6407
267.3844
266.0706
271.0461
269.3727
272.0576
272.3959
276.8510
288.2855
276.5045
282.1258
284.2775
289.0233
291.2534
282.8404
282.4828
293.8877
293.8877
292.3781
296.5578
300.0445
293.8877
297.7133
305.5916
295.0276
306.8004
296.9422
310.0591
309.6489
318.4395
321.0207
301.6138
310.4701
319.7261
320.1567
318.4394
323.6339
327.6153
324.5122
333.5001
331.2178
347.2299
333.9596
334.8813
334.8813
336.7365
333.0417
340.9692
344.3184
349.6855
341.9210
347.7188
349.1922
348.7000
340.0215
350.1800
354.1743
356.7069
356.7069
346.2551
354.1742
354.1742
356.1982
351.1719
366.5941
362.9021
369.2676
365.5332
376.3642
365.5332
364.4771
372.5166
378.0325
373.0625
376.9191
379.1511
387.7110
379.7124
376.3643
370.8864
382.5389
381.4043
382.5389
379.7124
388.8756
384.8239
390.0457
386.5521
384.2506
382.5389
395.3812
385.9747
390.0456
395.9811
395.3812
394.1855
383.6787
402.0620
397.7899
395.3811
399.6118
392.9956
404.5363
400.2222
430.6904
403.2961
401.4471
403.2961
407.6637
406.4081
407.6637
410.1937
411.4681
399.6118
415.3300
412.7490
419.9100
420.5710
409.5587
419.9100
422.5639
403.9154
418.5933
432.0695
410.8300
424.5721
421.2335
422.5639
423.2316
422.5639
418.5932
432.0695
428.6351
425.2450
434.1515
428.6352
436.9532
427.2739
432.7616
443.3654
445.5370
428.6351
439.7842
442.6453
453.6505
455.9053
447.7263
444.8113
439.0736
448.4599
444.0874
444.0875
442.6453
446.9947
452.1575
448.4598
459.7042
452.1574
461.2385
458.9404
455.1517
456.6610
457.4187
455.9053
459.7043
461.2385
463.5556
462.0087
460.4703
449.1953
456.6610
446.9946
469.0374
450.6725
445.5372
450.6725
445.5373
455.1517
451.4140
449.9330
435.5486
441.9272
445.5370
433.4556
435.5487
436.2499
449.9329
445.5370
423.2315
452.1574
441.2110
439.0737
430.6904
424.5720
425.2449
426.5957
427.2738
427.9536
440.4967
418.5933
432.7617
421.8979
423.2316
419.2508
414.6824
408.2939
414.6823
417.9372
424.5721
419.2508
422.5639
415.9794
405.7827
418.5931
412.7490
409.5588
404.5363
402.0620
400.8340
400.2221
402.6783
412.7490
412.1078
404.5363
405.7826
400.2221
397.7898
391.2213
403.9155
392.9955
393.5898
384.2507
388.2926
392.9956
387.1309
390.0456
397.7899
383.1081
382.5389
381.4043
373.0625
373.6095
378.0325
359.7837
370.8865
370.8866
373.0624
363.9510
366.0630
370.3456
371.4285
360.3004
361.3376
365.5332
362.3793
359.2679
357.2168
355.6904
356.1981
355.1840
351.6695
339.0779
343.8369
344.8010
342.8767
348.7000
344.3183
339.5492
337.6701
333.5002
339.5492
330.3115
329.4090
333.5002
342.3984
328.0623
330.3114
322.3233
322.7593
319.7260
319.7261
323.6339
315.8896
311.2947
309.2396
317.1606
311.7082
307.6102
303.5929
300.8275
302.7990
296.5577
292.0024
291.6275
287.9177
290.1351
289.3932
290.1351
286.4533
287.9177
281.4140
279.9983
278.2433
278.9434
270.0403
275.8135
269.3727
266.7263
263.7942
270.0403
261.5459
261.5459
248.0260
255.2725
258.6956
250.1088
250.1088
245.0931
243.6451
243.0693
242.4954
242.4954
241.6382
241.3534
234.3850
231.9455
222.5333
232.4845
230.6055
225.3521
224.8360
217.7778
216.3051
215.3308
213.8806
213.1604
209.1415
206.3661
206.5955
201.1835
203.1904
203.1904
194.0466
196.8174
190.2945
190.2945
190.7067
184.2494
185.4382
183.0705
183.0705
177.6956
171.9780
169.8275
168.9414
166.4911
165.2827
161.5550
162.0571
159.0729
157.9306
152.9907
152.6785
149.4462
147.0385
144.5307
144.8231
143.2236
138.6870
138.8262
138.2703
135.2588
130.8816
139.1051
129.0734
128.0529
126.7899
125.5407
122.1154
124.7979
127.6725
128.0529
137.1663
136.6182
139.8051
142.7909
144.9696
148.2365
152.3671
157.9306
158.4189
163.4056
169.2952
171.9780
175.6395
176.9443
182.8749
187.6437
188.4542
191.1200
198.7664
198.3310
202.5185
201.1835
204.0910
207.0552
209.3750
216.3051
216.0609
224.3214
222.2794
227.4333
227.1717
228.4839
231.9455
237.4158
236.3073
241.9234
241.0691
251.0091
246.2603
251.0091
251.9140
259.6408
257.4433
259.3251
264.1177
270.3750
268.0447
262.5060
272.0576
270.3750
276.5045
275.4688
279.9983
287.1842
287.1842
292.7544
286.8184
296.1742
296.1741
296.5578
293.1314
296.1741
298.0999
303.1955
308.8310
306.3966
308.8310
311.2947
309.6489
316.3123
322.3232
319.7260
318.8674
318.4394
331.2177
328.9591
339.5492
332.1278
335.8069
342.8768
342.3984
338.1384
337.2028
346.7419
351.6696
349.1922
347.7188
345.7693
353.1690
347.2299
350.1799
360.3004
356.7069
358.7535
384.2507
361.8579
358.7534
363.9509
365.0046
362.3794
372.5166
367.1264
374.1580
372.5165
374.1580
375.8108
374.7076
380.2751
376.9191
382.5389
393.5898
380.8391
380.8390
382.5389
379.1511
381.9709
387.7110
385.3986
394.1855
392.9955
400.8340
384.2506
391.8114
400.8340
391.2213
405.7827
400.2222
395.3812
399.6118
397.1855
404.5363
395.3812
400.2221
402.6783
407.6637
404.5363
410.8300
412.7490
406.4081
411.4681
412.7489
408.2938
409.5588
422.5639
412.7490
408.9255
410.1937
417.2829
417.2830
418.5933
428.6351
413.3918
426.5957
425.2450
435.5487
415.3299
426.5958
427.9536
427.2739
429.3185
429.3185
426.5958
465.1109
435.5487
427.9536
445.5373
435.5486
437.6581
424.5721
453.6505
435.5486
433.4556
444.8113
432.0695
449.1954
433.4557
441.9273
443.3654
442.6453
455.9053
437.6581
446.9945
444.0874
427.9536
440.4966
444.8113
451.4140
455.1516
451.4140
452.9030
452.1575
469.8292
453.6505
465.8920
452.9029
455.1516
465.8918
458.1785
459.7043
469.0374
463.5556
468.2477
451.4139
452.9030
453.6505
455.1517
452.9030
494.6535
454.4001
454.4001
445.5372
454.4000
442.6453
446.2649
460.4704
452.9030
446.9947
447.7263
436.2499
441.9272
435.5486
443.3654
426.5958
446.9947
430.6904
444.0874
436.2499
430.6903
437.6581
426.5958
418.5932
427.9536
430.6904
432.7617
422.5639
427.2739
419.9100
430.6904
421.2336
408.9256
423.9010
425.2450
417.9373
410.1936
404.5363
414.6823
411.4681
414.0363
410.1936
408.9256
410.1936
411.4681
412.7490
410.8301
402.0620
404.5363
411.4681
404.5363
396.5825
404.5363
388.8755
394.7825
391.2214
394.7826
394.7825
384.2507
381.9709
388.2926
394.1855
397.7899
380.8390
386.5522
385.3987
382.5389
369.2675
375.8107
381.4043
376.3643
379.7125
381.4043
373.6096
375.8108
373.6096
362.3793
363.9509
365.0046
371.4285
361.8578
366.5941
356.7069
360.3004
352.6682
352.1683
352.6682
348.7000
347.2299
342.8768
341.4445
345.2847
344.3183
338.6076
340.4948
336.2712
334.8813
338.6076
330.3115
329.4089
333.5002
324.5123
324.0727
328.9591
319.2963
322.3233
338.6076
319.2963
318.8675
318.4395
304.3900
307.6102
306.3966
312.9538
302.7989
304.3900
296.5578
296.1741
290.1351
294.6469
289.7638
290.1351
287.9177
290.1351
282.1259
286.0890
281.0591
281.7696
275.1249
275.1249
275.8134
272.0576
268.3759
266.3982
264.4417
263.4713
256.1996
262.5061
258.6956
260.5908
250.1088
250.4084
246.8469
244.2228
245.6757
238.5315
240.2190
241.0691
232.4845
231.9454
231.9455
232.7547
224.3214
227.9577
222.0260
218.7673
220.2631
218.7673
214.8459
207.2856
208.2108
208.4429
207.0552
201.8495
201.1835
198.9845
194.8936
193.8356
193.2044
189.0650
187.0388
186.0363
185.6373
182.0955
178.4509
178.2616
172.3398
171.9780
167.8858
166.8385
165.7993
163.5752
162.0571
160.0600
156.3161
153.7746
153.6175
151.2831
148.3871
146.1476
145.1162
144.3848
140.9339
137.8551
137.8551
136.3450
133.7814
131.2728
130.1032
129.3300
124.1825
124.0599
121.0364
122.8406
119.4962
118.7925
117.7454
118.4424
122.4774
122.3566
128.0528
131.9277
133.6480
135.3940
142.9350
143.8028
147.7859
150.8213
152.9907
156.1558
160.5565
167.3611
171.4372
170.3619
171.9780
178.6404
179.9739
183.8553
187.4418
187.0388
192.7852
196.1734
200.3000
201.6272
205.6800
208.6754
207.0552
213.1605
215.0882
214.6040
218.0246
225.8700
236.3073
231.6766
229.2763
234.6583
236.3073
241.9235
244.2228
246.5534
248.9156
251.0091
251.3103
251.6119
259.0101
263.4713
261.2269
260.9086
263.1490
268.3758
274.0968
287.1842
276.5045
279.9983
280.3512
286.0890
287.9177
287.9177
286.0890
290.8799
292.0024
284.2774
291.2534
296.9422
296.9422
296.1742
298.4873
309.6490
307.2048
306.3966
312.5378
317.1606
321.8882
315.0465
318.4394
320.1567
319.2963
326.2799
326.7242
328.5102
328.9591
333.0417
332.1279
340.0215
335.8069
338.6076
334.4200
344.3184
338.6076
348.2089
354.1743
343.8369
342.8768
352.1682
357.7279
355.6905
358.2401
361.8579
365.0046
365.5333
365.5332
356.1982
373.0624
365.0046
366.5941
371.4286
356.1981
371.9720
371.4286
373.0624
373.6095
368.7304
375.2585
380.8390
381.4043
390.0457
380.8390
370.8865
381.9709
383.1081
394.1855
394.7826
391.2214
372.5165
385.3986
392.4028
402.6783
392.4028
399.6118
395.3812
402.0620
399.0030
398.3958
408.2939
403.9154
389.4599
401.4472
407.0351
403.9154
401.4471
410.8300
401.4472
404.5363
403.9154
412.1078
404.5363
408.9255
417.9373
412.1077
424.5721
419.9100
415.3299
421.8979
426.5958
421.8978
417.9373
424.5721
431.3791
426.5958
419.2508
427.2739
438.3650
430.6903
433.4557
427.9536
433.4556
432.7617
420.5709
437.6581
450.6725
441.9272
442.6454
441.2110
434.1516
432.7616
443.3654
443.3654
442.6454
456.6610
455.9053
456.6610
423.2316
434.8491
446.9945
441.9272
449.9330
465.1111
427.9536
458.1784
452.1574
455.9052
476.2441
459.7043
469.0373
455.9053
467.4603
450.6725
461.2385
465.8920
443.3654
456.6610
460.4703
419.2508
465.8920
441.2110
452.9030
460.4704
444.8113
448.4598
460.4703
464.3322
455.9053
444.0874
443.3654
453.6504
441.9273
441.9273
442.6454
443.3654
443.3654
452.9030
435.5487
446.2650
437.6581
436.2499
443.3654
441.2111
432.7617
437.6581
416.6304
440.4966
423.9009
433.4557
427.9536
439.7842
434.1516
432.0695
422.5639
430.0035
410.1936
410.8300
418.5932
415.3300
420.5709
419.9100
415.9793
420.5710
408.9255
416.6303
414.0362
407.0351
407.6637
399.6118
412.1078
373.6095
398.3957
401.4472
391.2213
405.1587
394.7826
393.5898
386.5522
393.5899
398.3958
392.9955
388.2926
382.5389
382.5388
387.7110
381.9709
380.2751
382.5389
376.3643
381.9709
384.2507
372.5165
380.8391
381.4043
370.8865
371.9720
376.3643
370.3457
368.7305
374.7076
366.0631
365.5333
356.7069
359.7836
361.8578
358.2401
347.7188
362.9020
348.2089
344.8010
356.1982
343.3563
339.5492
337.2028
336.7365
328.5102
332.1278
339.0779
333.5002
324.5123
324.5122
327.1693
324.0726
319.2963
319.7261
316.7361
321.0207
320.1567
319.2963
312.5378
305.9937
304.7897
308.0163
303.5929
300.4356
301.6138
297.7132
298.4873
294.2669
297.7133
293.8877
286.4533
288.2855
285.3624
286.0890
282.8404
280.7048
273.7554
274.7816
274.4389
270.7103
273.7554
270.7103
270.0402
269.3727
265.4174
265.0916
255.2724
258.6957
254.0438
253.1279
250.7085
252.8236
252.8236
238.2519
243.9337
234.3850
240.5019
235.2062
233.2963
236.3073
236.3073
230.6055
226.1295
226.1295
221.0163
221.7730
216.0609
216.0609
211.7301
211.7301
207.9789
205.6800
204.5433
202.9661
202.0721
199.2029
196.6024
192.3671
193.6249
190.0889
191.1200
188.2511
184.2494
180.9343
177.5074
171.9780
171.0778
172.1588
168.9414
169.2952
156.3161
164.2555
159.5656
158.9091
157.4441
153.9320
152.6785
150.6678
147.7859
144.5307
143.8028
141.7874
139.6648
138.1317
136.6182
133.5148
133.6480
131.2728
129.9740
125.7895
130.1032
123.8150
121.6345
118.3259
118.2095
116.7084
115.5676
113.2106
112.7675
111.3400
111.2309
