119.1438
122.4774
125.1687
128.5620
132.1907
134.4506
137.1663
140.6507
145.2630
144.6768
147.7859
152.9907
157.6061
157.4441
162.2249
165.2827
167.0125
171.6172
172.1588
177.1318
183.0704
184.4468
185.6373
189.2692
189.8835
194.6814
196.1734
196.6024
200.7411
203.1904
204.0910
205.2243
208.2108
211.2562
212.2054
214.3625
216.7944
219.5134
221.5203
225.0938
226.9105
226.9105
231.6766
230.0725
237.1380
240.2190
238.8116
243.0693
239.0921
249.8097
250.1088
253.1279
255.5809
256.1996
252.5199
257.1316
260.2735
260.9086
266.0706
265.0916
270.7103
266.3982
270.0403
276.1587
281.0591
281.0591
278.9433
280.3512
286.4533
292.3781
290.8799
295.4090
296.9422
295.4091
301.6138
294.6469
311.2947
309.6490
305.5916
306.8003
311.2947
309.2395
316.7361
318.8674
316.7361
320.5882
323.6339
326.2799
327.6153
330.7641
333.5002
333.9596
335.8069
336.7365
340.0215
342.3984
340.9691
344.3184
342.8767
354.1743
349.6856
353.6711
351.6696
361.8579
357.2169
350.6754
356.7069
355.6904
365.5332
365.5333
368.7305
363.4259
370.8866
380.2751
368.7305
370.3456
375.2585
377.4752
384.8240
379.7124
379.7124
387.7110
382.5389
395.3812
400.2222
381.4043
390.0456
395.3810
414.0362
390.0457
399.0031
410.1937
403.2961
410.1936
406.4081
408.9255
412.7490
408.9256
410.8301
423.9010
417.9373
418.5932
411.4681
419.2508
423.9010
417.2829
427.2738
419.9100
420.5709
415.9793
434.8491
429.3184
433.4556
430.0035
430.6904
427.9536
437.6581
444.0874
436.2500
446.2648
451.4140
446.9946
446.2648
455.9053
458.1785
455.1517
460.4704
462.0088
456.6610
457.4187
452.9029
452.1574
449.9329
466.6750
467.4603
468.2477
468.2477
471.4194
459.7042
471.4196
455.9052
444.8113
476.2441
470.6232
469.8291
473.0188
468.2477
477.8706
480.3273
468.2477
531.3243
475.4345
486.9820
478.6871
494.6535
497.2554
505.1995
494.6535
492.9313
495.5183
486.9820
500.7601
497.2552
500.7602
495.5183
469.8292
506.9935
501.6427
510.6141
521.7393
514.2781
510.6143
515.2008
515.2009
524.5840
517.9861
517.9861
518.9200
513.3579
526.4951
524.5841
529.3839
519.8570
527.4550
532.2991
523.6329
526.4952
537.2187
526.4951
531.3245
542.2155
530.3525
519.8569
543.2243
521.7391
530.3525
537.2187
540.2073
550.3754
552.4481
525.5381
546.2698
544.2361
549.3442
548.3163
550.3754
539.2080
542.2155
546.2698
542.2154
544.2361
547.2914
541.2098
553.4893
564.0866
558.7454
553.4891
551.4100
549.3440
551.4100
558.7452
552.4479
552.4479
571.7120
552.4479
579.5143
554.5336
559.8068
550.3754
560.8715
569.5155
567.3333
564.0866
542.2155
565.1653
569.5155
568.4225
566.2476
564.0868
570.6118
631.7249
573.9229
606.4774
582.9137
577.2666
575.0336
599.2396
561.9397
579.5143
577.2666
585.1990
582.9137
587.4998
582.9137
590.9803
577.2664
588.6559
554.5336
576.1481
594.4959
571.7118
568.4225
588.6561
580.6435
661.6674
590.9801
576.1481
565.1653
564.0866
598.0474
602.8399
588.6559
582.9137
589.8163
572.8156
593.3203
582.9137
587.4998
599.2396
589.8163
592.1480
579.5143
610.1529
571.7118
595.6759
586.3475
590.9801
589.8162
584.0546
584.0544
594.4961
600.4356
626.5320
604.0483
600.4356
586.3475
598.0474
616.3646
606.4774
604.0483
598.0474
627.8235
622.6855
588.6561
608.9235
594.4961
590.9801
618.8795
605.2607
611.3867
595.6757
620.1439
581.7767
593.3201
612.6245
594.4959
650.4999
612.6247
596.8596
598.0474
596.8596
601.6355
610.1529
596.8597
623.9632
548.3161
613.8670
618.8797
625.2455
636.9927
620.1437
638.3215
604.0482
616.3644
625.2454
607.6983
625.2454
617.6199
630.4197
625.2455
629.1193
605.2607
621.4124
616.3646
674.6346
634.3493
636.9927
635.6685
634.3495
653.2609
611.3865
613.8670
647.7592
654.6492
627.8235
645.0383
629.1193
643.6851
647.7590
636.9927
623.9632
630.4200
585.1990
638.3217
639.6553
635.6687
633.0352
635.6687
626.5320
634.3495
689.5705
633.0350
623.9634
625.2454
613.8668
634.3493
653.2611
642.3369
651.8778
622.6855
653.2611
622.6855
663.0865
630.4200
642.3367
645.0381
664.5114
657.4407
636.9927
645.0383
633.0352
656.0423
656.0423
674.6346
649.1270
640.9939
656.0425
653.2609
643.6851
656.0423
660.2531
653.2611
642.3369
606.4774
650.5001
649.1270
650.5001
661.6672
651.8781
646.3961
646.3963
667.3764
667.3764
656.0423
668.8171
660.2531
674.6344
653.2611
647.7592
651.8778
658.8443
656.0423
673.1718
680.5406
663.0865
721.2397
663.0865
670.2634
651.8781
657.4407
645.0381
671.7148
660.2533
679.0555
635.6685
663.0867
640.9937
670.2632
645.0381
647.7590
677.5764
660.2531
670.2632
673.1718
670.2634
683.5276
691.0956
697.2565
654.6490
665.9411
671.7148
661.6672
695.7074
665.9411
667.3764
674.6344
683.5276
697.2568
673.1718
679.0557
688.0510
673.1721
668.8171
680.5404
664.5111
698.8120
680.5406
679.0555
714.7045
670.2632
692.6271
671.7150
682.0310
677.5764
676.1027
680.5404
698.8122
695.7074
688.0510
671.7148
686.5372
705.0939
703.5144
732.9326
677.5762
686.5372
701.9409
694.1644
677.5764
724.5471
676.1025
724.5471
709.8708
717.9589
719.5960
694.1642
694.1640
664.5111
705.0939
680.5404
697.2568
685.0296
679.0555
674.6344
694.1642
711.4752
726.2107
691.0956
691.0956
676.1027
697.2568
713.0869
688.0510
746.7105
674.6344
695.7076
705.0939
738.0466
722.8900
716.3284
722.8900
711.4754
685.0296
627.8235
732.9326
705.0939
798.7432
689.5705
722.8902
794.8152
706.6801
711.4756
722.8900
746.7103
741.4908
748.4648
697.2568
714.7043
732.9328
750.2265
724.5469
751.9954
736.3350
732.9328
717.9589
743.2235
738.0463
743.2233
729.5579
750.2265
729.5579
751.9954
731.2418
743.2233
716.3286
722.8900
783.2356
709.8705
719.5960
738.0466
746.7103
785.1447
738.0463
746.7105
727.8808
741.4908
729.5579
738.0463
779.4420
783.2356
722.8902
744.9632
748.4648
743.2235
738.0463
744.9632
940.3004
717.9589
750.2265
729.5579
750.2265
736.3348
729.5579
751.9954
736.3348
750.2265
734.6304
736.3348
727.8808
729.5579
716.3284
744.9632
731.2418
738.0466
724.5469
751.9954
741.4905
732.9326
751.9954
750.2265
731.2421
751.9954
722.8900
724.5469
746.7103
743.2233
785.1447
736.3348
744.9632
736.3348
743.2233
688.0510
783.2356
744.9632
743.2233
743.2233
731.2418
727.8810
717.9589
732.9326
753.7717
724.5471
717.9589
732.9326
743.2235
721.2397
732.9328
732.9328
717.9589
775.6805
679.0555
744.9632
698.8122
717.9589
779.4417
719.5963
727.8808
732.9326
729.5581
748.4648
775.6802
713.0867
716.3286
727.8810
777.5570
682.0310
714.7043
736.3348
748.4648
703.5142
724.5469
719.5960
706.6799
719.5960
716.3286
711.4754
727.8810
692.6268
685.0294
750.2265
727.8810
732.9328
671.7148
701.9406
691.0958
676.1027
750.2265
714.7045
665.9411
717.9589
688.0513
706.6801
695.7076
721.2399
739.7651
677.5762
746.7103
686.5372
688.0510
717.9592
698.8117
717.9592
630.4197
701.9406
683.5273
689.5703
694.1642
709.8708
732.9328
716.3286
673.1718
694.1640
656.0423
677.5764
713.0869
668.8171
689.5705
697.2565
671.7148
701.9406
670.2632
717.9592
683.5273
680.5406
691.0958
671.7148
685.0294
706.6801
695.7076
734.6304
686.5372
677.5762
680.5404
686.5372
716.3286
670.2632
683.5273
692.6271
668.8171
689.5705
682.0310
701.9409
654.6490
653.2611
685.0294
686.5372
719.5960
643.6851
695.7072
654.6492
697.2565
682.0312
697.2565
674.6344
709.8708
660.2533
664.5111
691.0958
676.1025
642.3369
658.8445
656.0423
674.6344
636.9926
686.5374
660.2531
670.2632
683.5276
670.2634
682.0310
679.0557
646.3961
677.5764
667.3766
649.1270
671.7148
685.0296
668.8171
651.8778
658.8443
665.9413
667.3764
654.6492
661.6674
664.5114
650.5001
653.2611
639.6553
658.8445
664.5114
668.8173
647.7590
643.6851
646.3963
663.0865
656.0423
630.4200
636.9929
653.2611
629.1194
661.6674
651.8781
658.8443
642.3369
631.7251
642.3369
654.6492
627.8234
642.3369
635.6689
634.3495
650.5001
640.9937
642.3367
626.5320
643.6851
643.6851
623.9634
622.6855
631.7249
633.0350
618.8795
657.4409
617.6199
650.4999
630.4200
617.6199
623.9634
633.0350
622.6857
610.1529
631.7251
616.3646
621.4126
629.1194
618.8795
617.6199
626.5323
630.4200
613.8668
635.6687
640.9937
629.1193
639.6551
618.8797
613.8668
587.4998
606.4774
560.8715
611.3867
620.1439
625.2454
605.2607
625.2454
600.4354
599.2396
610.1531
598.0476
607.6985
587.4998
595.6757
613.8670
593.3203
592.1484
599.2396
592.1484
606.4775
610.1531
613.8668
594.4961
592.1480
585.1992
639.6551
595.6759
581.7769
587.4998
575.0336
664.5111
589.8163
499.0025
594.4957
564.0866
587.4998
587.4998
567.3334
587.4998
570.6118
578.3884
571.7118
578.3884
577.2666
576.1481
565.1653
570.6119
567.3334
552.4479
565.1653
563.0116
575.0338
567.3334
546.2698
555.5816
563.0116
573.9227
563.0116
555.5814
565.1655
555.5816
542.2157
543.2244
554.5336
548.3161
556.6327
558.7454
572.8156
546.2697
542.2155
555.5816
547.2912
555.5814
553.4891
543.2241
550.3754
542.2155
542.2154
540.2073
547.2914
544.2362
547.2914
548.3163
540.2075
536.2287
540.2073
532.2991
536.2288
535.2419
524.5840
546.2698
531.3245
523.6328
519.8569
522.6845
526.4952
522.6845
520.7967
518.9202
510.6141
532.2991
525.5382
496.3856
506.9935
508.7986
504.3062
513.3580
506.9935
511.5260
492.9313
508.7986
499.0025
508.7986
488.6696
506.9936
507.8948
506.0951
495.5182
503.4159
500.7601
494.6534
496.3856
501.6429
513.3580
494.6534
489.5170
495.5183
484.4687
502.5281
494.6535
481.9769
492.9313
481.1508
478.6872
467.4602
459.7042
465.1109
444.0874
463.5555
484.4688
471.4195
466.6750
460.4704
478.6870
468.2477
469.0374
473.0188
464.3322
455.1517
448.4599
458.1785
446.2648
451.4140
444.8113
444.8113
450.6724
441.9273
448.4599
441.9272
439.0736
439.7842
449.9330
438.3650
435.5486
440.4966
448.4599
436.2500
441.2111
429.3185
422.5639
428.6351
417.9373
425.9195
425.9195
418.5932
421.8979
414.6823
414.6823
408.2938
412.7489
412.7489
410.1936
407.6637
401.4472
401.4472
408.9256
398.3957
401.4471
390.0456
395.9812
399.0031
391.2213
390.0457
392.4027
385.3986
379.1511
388.2927
379.7125
380.8390
374.7076
377.4751
367.1264
374.7076
365.5333
370.8864
369.8060
365.0046
361.8578
365.0046
358.2401
356.1982
349.6856
356.1982
350.6754
346.7419
353.1691
350.1798
344.8010
347.7189
335.8069
342.3983
340.9691
341.4445
340.4948
337.2028
333.9596
323.6339
327.1692
330.7640
324.9528
325.8366
325.8366
324.9529
321.0207
323.1962
320.1567
321.4540
312.1226
308.8310
307.2049
305.1902
303.9911
296.9422
300.0444
296.5578
303.9911
302.4031
294.6469
300.0444
294.2669
292.3780
293.1314
287.9177
287.5505
286.0890
277.5459
280.7048
275.8134
275.1249
273.0744
266.3982
271.7198
270.0403
264.4417
268.3759
265.7437
259.9568
263.7942
261.2270
258.0684
254.0438
251.3103
258.6957
247.7305
248.3220
241.9234
245.0931
240.2190
239.3732
238.8116
235.7559
232.7546
228.4839
229.2763
227.6953
226.1295
224.8360
226.9105
221.0162
222.2794
217.2853
214.1214
217.7778
213.6402
208.9082
207.7475
207.9790
205.9084
204.5433
202.9661
200.9621
198.1138
195.7455
191.3271
189.0650
188.2511
185.6373
185.6373
182.8749
186.8377
178.8301
176.1972
176.9443
171.7975
171.4371
171.2574
168.9414
166.6647
164.5970
164.0851
162.2249
160.5565
159.4011
156.9595
158.2559
154.5634
153.1471
153.3037
147.7859
145.5571
147.1876
143.6577
143.8028
141.6448
138.1317
136.3450
135.2588
134.3165
130.4917
129.9740
128.0529
128.1799
127.9259
122.7194
121.6345
121.9950
119.9678
118.6757
115.1146
116.1365
111.9964
112.7675
110.6876
110.6876
107.0654
105.8165
106.2311
101.7603
100.3781
100.5744
99.2084
98.3400
95.9671
96.1549
93.6503
93.4673
91.4771
90.0553
89.0899
87.7031
87.1028
85.3246
84.1578
83.6622
81.2238
81.5452
80.5049
79.0057
77.9942
77.4543
77.4543
78.4596
81.1437
83.8271
86.2518
88.6544
90.7636
91.7461
94.0173
98.6286
98.6286
102.0589
105.7131
108.7543
109.3947
114.2144
115.4541
118.3259
118.9095
122.5983
125.0450
126.5389
129.3300
130.2325
134.4506
138.6870
140.9339
142.0733
145.5571
148.9912
148.9912
150.8213
154.7218
158.4189
158.0932
163.9149
165.1109
168.9414
177.1318
171.4371
171.4371
179.4008
180.7417
184.0522
185.0408
185.0408
190.9132
191.5345
197.0327
195.5321
200.3000
205.6800
207.5164
209.8432
211.7301
210.0778
214.1214
218.5193
222.2795
223.8085
224.3214
224.5785
225.0939
231.9455
232.2147
235.7558
240.2190
239.3731
243.3569
245.3842
246.8468
247.7304
253.7380
252.2168
258.3817
254.9645
258.6956
262.1854
267.3843
259.9569
270.0403
275.8135
277.1981
284.6384
283.9171
283.1986
284.6384
286.4533
292.7544
296.9421
299.2643
297.3273
301.2203
298.8754
305.5916
306.3966
312.1226
315.8896
308.4232
319.2963
317.1606
324.9528
321.4539
321.4539
321.0207
331.2177
331.2177
330.3115
345.7694
335.8069
343.3562
340.0215
347.7189
339.5492
349.1922
353.1691
347.7190
356.1982
348.7001
361.3375
359.7837
355.6904
358.2401
367.1263
366.5941
367.6598
365.0046
375.2584
367.1263
368.7305
378.5911
371.9720
380.8391
383.1081
382.5389
377.4751
391.2213
391.2214
394.1855
393.5898
399.6118
385.3986
400.2222
394.1855
399.6118
407.6637
384.2507
407.0352
410.1936
401.4472
410.1936
407.0351
410.1937
412.1078
434.1516
419.9100
422.5639
418.5933
414.6823
421.8978
421.8978
421.8978
427.9536
445.5370
455.1517
436.9532
431.3791
448.4598
444.0874
449.1954
434.1517
446.2649
441.2110
451.4139
446.2649
455.9052
452.9029
449.9330
450.6724
455.9052
447.7263
458.1784
458.9403
458.1785
478.6872
473.0186
477.8706
455.1516
468.2477
462.7810
473.0188
466.6750
476.2441
480.3273
473.8216
486.9820
470.6231
486.1418
478.6872
482.8050
488.6696
486.9820
492.0741
492.0741
481.1510
494.6535
473.8217
492.0742
499.8802
506.0952
495.5182
494.6535
492.9315
503.4159
494.6534
506.0952
481.9769
498.1276
500.7602
512.4407
511.5260
517.9860
517.0548
513.3580
517.9860
530.3527
511.5260
517.9861
515.2008
525.5381
524.5841
529.3839
512.4406
524.5840
519.8570
541.2100
544.2362
535.2417
520.7966
528.4179
531.3243
532.2991
527.4550
525.5381
526.4951
535.2419
537.2187
540.2073
542.2154
541.2098
553.4893
528.4179
529.3837
537.2187
528.4179
553.4891
618.8795
554.5336
550.3754
567.3334
552.4479
545.2515
548.3161
576.1481
551.4100
556.6328
557.6874
552.4479
552.4479
557.6874
556.6327
590.9803
605.2609
570.6119
565.1655
568.4227
567.3334
589.8162
569.5154
570.6118
580.6437
571.7120
579.5143
570.6118
580.6435
585.1990
580.6437
575.0338
573.9227
571.7118
566.2476
568.4227
602.8399
608.9236
578.3884
592.1480
604.0480
596.8596
575.0336
572.8156
578.3885
587.4998
581.7769
590.9801
589.8162
588.6562
611.3867
585.1990
587.4999
599.2396
594.4961
582.9137
601.6357
590.9801
576.1483
582.9137
658.8443
587.4998
579.5141
571.7118
594.4957
595.6757
586.3477
592.1484
578.3885
590.9801
592.1482
600.4354
599.2396
602.8399
625.2454
605.2609
606.4774
592.1480
594.4959
599.2394
595.6759
635.6687
625.2455
620.1437
627.8234
606.4774
599.2396
615.1136
617.6198
592.1480
623.9634
613.8670
612.6247
631.7251
617.6199
617.6198
618.8797
610.1529
633.0350
621.4124
633.0350
691.0956
622.6855
607.6983
621.4124
613.8668
625.2454
610.1531
618.8797
625.2454
604.0482
621.4124
627.8234
627.8234
646.3963
645.0381
636.9927
640.9937
608.9235
634.3493
653.2611
622.6855
623.9632
633.0350
673.1721
677.5764
621.4126
642.3369
627.8235
658.8445
636.9926
685.0298
629.1193
661.6674
646.3963
626.5323
646.3963
635.6687
636.9926
654.6492
657.4409
654.6492
640.9937
646.3961
661.6674
638.3215
634.3493
643.6851
645.0381
670.2634
636.9929
653.2611
620.1437
645.0379
667.3766
731.2421
676.1027
663.0865
646.3961
646.3963
646.3963
683.5276
639.6553
667.3766
651.8778
680.5406
663.0865
654.6490
670.2632
667.3766
671.7148
658.8443
673.1718
656.0423
656.0425
661.6674
638.3215
667.3766
653.2609
661.6672
661.6674
636.9927
719.5963
664.5114
660.2531
677.5762
679.0557
623.9634
671.7148
634.3493
668.8173
673.1718
674.6344
660.2531
691.0958
667.3766
664.5111
656.0423
670.2634
664.5111
676.1025
649.1270
694.1642
664.5111
674.6346
671.7148
695.7074
658.8443
677.5762
689.5703
700.3735
636.9929
685.0294
703.5144
694.1640
677.5762
688.0510
688.0508
691.0956
673.1721
691.0956
673.1721
656.0425
673.1721
668.8171
697.2565
674.6346
686.5372
686.5374
691.0958
695.7074
701.9404
689.5705
706.6799
695.7074
689.5703
689.5705
694.1640
697.2568
689.5707
653.2609
667.3764
674.6344
713.0867
694.1642
695.7074
674.6344
691.0956
717.9592
700.3730
685.0294
729.5579
679.0555
686.5372
691.0958
708.2720
660.2531
674.6344
708.2720
695.7076
722.8902
706.6799
688.0508
695.7076
701.9406
670.2634
722.8902
694.1642
667.3764
688.0508
713.0867
692.6271
711.4756
694.1642
680.5404
694.1644
732.9328
700.3735
729.5579
697.2565
724.5471
700.3732
703.5139
697.2565
724.5471
743.2235
677.5762
688.0508
736.3350
709.8708
724.5471
691.0956
719.5960
683.5276
719.5963
721.2399
721.2397
729.5581
753.7717
724.5471
711.4756
716.3286
711.4756
734.6304
694.1644
716.3286
739.7649
685.0294
703.5144
734.6304
724.5469
722.8900
729.5581
731.2418
743.2235
709.8708
741.4908
739.7651
734.6304
753.7717
717.9589
709.8705
753.7717
731.2418
739.7651
744.9632
741.4908
732.9326
726.2107
751.9954
743.2233
753.7717
731.2418
751.9954
703.5142
781.3347
790.9216
753.7717
727.8810
711.4754
734.6302
790.9219
746.7103
743.2233
738.0466
773.8119
736.3348
907.0419
732.9328
746.7105
729.5579
714.7043
727.8808
751.9954
751.9954
750.2265
750.2265
788.9878
798.7432
751.9954
709.8705
781.3347
743.2233
777.5570
779.4417
727.8810
748.4648
753.7717
739.7649
743.2233
808.7150
788.9878
757.3467
787.0621
751.9954
753.7717
736.3350
698.8120
729.5581
724.5469
787.0621
744.9632
739.7649
738.0463
711.4754
798.7432
746.7105
714.7043
734.6304
734.6304
726.2104
750.2265
736.3350
750.2265
783.2356
792.8644
724.5471
701.9409
741.4905
732.9326
781.3347
748.4648
697.2568
738.0466
744.9634
743.2233
753.7717
734.6302
722.8900
716.3284
744.9632
713.0867
671.7150
734.6302
781.3344
751.9954
727.8808
753.7717
746.7103
773.8119
711.4754
729.5581
721.2397
700.3735
732.9328
701.9406
744.9632
738.0466
721.2397
750.2265
724.5471
746.7103
691.0958
726.2107
741.4908
746.7105
750.2265
734.6302
717.9592
727.8810
753.7717
738.0466
738.0466
722.8902
697.2568
685.0294
744.9632
703.5144
743.2235
729.5581
731.2421
700.3732
706.6801
727.8810
711.4756
673.1721
714.7043
726.2104
695.7074
711.4756
701.9406
794.8152
719.5960
703.5142
709.8705
711.4756
716.3286
716.3286
683.5276
716.3286
685.0296
708.2723
694.1644
701.9406
717.9589
708.2723
638.3213
726.2107
714.7045
633.0350
671.7148
679.0557
739.7649
698.8122
721.2397
679.0557
667.3764
686.5372
676.1027
686.5372
688.0513
694.1642
726.2107
694.1642
670.2632
686.5372
692.6268
683.5276
705.0941
721.2397
685.0294
673.1718
691.0956
682.0310
706.6801
676.1025
695.7074
679.0555
679.0557
667.3766
670.2634
673.1721
682.0310
686.5372
698.8117
670.2632
667.3766
667.3766
692.6268
683.5273
668.8171
689.5705
663.0865
642.3369
658.8443
686.5374
673.1718
673.1721
671.7150
685.0296
674.6346
620.1437
668.8171
667.3766
692.6271
656.0425
671.7148
691.0958
677.5764
667.3764
674.6346
670.2632
660.2533
691.0958
653.2609
661.6672
656.0425
629.1193
658.8443
670.2632
660.2533
657.4409
673.1718
653.2611
660.2531
645.0381
653.2609
667.3766
625.2454
650.5001
670.2632
667.3766
663.0867
668.8171
630.4197
650.4999
656.0425
664.5114
665.9413
629.1193
661.6674
661.6674
653.2611
616.3646
649.1270
634.3495
630.4200
621.4126
635.6689
631.7251
623.9634
643.6849
627.8234
594.4959
634.3493
685.0296
618.8795
639.6551
653.2611
638.3215
627.8235
633.0350
627.8234
629.1194
630.4200
639.6551
618.8797
613.8670
622.6855
627.8234
615.1136
613.8670
612.6247
599.2394
617.6199
630.4200
598.0476
594.4961
594.4959
625.2455
608.9236
676.1027
608.9236
612.6247
599.2394
608.9236
618.8795
635.6687
600.4354
589.8163
598.0474
598.0476
595.6757
587.5001
595.6757
602.8398
631.7251
594.4961
589.8163
598.0476
617.6199
580.6435
606.4774
566.2476
602.8399
594.4959
582.9137
575.0336
588.6559
581.7767
584.0544
604.0483
582.9139
581.7769
595.6757
615.1136
584.0544
581.7769
585.1990
579.5143
594.4957
570.6119
570.6118
560.8715
579.5143
587.5001
581.7769
569.5154
571.7120
556.6328
561.9399
558.7452
549.3442
570.6119
555.5816
576.1483
563.0114
558.7454
560.8716
559.8068
570.6119
556.6328
554.5336
556.6328
551.4102
554.5338
552.4481
552.4479
569.5154
576.1483
552.4479
568.4225
536.2287
567.3334
563.0116
535.2419
549.3442
537.2189
546.2697
541.2100
529.3839
543.2243
516.1265
546.2697
525.5381
532.2993
536.2287
535.2417
533.2770
519.8569
520.7967
525.5381
524.5840
523.6328
524.5841
528.4180
525.5382
513.3579
512.4406
515.2009
509.7050
524.5841
509.7051
477.8706
497.2554
493.7911
497.2552
508.7984
508.7984
492.0741
509.7049
494.6534
486.9821
496.3856
494.6534
485.3042
491.2194
491.2193
509.7050
511.5258
497.2554
491.2193
484.4688
494.6535
500.7602
472.2180
484.4688
481.1508
482.8050
492.9315
468.2477
486.1419
477.8705
480.3274
486.9820
480.3274
477.8705
516.1264
473.0186
469.8292
465.1109
465.8918
457.4186
465.8920
464.3322
469.0374
457.4187
457.4187
455.1516
456.6610
442.6453
452.1574
453.6505
462.0088
455.9052
446.9946
447.7262
440.4967
441.9272
449.9329
440.4966
436.2499
431.3790
436.2500
436.9531
423.9010
434.8491
435.5487
434.1515
426.5957
419.2508
434.8491
441.9274
421.2335
417.2830
421.2335
417.2829
407.0351
414.6823
421.8979
418.5931
419.2509
390.6328
408.2938
402.0620
410.8301
405.1587
401.4472
392.9955
397.1855
399.6118
404.5363
384.2506
395.9812
395.3812
387.7111
379.7124
379.1512
371.9720
376.3642
372.5165
373.0625
374.1580
366.0631
369.2676
366.5941
366.0631
349.6855
360.8184
367.6598
368.7305
359.2680
356.7069
354.6785
354.1742
355.1840
355.1839
355.1840
351.1719
349.6856
342.3984
339.5492
340.4948
332.1278
342.8768
337.6701
333.5002
331.6723
331.6723
330.3114
334.8813
327.1693
327.6153
323.1961
319.7260
316.7361
320.1567
307.2049
326.2799
312.1226
310.4702
312.5378
305.5916
302.0081
298.4873
301.6138
297.3273
298.8754
295.7912
296.5577
294.2670
292.0024
286.0890
289.0233
290.1351
283.1987
279.9983
278.9433
268.7075
275.1249
274.4389
271.3827
270.7103
268.3759
268.0448
267.0550
260.2736
264.1177
263.7942
251.0091
259.9569
252.2167
254.9645
252.2168
254.0438
246.2603
243.0693
240.7853
239.3731
238.8116
237.4158
233.2964
231.6766
230.8726
228.2207
227.6953
225.0939
223.8085
223.8085
219.7629
216.0609
216.7945
213.8806
212.9211
207.7475
207.2856
209.6089
203.6400
211.0198
200.9621
197.0326
196.8174
196.8174
194.6814
183.6587
188.8611
187.8459
187.4418
185.2394
184.8425
182.0954
183.6587
177.8840
178.0727
174.7149
171.6172
168.2368
166.6647
168.2368
168.0612
165.1109
161.0548
159.5655
157.7682
157.7682
156.3161
154.4053
151.1290
152.9907
147.7859
146.7408
145.9997
143.2236
141.9303
140.5094
138.2703
136.7550
134.9888
132.4543
131.1423
132.1907
130.2326
126.5389
124.6745
122.7194
122.8406
119.7317
120.4414
118.4424
114.5511
112.9888
112.5466
111.9964
109.5019
108.9673
106.9607
104.8897
102.5587
102.4585
101.5617
100.6727
98.0522
97.6698
95.8734
95.4060
92.1059
92.0159
91.7461
89.8790
88.6544
89.0899
87.0174
85.9980
83.6622
81.4648
80.8237
79.9497
79.0840
79.3193
77.0706
76.6886
75.7031
74.1341
73.9122
73.8384
76.5363
77.3006
79.1624
82.5162
82.9239
86.0825
88.9155
91.2983
94.2935
94.3857
98.5323
99.8891
104.2764
104.7872
108.0120
111.2309
109.6091
117.3986
117.5141
118.2095
122.1154
125.1687
125.9140
129.4585
131.9277
134.3165
136.3450
140.0863
140.9339
142.9350
146.7408
148.5379
151.4373
153.3037
154.4053
158.7455
163.2363
165.7993
168.2368
170.5405
168.9414
171.4371
177.1318
178.0727
181.3203
184.4468
187.0388
186.8378
189.0650
193.2045
193.6249
199.2029
200.5204
203.6400
207.9790
206.8251
211.9675
212.6822
213.4002
216.7945
219.5134
224.0648
222.5332
229.8067
232.4845
231.1402
235.4808
232.7547
240.5019
242.7821
241.3534
243.6451
244.5125
250.4084
249.5112
251.9140
257.7556
259.0102
262.5061
263.1490
270.7103
265.4173
274.4389
277.5459
277.8943
274.7816
284.6384
282.1259
286.4533
287.9177
298.8754
295.7912
299.2643
297.7133
298.0999
299.6541
304.7897
303.9910
306.3966
309.6490
310.0591
311.2947
309.6489
320.1567
321.0206
324.0727
323.6340
331.2178
324.9529
329.4089
333.5002
336.7365
338.1384
333.9596
340.9692
344.3184
341.9209
348.7000
351.1720
356.1981
333.0417
349.6855
360.8185
357.7279
356.7069
361.3376
370.3456
362.9020
365.5332
372.5165
370.3457
369.8061
370.8865
380.8391
381.4043
377.4752
385.9748
377.4751
381.4043
384.8239
387.1310
379.7124
384.2506
394.7825
392.4027
400.8339
405.1587
397.1855
383.1081
401.4472
395.9812
406.4081
405.1587
415.3299
407.0351
408.9255
410.1936
413.3917
417.9373
410.8301
423.9010
417.2830
429.3185
429.3185
424.5720
428.6352
432.0694
430.0035
439.0737
446.2648
436.9532
439.0736
444.8114
446.2649
451.4139
462.7811
455.1517
449.1954
452.9030
466.6750
445.5370
467.4603
456.6610
462.0088
455.9052
458.1785
462.0087
462.7810
465.1109
480.3274
467.4602
465.1109
480.3274
477.0562
469.0374
475.4344
473.8216
487.8247
473.8217
470.6232
492.0742
479.5060
493.7912
492.0741
487.8246
473.0188
498.1277
499.0027
484.4687
492.9313
492.0741
498.1277
488.6696
497.2554
506.9937
496.3854
513.3579
507.8947
506.9937
513.3577
497.2554
504.3062
509.7050
525.5382
510.6143
519.8570
506.0951
507.8947
518.9200
524.5841
493.7911
533.2770
524.5841
514.2781
518.9202
523.6329
535.2417
525.5382
535.2419
525.5382
527.4551
521.7391
530.3527
522.6846
540.2075
524.5841
532.2993
537.2189
541.2100
576.1483
542.2155
540.2073
535.2417
556.6328
517.0549
545.2513
539.2081
535.2417
556.6328
548.3161
546.2698
555.5814
542.2154
572.8156
558.7454
588.6561
561.9399
578.3885
561.9399
544.2364
532.2991
576.1481
556.6327
573.9229
580.6437
571.7120
585.1992
579.5141
563.0116
598.0476
579.5143
563.0114
569.5154
571.7118
587.4998
586.3475
577.2664
573.9229
564.0868
572.8154
604.0483
576.1483
582.9137
571.7120
554.5336
647.7590
559.8066
602.8399
572.8156
554.5336
592.1480
564.0868
596.8596
570.6119
585.1990
596.8596
593.3199
589.8163
571.7118
607.6983
582.9140
586.3475
584.0546
598.0474
590.9803
594.4959
596.8597
584.0544
594.4959
592.1482
593.3201
605.2607
590.9803
608.9236
607.6985
593.3203
598.0476
599.2394
586.3475
606.4775
589.8160
604.0483
620.1437
613.8668
625.2455
598.0476
604.0483
598.0476
592.1482
611.3867
611.3865
605.2609
607.6985
616.3646
626.5320
617.6198
615.1134
630.4200
622.6857
618.8797
625.2454
618.8797
610.1531
608.9235
617.6198
629.1193
623.9632
622.6857
518.9202
649.1271
623.9632
617.6199
607.6983
617.6198
617.6198
594.4959
629.1194
605.2607
630.4200
612.6245
640.9937
639.6551
626.5320
620.1437
665.9413
639.6551
639.6553
689.5705
657.4409
638.3217
647.7592
636.9926
629.1194
627.8234
635.6685
634.3495
649.1270
647.7590
631.7249
642.3367
651.8781
650.5001
646.3963
638.3215
621.4124
658.8445
658.8443
657.4407
646.3961
667.3766
651.8778
656.0425
653.2611
650.4999
665.9413
640.9935
640.9935
661.6674
634.3495
660.2533
657.4407
657.4407
650.5001
653.2609
657.4409
656.0425
651.8781
636.9927
650.4999
670.2632
645.0381
661.6674
642.3369
671.7148
674.6344
658.8443
663.0865
779.4420
638.3215
673.1718
691.0958
701.9406
661.6674
667.3766
667.3764
667.3764
700.3732
620.1439
657.4409
657.4409
671.7148
744.9632
651.8778
682.0312
674.6346
661.6672
674.6346
670.2632
654.6490
674.6346
657.4409
683.5273
686.5372
676.1027
700.3730
671.7150
676.1027
677.5764
689.5707
691.0958
695.7074
686.5372
691.0956
673.1721
676.1025
677.5764
682.0312
686.5372
674.6346
694.1640
689.5705
688.0508
657.4407
708.2723
668.8171
674.6346
701.9409
671.7148
697.2565
671.7148
700.3732
673.1718
667.3766
660.2531
674.6344
716.3286
703.5142
705.0941
674.6344
677.5762
695.7074
686.5372
708.2723
679.0555
680.5404
671.7148
744.9632
679.0555
717.9589
688.0510
695.7074
685.0296
724.5471
703.5144
709.8708
697.2568
705.0941
703.5144
709.8708
711.4752
724.5471
697.2565
709.8708
717.9589
705.0939
695.7076
729.5581
700.3732
717.9589
719.5960
709.8708
677.5764
703.5142
697.2565
726.2107
698.8120
683.5276
714.7043
695.7076
700.3732
711.4756
691.0958
717.9589
732.9326
700.3732
724.5471
703.5142
706.6799
697.2568
719.5960
692.6268
689.5707
717.9589
698.8117
719.5960
698.8120
691.0956
717.9589
711.4754
700.3732
706.6801
734.6302
713.0869
709.8705
706.6801
703.5144
736.3350
731.2421
732.9328
717.9589
741.4908
731.2418
729.5579
726.2107
731.2421
736.3350
743.2233
727.8810
738.0466
750.2265
717.9589
734.6302
717.9589
726.2107
751.9954
734.6304
732.9326
739.7651
668.8171
713.0869
746.7103
779.4417
731.2418
734.6302
738.0463
739.7649
739.7649
744.9632
748.4648
717.9589
743.2235
750.2265
722.8900
750.2265
744.9634
731.2418
746.7103
739.7651
746.7103
701.9404
753.7717
732.9328
783.2356
724.5469
751.9954
722.8900
751.9954
736.3350
794.8154
748.4646
736.3350
753.7717
744.9634
746.7103
744.9634
739.7649
831.4512
717.9592
732.9326
746.7103
738.0466
783.2356
775.6805
750.2265
739.7651
743.2233
750.2265
751.9954
775.6805
746.7103
775.6805
716.3284
788.9878
750.2265
746.7105
777.5570
739.7651
781.3344
753.7717
709.8705
732.9328
729.5579
734.6304
748.4648
857.5894
750.2265
743.2233
750.2265
743.2233
751.9954
716.3286
743.2233
732.9326
724.5471
731.2421
744.9632
729.5579
744.9632
727.8810
785.1447
750.2265
731.2421
743.2233
746.7103
744.9632
741.4908
751.9954
724.5469
743.2235
714.7045
731.2421
717.9589
721.2399
724.5471
716.3284
746.7103
731.2421
713.0867
748.4646
726.2104
729.5581
727.8810
734.6302
703.5142
719.5960
739.7649
729.5581
746.7103
717.9589
726.2104
736.3350
719.5963
739.7649
713.0867
732.9326
719.5963
722.8902
736.3350
731.2421
734.6304
721.2397
713.0869
739.7649
739.7649
688.0510
731.2421
738.0466
724.5471
748.4648
695.7074
714.7043
729.5579
709.8705
697.2568
729.5581
724.5471
700.3732
724.5471
721.2397
724.5471
694.1642
713.0867
717.9589
711.4754
796.7747
744.9632
705.0939
703.5144
701.9409
670.2632
703.5144
717.9592
695.7074
695.7074
716.3286
692.6271
722.8900
717.9589
705.0937
683.5276
691.0958
705.0939
685.0294
695.7076
717.9592
686.5372
701.9406
700.3730
676.1025
697.2565
677.5764
706.6799
721.2399
682.0312
682.0310
674.6344
656.0425
703.5144
709.8708
698.8120
683.5276
673.1718
673.1718
656.0423
670.2634
680.5406
654.6490
716.3286
673.1721
694.1644
695.7074
686.5372
671.7148
674.6344
668.8171
700.3732
664.5111
750.2265
716.3286
650.4999
709.8705
705.0939
674.6346
694.1644
686.5372
691.0958
689.5705
677.5764
705.0941
701.9406
697.2565
656.0423
670.2632
677.5764
643.6851
688.0510
661.6674
664.5114
668.8171
670.2632
677.5764
676.1027
673.1721
647.7590
651.8781
673.1721
674.6346
677.5764
638.3215
665.9411
665.9411
688.0510
627.8234
671.7150
626.5320
639.6551
626.5323
633.0347
660.2533
649.1270
657.4407
660.2533
640.9935
646.3963
643.6849
643.6851
639.6553
660.2533
660.2531
653.2611
633.0347
656.0423
640.9937
642.3367
660.2533
646.3961
621.4126
631.7249
647.7590
636.9927
651.8781
623.9632
605.2607
625.2454
653.2611
656.0425
607.6985
651.8781
616.3646
640.9935
613.8670
602.8399
626.5323
643.6852
626.5323
660.2533
627.8235
626.5323
638.3215
635.6687
630.4200
633.0350
627.8235
626.5320
588.6562
612.6247
608.9235
604.0483
585.1990
611.3867
631.7251
580.6437
596.8597
604.0483
627.8235
582.9137
608.9236
569.5155
618.8795
580.6437
631.7249
554.5336
584.0544
607.6985
595.6757
596.8597
601.6355
596.8597
582.9137
590.9801
587.4998
587.5001
608.9235
601.6357
607.6985
596.8596
623.9634
572.8154
572.8154
575.0336
596.8597
573.9229
558.7452
570.6118
582.9137
598.0476
553.4891
561.9399
589.8163
601.6357
571.7120
569.5154
563.0114
557.6874
559.8068
573.9229
565.1655
595.6755
556.6328
564.0866
560.8716
566.2477
565.1655
571.7120
569.5154
575.0338
566.2476
564.0868
556.6328
558.7454
565.1655
565.1653
561.9399
553.4893
553.4891
550.3756
551.4100
561.9397
559.8068
533.2770
530.3525
540.2075
533.2770
520.7966
534.2578
541.2098
552.4481
540.2075
538.2118
526.4952
540.2075
531.3245
525.5381
529.3839
514.2780
548.3161
526.4952
553.4893
517.9860
520.7966
520.7967
529.3839
517.0548
516.1264
507.8948
515.2009
507.8947
505.1993
514.2781
514.2781
507.8947
512.4407
506.0951
510.6140
508.7984
510.6143
512.4404
490.3670
505.1993
494.6535
499.0025
496.3854
478.6872
512.4407
490.3669
494.6535
498.1277
499.8800
481.9767
489.5172
482.8051
494.6535
477.8705
486.1419
470.6232
475.4344
480.3274
474.6269
486.1419
469.0374
469.0373
481.1510
477.0563
469.0374
478.6872
480.3274
468.2477
460.4703
454.4000
466.6750
461.2384
455.1516
450.6724
455.1516
455.1517
455.9053
446.2649
439.0736
455.9053
444.0874
455.1517
445.5370
434.8492
439.0736
437.6581
436.9531
438.3649
438.3650
433.4557
422.5639
430.0035
421.8979
430.0036
426.5958
425.2450
414.6823
425.2450
408.2938
410.8301
423.9009
407.0351
407.6637
402.0620
402.6783
405.7827
402.0620
405.7826
403.9155
402.6783
400.2222
402.6783
393.5898
399.0030
390.6328
392.4027
394.1854
384.2507
381.4043
381.4043
376.9191
376.9191
383.1081
391.2213
374.7076
381.4043
380.8391
371.9720
371.4285
367.6599
367.1264
365.5332
366.0631
361.8578
362.9021
359.7836
353.6711
360.8184
355.6905
355.1840
344.8010
355.6904
346.2552
342.8767
346.2552
334.8813
347.7188
341.4445
339.5492
329.8598
333.0418
332.1279
324.5122
333.5002
327.6153
327.1692
324.0726
318.8674
321.0207
317.5861
315.4677
318.8675
313.7883
310.8820
304.7898
305.1902
297.3273
299.6540
300.0444
299.6541
299.6541
292.0024
291.2534
293.8877
295.0276
293.1314
287.1841
287.1841
282.8404
283.1986
279.9983
277.8943
276.1586
279.2944
276.8510
271.0462
272.7348
265.0916
263.1490
265.0916
262.8272
257.1316
264.4418
254.9645
257.4433
256.1996
245.9678
244.8025
245.0931
248.6186
243.6451
244.8026
238.2519
239.0921
244.8025
238.5315
233.0253
231.6766
228.7476
226.9105
223.2973
223.5527
222.2795
217.0397
213.6402
215.0881
213.6402
211.9676
209.1415
210.0778
209.3750
203.6400
203.8654
200.9621
200.9621
197.8970
195.5321
193.8356
196.3877
194.6814
188.2511
186.8378
186.0363
182.8749
179.4008
182.8749
179.7826
177.8840
171.9780
171.0778
168.9414
169.6498
165.6269
168.2368
160.5565
162.5612
161.2213
160.8884
156.7984
155.8357
155.3571
154.2473
152.6785
149.2944
148.0862
144.2390
142.2165
142.3598
143.5128
138.8262
138.6870
134.9888
134.5849
131.7964
130.8816
129.2016
128.4345
125.1687
124.3054
124.1825
121.3949
124.3053
116.9380
114.5511
115.6811
115.1146
111.5583
114.1024
109.2877
107.8009
106.7517
104.2764
103.8697
103.3634
100.3781
99.5968
98.3400
97.7653
96.3429
95.4060
93.7419
91.7461
90.8525
87.6171
88.0479
88.0479
85.9980
84.2407
83.9097
82.4349
80.1080
80.5049
78.6153
77.6082
77.0706
75.0272
74.5795
73.7646
72.5201
72.6656
70.6508
71.5804
70.5087
