33.7957
33.7520
34.6315
35.4329
36.2894
36.8359
37.5252
38.8307
39.0192
39.8262
40.5943
41.3709
41.6153
42.8005
44.3611
44.7182
46.2690
46.4783
46.7407
48.0137
49.1458
49.6362
50.2953
51.6309
51.4067
52.7053
54.0263
55.0176
55.3115
56.6183
57.2800
58.3749
58.8049
59.1134
60.6111
61.9450
63.4968
63.6275
64.7465
65.8811
67.2359
67.5096
68.8913
68.7521
72.3023
69.2403
71.9406
73.7646
74.4308
71.7963
76.3083
76.4602
77.4543
79.3978
80.1872
81.4648
81.7063
81.4648
83.1693
86.0825
84.8227
85.4085
86.7615
88.0479
88.8283
89.4398
89.8790
91.8360
91.8360
92.4671
94.1093
94.5704
95.4060
96.3430
96.2489
101.7603
99.4995
100.3781
99.5968
101.2645
103.2625
103.7682
104.2764
104.8897
108.1177
108.0120
107.8009
110.2549
111.2310
111.5583
111.6677
112.5466
114.2144
115.4541
116.8231
116.4792
118.4424
118.9095
119.4961
119.0265
122.7194
122.2359
122.9619
124.0599
126.7898
126.2886
133.6480
127.4196
130.6216
129.9740
131.4035
132.5864
133.9149
133.6480
135.1237
134.1825
137.9933
137.3038
137.1663
140.5094
141.0757
140.9339
144.2390
143.6577
145.9997
146.4438
143.0791
146.8896
148.3871
148.9912
148.5378
150.6678
154.5634
152.6785
155.0391
153.6175
157.6061
155.1980
158.5821
159.5656
160.7224
160.3908
160.8885
162.2249
162.5612
163.9149
164.9394
166.4911
165.6268
168.2368
170.0054
172.3398
170.3619
170.0054
171.9780
171.4371
170.5405
178.0727
177.1318
179.2103
177.3194
179.7826
180.3573
180.5493
183.0705
182.0954
184.8425
185.8367
185.2393
187.8459
187.2401
189.2692
191.1200
188.8611
194.0466
193.2045
193.8356
196.1734
196.8174
195.5321
194.2579
196.8174
196.8174
200.7411
200.0799
201.1835
201.4052
202.2951
203.4151
205.4520
206.8252
202.2952
207.5164
207.9789
209.8432
208.6754
212.4436
211.7301
195.1062
214.1214
214.6040
215.0881
217.2854
217.2854
219.2643
217.7778
222.5333
221.7730
223.2972
221.0162
226.6498
223.2972
223.5527
223.5527
200.3000
227.6954
229.5413
229.2763
235.4808
233.0253
228.2206
230.0725
234.9320
234.6583
236.5837
236.3073
231.1402
238.8116
239.3732
236.3073
242.7821
243.6451
244.2228
245.6757
245.9678
246.5533
244.8025
248.3220
247.1409
253.1279
250.4084
251.3103
252.2168
259.6408
255.5809
254.6571
254.6571
255.8900
255.5809
259.9568
259.3252
262.1855
260.5908
259.6407
260.5908
261.8654
269.3727
268.3758
267.7143
268.0447
268.3758
271.3827
264.7663
271.3827
272.7348
276.5045
271.7198
274.4389
270.3750
277.5459
279.9983
277.8943
278.2433
279.9983
279.2943
282.4828
284.2775
285.7253
283.9171
283.1986
282.1258
286.4534
291.2534
285.7253
287.9177
287.9177
287.5506
290.8799
291.2533
287.1841
293.8877
292.3780
293.5092
292.0024
296.1741
301.6138
296.9422
285.3623
294.2669
298.0998
298.0999
290.5072
298.8755
302.0081
307.6102
305.9937
310.4702
304.3900
309.6489
310.0591
307.2049
305.1902
318.8674
312.1226
315.4677
316.7361
321.0207
319.7260
312.9538
317.1606
319.7260
329.4089
324.0727
312.5378
325.3942
328.9591
324.0727
357.7278
332.5843
308.8310
330.3115
328.5102
331.2177
328.5103
330.3115
331.6723
339.5492
334.8813
332.5843
333.0418
337.2028
335.3437
338.6076
341.4445
339.0779
339.5492
343.3562
338.1383
347.7189
348.2089
343.3562
345.7694
348.2090
346.2551
355.1840
353.6711
351.6695
349.6855
355.1840
354.1743
355.6905
353.6711
359.2680
352.1683
351.1718
356.7069
358.7535
357.2168
364.4772
360.3005
358.7535
374.1580
361.3375
366.5941
368.1946
368.1945
364.4772
373.6095
367.6599
368.7305
375.8108
373.0624
376.3643
375.2586
380.8391
376.3643
374.1580
379.7125
374.7076
381.9709
378.0325
383.6787
382.5388
379.7124
376.9190
383.6787
379.1512
379.1511
390.0456
397.1855
384.8239
381.9709
387.1309
397.7899
385.3987
367.6599
388.8756
399.6119
397.1855
391.8113
391.2213
399.6119
385.9748
389.4599
391.2214
397.1855
403.2961
394.7825
399.0031
395.9812
402.0620
406.4081
400.8339
393.5897
404.5363
440.4967
405.1587
395.9811
405.7827
397.7899
412.1078
401.4472
402.0620
412.1078
408.9256
397.7898
415.3300
408.2939
417.9372
413.3917
408.2938
417.2829
415.9793
412.7489
407.6637
415.3300
416.6304
425.2449
421.2336
418.5933
406.4081
421.8979
424.5721
423.2316
421.8979
429.3185
418.5932
422.5638
422.5638
427.9536
420.5710
432.7617
423.9009
426.5957
432.7617
439.7842
431.3791
434.8492
419.9100
430.0035
432.0695
426.5957
434.1516
440.4967
429.3184
434.8492
427.2738
434.8492
440.4966
439.7842
438.3650
439.7843
449.1954
444.8113
449.9330
436.9531
453.6505
438.3650
459.7043
452.9029
492.9313
434.1516
449.1953
445.5370
458.9403
452.9030
454.4001
452.9029
447.7263
452.1575
452.9029
454.4000
449.1953
454.4001
459.7042
461.2385
447.7263
454.4001
460.4704
455.1516
494.6535
448.4599
412.1077
464.3323
466.6750
462.0087
463.5555
458.1784
462.7811
462.0088
452.1574
459.7042
455.9052
457.4187
469.8292
465.1111
475.4343
469.8292
470.6232
474.6268
477.8704
471.4194
468.2477
466.6750
465.1109
481.1508
475.4343
469.8292
473.0186
475.4345
474.6269
449.1954
468.2477
478.6872
467.4602
491.2194
471.4195
460.4704
489.5172
486.1418
491.2194
484.4688
486.1419
492.9313
496.3856
482.8050
487.8246
485.3042
485.3042
490.3670
481.9769
487.8247
483.6358
487.8246
495.5183
481.9767
489.5172
492.9315
494.6535
492.9313
492.0741
485.3040
489.5172
494.6535
487.8247
509.7050
490.3670
511.5258
489.5170
503.4159
515.2009
499.0027
495.5182
497.2552
512.4406
500.7602
507.8947
493.7912
499.0025
505.1995
509.7049
497.2554
497.2554
498.1276
490.3669
511.5261
501.6427
498.1277
494.6535
506.9936
497.2552
511.5258
511.5260
492.9313
507.8947
517.9861
554.5336
505.1995
508.7984
516.1264
528.4180
514.2780
516.1265
500.7602
531.3245
515.2009
502.5281
506.9935
523.6329
516.1265
508.7984
517.0549
525.5382
515.2009
525.5382
493.7912
511.5261
516.1264
496.3856
511.5258
523.6329
506.0951
482.8051
538.2120
520.7966
510.6141
498.1277
511.5260
542.2155
517.0548
504.3062
533.2771
531.3245
521.7393
557.6874
523.6329
547.2914
530.3527
714.7043
510.6141
511.5260
522.6846
525.5382
526.4952
538.2118
580.6437
506.0951
522.6846
542.2154
516.1264
531.3243
498.1276
545.2515
545.2513
517.9860
542.2155
542.2155
576.1481
540.2075
540.2075
533.2771
539.2081
542.2154
532.2991
551.4100
499.0027
533.2770
530.3525
530.3527
543.2243
558.7454
524.5841
520.7967
564.0868
573.9229
552.4481
522.6845
547.2912
569.5155
551.4102
540.2073
584.0544
538.2120
538.2118
653.2611
525.5382
540.2075
547.2914
560.8713
553.4893
454.4001
554.5338
538.2118
556.6328
555.5816
551.4102
539.2081
539.2080
544.2362
546.2697
567.3334
510.6140
545.2513
542.2154
568.4225
531.3245
555.5814
551.4100
470.6232
564.0868
561.9399
552.4481
555.5816
552.4481
556.6328
664.5111
551.4102
564.0868
544.2364
541.2098
552.4481
568.4227
556.6328
554.5336
557.6873
546.2697
549.3442
554.5338
554.5338
547.2914
593.3201
566.2477
559.8066
553.4891
569.5155
544.2362
560.8716
594.4957
553.4891
564.0866
539.2080
570.6118
558.7454
523.6328
555.5814
566.2476
560.8716
576.1483
552.4479
551.4102
557.6874
585.1992
565.1653
560.8715
555.5816
550.3754
555.5816
575.0336
563.0116
569.5155
558.7452
556.6327
553.4891
568.4227
563.0116
578.3885
579.5143
593.3199
568.4227
558.7454
555.5816
576.1483
567.3333
594.4959
575.0338
581.7769
575.0336
565.1653
575.0336
577.2664
563.0114
557.6874
559.8068
575.0338
587.4999
551.4100
570.6119
563.0116
558.7454
575.0338
553.4893
588.6559
590.9801
565.1655
552.4479
558.7454
576.1483
577.2664
578.3884
568.4227
580.6437
587.4999
577.2664
579.5143
556.6327
568.4227
581.7769
586.3477
598.0473
586.3475
576.1483
590.9801
630.4200
569.5154
585.1990
586.3477
579.5143
588.6561
582.9139
612.6247
563.0114
594.4957
577.2666
576.1483
572.8156
585.1990
578.3884
580.6437
680.5406
611.3867
578.3884
563.0114
581.7767
585.1990
580.6435
588.6561
592.1480
606.4775
580.6437
580.6435
518.9200
589.8163
592.1480
569.5154
585.1992
590.9801
586.3477
587.4998
587.4999
590.9801
600.4356
590.9801
584.0544
601.6357
608.9236
586.3477
587.4999
602.8399
590.9801
582.9139
539.2080
592.1484
587.5001
605.2609
568.4225
602.8396
570.6118
581.7767
595.6759
589.8162
593.3203
599.2396
596.8597
590.9801
592.1482
588.6562
596.8596
588.6559
586.3475
594.4957
586.3475
576.1481
595.6755
604.0483
586.3475
588.6559
577.2664
605.2607
594.4959
589.8163
595.6757
590.9801
595.6759
593.3203
590.9801
605.2609
606.4775
593.3199
588.6559
592.1480
618.8797
596.8597
594.4961
606.4775
593.3201
599.2392
600.4354
607.6985
600.4356
585.1990
649.1271
598.0476
599.2396
430.0035
605.2609
578.3885
599.2396
588.6559
595.6757
596.8596
607.6983
593.3203
580.6435
594.4959
589.8163
618.8797
604.0483
633.0350
656.0423
608.9236
594.4961
610.1531
584.0546
587.4998
611.3867
593.3201
611.3867
629.1194
599.2394
582.9137
600.4354
594.4959
621.4126
605.2609
589.8163
600.4356
587.5001
590.9801
627.8235
607.6983
613.8670
600.4354
602.8398
600.4354
605.2609
575.0338
617.6199
595.6759
595.6759
593.3201
602.8398
600.4354
611.3867
615.1136
610.1531
606.4774
621.4126
602.8398
590.9801
590.9803
620.1439
616.3646
634.3495
633.0347
621.4124
627.8235
613.8670
587.5001
605.2607
606.4775
606.4774
600.4356
630.4200
612.6247
604.0483
600.4354
611.3865
590.9801
596.8597
611.3867
629.1193
738.0463
601.6355
629.1194
610.1529
611.3867
633.0347
605.2607
586.3477
604.0483
611.3867
621.4126
613.8670
618.8795
585.1992
610.1529
623.9634
599.2394
626.5320
590.9801
601.6357
627.8235
626.5323
613.8670
618.8797
617.6199
612.6245
622.6855
612.6245
606.4775
607.6983
617.6198
623.9634
636.9927
623.9634
616.3644
594.4959
600.4356
621.4124
608.9236
607.6983
608.9236
604.0483
627.8235
612.6247
606.4774
617.6199
612.6247
630.4200
600.4356
610.1529
613.8670
605.2609
569.5154
625.2454
613.8668
615.1136
602.8398
604.0483
629.1193
613.8668
618.8795
612.6247
613.8668
629.1193
620.1437
634.3495
611.3867
620.1439
582.9139
634.3493
608.9235
625.2454
612.6245
631.7251
620.1437
607.6983
620.1439
630.4200
604.0482
626.5323
627.8235
601.6355
617.6199
595.6759
613.8670
638.3215
622.6855
635.6687
601.6355
620.1439
635.6687
623.9634
604.0483
613.8668
616.3644
620.1437
623.9632
615.1136
630.4200
626.5323
615.1134
646.3963
629.1194
634.3495
635.6685
612.6245
630.4197
671.7150
653.2611
596.8596
634.3493
626.5323
617.6199
630.4200
625.2455
623.9634
626.5323
594.4961
627.8235
636.9926
601.6355
635.6685
633.0350
633.0350
753.7717
626.5320
617.6198
629.1194
615.1136
634.3493
623.9632
631.7251
682.0312
623.9632
627.8234
620.1437
635.6685
633.0347
611.3867
642.3367
627.8234
633.0347
646.3961
613.8670
664.5111
671.7150
638.3215
631.7251
623.9632
620.1439
631.7249
638.3215
649.1270
620.1437
627.8234
638.3217
635.6687
625.2454
625.2454
630.4200
621.4126
626.5320
639.6551
636.9926
587.4998
630.4200
625.2455
630.4200
629.1194
631.7251
625.2454
612.6247
622.6855
616.3646
633.0350
633.0352
625.2454
636.9929
650.5001
627.8235
626.5323
633.0350
653.2611
585.1994
631.7251
629.1194
629.1194
631.7251
635.6685
640.9935
630.4197
634.3497
717.9589
620.1437
650.4999
627.8234
636.9927
633.0347
633.0350
627.8234
647.7592
642.3369
622.6855
629.1194
633.0347
616.3644
636.9927
650.5001
633.0350
643.6849
617.6198
635.6687
630.4200
636.9927
636.9927
635.6687
638.3217
639.6551
645.0379
639.6551
630.4197
635.6685
639.6551
639.6551
593.3203
635.6687
629.1193
640.9937
626.5320
633.0350
630.4197
630.4200
640.9935
630.4200
650.4999
629.1193
627.8234
649.1271
631.7251
638.3217
629.1193
481.1510
639.6551
651.8778
631.7249
639.6551
638.3215
626.5320
646.3961
636.9927
636.9929
665.9411
658.8445
649.1271
638.3215
645.0381
653.2611
643.6851
643.6851
642.3367
661.6674
656.0425
633.0350
635.6685
639.6551
626.5320
651.8781
674.6346
647.7590
640.9937
638.3217
646.3963
651.8778
649.1270
686.5372
587.4999
630.4197
600.4356
635.6685
633.0347
635.6685
653.2611
683.5276
584.0544
653.2609
658.8445
629.1194
661.6674
636.9927
647.7590
635.6689
651.8781
676.1027
642.3369
633.0347
645.0381
654.6492
559.8068
694.1642
631.7251
650.4999
664.5114
651.8781
650.4999
645.0383
649.1270
651.8781
670.2632
670.2632
630.4197
642.3367
657.4407
649.1271
657.4407
650.5001
640.9937
638.3215
656.0425
653.2611
625.2454
629.1193
643.6851
573.9227
664.5111
650.5001
660.2531
670.2632
660.2531
665.9413
658.8443
656.0423
646.3961
665.9413
654.6492
661.6672
646.3963
667.3766
654.6490
651.8781
664.5111
654.6490
660.2533
810.7357
653.2609
647.7590
670.2632
722.8900
683.5273
642.3369
663.0867
656.0425
671.7148
660.2533
649.1271
654.6492
643.6851
667.3764
650.4999
657.4407
656.0425
651.8781
671.7148
650.5001
647.7592
661.6674
661.6674
638.3217
651.8781
639.6551
665.9411
656.0425
683.5278
635.6687
658.8443
660.2533
646.3961
664.5114
656.0423
640.9937
663.0865
642.3367
608.9236
645.0381
645.0381
635.6685
663.0865
674.6346
651.8781
651.8781
671.7148
682.0312
667.3766
646.3961
654.6492
657.4409
667.3766
660.2531
649.1270
668.8173
633.0350
643.6849
654.6492
649.1270
649.1271
646.3961
639.6553
660.2533
661.6674
670.2634
657.4407
650.4999
656.0425
650.4999
673.1718
664.5114
647.7592
664.5111
679.0557
694.1642
657.4409
667.3766
657.4409
640.9937
663.0865
668.8171
661.6672
653.2609
660.2531
663.0865
658.8445
673.1721
670.2632
670.2632
677.5764
656.0423
663.0865
661.6674
656.0423
663.0865
697.2565
658.8443
645.0383
668.8173
667.3766
664.5114
691.0958
661.6672
656.0425
627.8234
680.5406
649.1271
663.0865
656.0423
667.3764
651.8778
664.5111
677.5764
697.2565
661.6674
676.1027
656.0423
695.7074
647.7592
661.6674
661.6674
629.1193
677.5764
671.7148
682.0312
664.5114
647.7590
657.4409
667.3766
658.8445
658.8445
691.0958
674.6346
674.6346
683.5276
661.6672
650.4999
660.2533
660.2533
667.3764
674.6346
663.0865
657.4409
654.6490
667.3766
674.6346
664.5114
660.2533
651.8781
694.1642
682.0312
664.5111
668.8171
663.0865
664.5111
686.5372
676.1027
654.6490
663.0867
665.9411
674.6346
685.0296
679.0557
650.5001
670.2634
640.9935
670.2634
701.9404
685.0296
668.8173
656.0423
677.5764
664.5111
677.5764
673.1721
671.7148
674.6346
673.1721
674.6344
677.5764
661.6672
661.6672
695.7074
668.8173
665.9413
647.7592
680.5406
650.5001
691.0956
688.0510
671.7148
677.5764
674.6346
657.4409
643.6851
677.5764
680.5404
580.6437
651.8781
633.0347
667.3764
663.0865
680.5406
658.8443
657.4407
634.3495
674.6346
650.5001
668.8171
676.1027
667.3766
674.6346
674.6346
649.1271
697.2565
658.8443
732.9328
671.7148
673.1718
674.6346
646.3961
663.0865
682.0312
650.4999
661.6674
656.0423
673.1721
668.8171
676.1027
674.6344
658.8445
682.0312
673.1718
663.0865
674.6346
674.6346
688.0510
671.7150
679.0555
650.5001
671.7150
643.6849
709.8708
705.0941
667.3766
657.4407
656.0425
691.0958
674.6346
673.1721
667.3766
703.5144
667.3764
667.3766
668.8171
664.5111
656.0423
691.0958
656.0425
670.2632
653.2611
667.3764
660.2533
654.6490
686.5374
661.6672
711.4754
656.0423
677.5764
661.6672
676.1027
656.0425
705.0939
708.2723
656.0425
674.6346
680.5404
667.3764
657.4409
668.8173
664.5111
665.9413
671.7148
667.3766
680.5406
677.5764
664.5111
677.5764
738.0466
590.9801
674.6346
683.5276
679.0555
676.1027
661.6674
679.0557
663.0867
661.6672
660.2533
674.6346
692.6271
645.0381
658.8443
686.5372
668.8173
654.6490
677.5764
673.1718
646.3961
664.5114
673.1718
689.5705
686.5374
679.0557
661.6674
665.9413
657.4407
674.6346
691.0958
654.6492
634.3493
661.6672
701.9409
671.7148
689.5705
661.6672
676.1027
660.2531
654.6490
677.5764
673.1721
680.5406
667.3764
673.1718
651.8778
670.2634
677.5764
657.4409
613.8670
674.6344
682.0312
658.8445
679.0557
660.2533
658.8445
626.5320
657.4407
750.2265
674.6346
636.9927
665.9411
670.2634
739.7651
688.0510
682.0310
657.4407
670.2632
674.6346
679.0557
663.0865
741.4910
660.2533
658.8445
584.0544
650.4999
683.5273
650.4999
645.0381
679.0557
683.5276
679.0557
668.8171
674.6346
667.3766
671.7150
668.8173
657.4409
642.3369
697.2565
679.0555
673.1721
657.4407
630.4200
667.3766
671.7150
663.0867
626.5323
646.3961
664.5111
656.0425
642.3372
674.6346
673.1718
721.2399
654.6490
661.6672
642.3369
593.3199
670.2634
658.8445
668.8171
677.5764
621.4124
703.5144
680.5406
674.6344
679.0557
671.7148
676.1027
661.6672
658.8445
676.1025
626.5320
671.7148
636.9929
668.8171
661.6674
660.2533
671.7148
646.3961
676.1027
661.6672
645.0381
656.0425
668.8171
664.5111
661.6674
671.7150
660.2531
654.6492
674.6346
661.6674
731.2421
663.0867
671.7150
617.6198
660.2533
656.0423
654.6492
677.5764
613.8668
670.2634
677.5764
689.5705
674.6346
688.0510
651.8778
651.8778
673.1721
694.1642
663.0867
660.2533
668.8173
729.5581
636.9929
670.2632
639.6551
671.7148
685.0294
660.2533
646.3961
660.2533
671.7150
676.1027
663.0867
642.3369
643.6851
640.9937
671.7150
654.6490
643.6852
671.7150
646.3963
640.9935
724.5471
663.0867
649.1270
629.1193
665.9411
651.8778
667.3766
668.8173
670.2634
664.5114
651.8781
635.6685
649.1270
661.6674
657.4407
654.6492
680.5406
650.4999
661.6674
656.0425
640.9937
722.8902
642.3369
661.6674
650.4999
651.8781
639.6551
649.1270
640.9937
649.1271
661.6674
660.2531
658.8445
650.5001
657.4409
651.8781
621.4126
634.3495
665.9411
625.2454
667.3764
656.0423
665.9413
634.3495
634.3493
698.8120
664.5114
649.1271
654.6492
646.3961
658.8443
676.1027
651.8781
638.3215
629.1193
642.3372
634.3495
686.5374
653.2611
633.0350
636.9927
647.7590
657.4407
656.0425
629.1193
653.2609
649.1271
634.3495
650.5001
647.7590
647.7590
633.0350
660.2533
639.6551
621.4124
650.4999
646.3961
651.8781
630.4197
661.6674
635.6685
651.8781
645.0383
639.6553
650.4999
668.8173
636.9929
656.0423
651.8778
639.6551
656.0425
654.6492
674.6346
654.6492
640.9935
645.0381
645.0383
642.3369
636.9927
658.8445
650.4999
640.9937
653.2611
646.3963
645.0379
635.6685
656.0425
654.6492
676.1027
625.2454
679.0557
660.2533
653.2611
667.3764
645.0381
646.3963
646.3963
633.0350
629.1193
653.2611
650.5001
643.6849
625.2454
688.0510
640.9935
653.2611
677.5764
631.7249
645.0383
649.1271
640.9937
660.2533
653.2611
631.7251
631.7251
650.5001
627.8234
625.2455
646.3961
638.3213
633.0350
650.5001
642.3369
653.2611
653.2611
639.6553
639.6551
663.0865
630.4200
671.7148
647.7590
650.4999
651.8781
612.6247
625.2455
625.2454
615.1134
651.8781
629.1193
636.9927
654.6490
636.9927
646.3963
627.8235
631.7251
636.9927
627.8234
627.8235
626.5320
642.3369
627.8234
631.7251
638.3215
630.4197
638.3215
636.9929
639.6551
626.5323
639.6551
627.8234
630.4197
654.6492
617.6198
635.6685
635.6687
639.6551
626.5323
638.3215
646.3963
636.9927
618.8795
635.6687
621.4126
640.9937
631.7251
634.3493
645.0383
636.9927
646.3959
625.2454
676.1027
654.6490
625.2454
639.6551
646.3963
654.6490
630.4200
654.6492
635.6687
626.5320
653.2611
643.6852
630.4200
625.2454
620.1439
623.9634
623.9632
599.2396
633.0350
627.8235
643.6851
636.9927
640.9935
630.4200
623.9632
625.2454
620.1437
631.7249
621.4124
660.2533
636.9927
629.1194
625.2454
695.7074
620.1439
639.6551
633.0350
627.8234
643.6852
661.6672
581.7767
629.1193
639.6551
636.9927
651.8781
621.4124
623.9632
627.8234
631.7251
620.1439
613.8668
643.6849
618.8797
617.6199
608.9236
600.4354
626.5323
621.4126
610.1529
600.4356
623.9634
627.8235
634.3495
621.4124
629.1194
596.8597
651.8781
627.8235
621.4126
636.9926
626.5323
604.0483
626.5320
615.1134
633.0347
633.0350
610.1529
610.1531
621.4124
626.5320
613.8670
610.1531
625.2455
607.6985
626.5323
615.1136
606.4774
599.2396
616.3646
615.1136
627.8235
600.4354
623.9634
610.1531
613.8670
616.3646
588.6562
605.2609
594.4959
606.4774
623.9634
606.4775
613.8670
608.9235
622.6857
581.7767
587.5001
617.6198
608.9235
586.3477
804.6996
604.0483
605.2607
610.1531
633.0347
610.1531
601.6357
611.3867
616.3644
620.1439
593.3201
604.0483
593.3203
586.3477
595.6759
613.8670
827.2331
608.9236
601.6357
587.4998
593.3203
593.3203
615.1136
578.3887
594.4961
596.8597
598.0476
607.6983
606.4775
605.2607
596.8597
607.6985
661.6672
611.3867
599.2396
598.0476
590.9801
593.3203
590.9803
558.7452
608.9235
593.3199
601.6357
592.1482
570.6118
594.4957
600.4354
602.8398
490.3669
598.0476
592.1480
582.9139
607.6985
586.3477
595.6755
576.1481
594.4961
586.3477
580.6435
579.5141
599.2394
573.9229
598.0474
592.1480
587.4998
557.6873
599.2394
582.9137
592.1480
587.4998
581.7767
558.7452
592.1484
575.0338
575.0338
584.0544
569.5154
579.5143
596.8596
598.0473
578.3884
578.3885
585.1992
575.0338
571.7120
586.3475
582.9139
600.4356
589.8162
575.0338
581.7767
571.7120
576.1481
585.1992
569.5155
592.1480
567.3333
573.9229
585.1992
578.3885
560.8716
595.6759
568.4225
586.3475
584.0546
572.8156
581.7767
573.9229
587.4999
584.0546
590.9803
584.0544
548.3160
571.7120
566.2476
575.0338
567.3334
581.7767
576.1483
576.1483
582.9137
559.8066
565.1655
578.3885
550.3754
573.9229
569.5154
578.3884
570.6118
578.3885
558.7454
582.9139
557.6873
567.3333
559.8068
564.0868
570.6118
554.5336
561.9399
557.6873
579.5143
569.5155
570.6119
551.4100
555.5814
555.5814
563.0116
552.4479
543.2243
556.6327
547.2914
565.1655
563.0116
585.1992
578.3885
554.5336
601.6357
559.8068
556.6328
550.3754
571.7118
544.2364
528.4180
545.2513
558.7454
542.2157
566.2477
559.8068
547.2914
551.4100
560.8716
566.2477
558.7454
536.2288
555.5816
550.3754
557.6874
565.1655
549.3443
553.4893
557.6874
553.4891
536.2288
542.2155
549.3440
534.2578
531.3245
554.5338
548.3163
544.2364
529.3837
553.4891
535.2417
553.4893
542.2154
548.3160
542.2155
515.2009
568.4227
538.2118
542.2154
527.4550
539.2081
534.2580
534.2578
534.2580
534.2578
535.2419
478.6872
525.5381
530.3525
541.2100
542.2157
578.3885
556.6325
545.2513
564.0868
532.2993
521.7391
548.3161
539.2081
539.2080
517.0549
535.2417
538.2120
423.9010
527.4551
529.3839
525.5381
517.9860
530.3525
519.8569
524.5841
525.5381
536.2287
543.2243
517.0548
528.4180
517.9860
521.7393
512.4407
521.7391
520.7966
524.5841
511.5260
517.9860
523.6329
517.0549
523.6329
517.0549
518.9200
516.1264
528.4180
521.7393
508.7986
518.9202
506.9937
526.4952
513.3580
510.6140
525.5381
502.5280
510.6140
513.3580
507.8948
503.4159
506.9937
519.8570
505.1993
510.6143
518.9202
509.7051
595.6755
509.7049
505.1995
495.5182
505.1995
505.1993
507.8947
469.8292
493.7911
492.9313
499.0027
492.9313
499.8802
487.8246
525.5382
499.8802
501.6429
486.9821
500.7601
497.2554
500.7602
500.7602
499.8802
498.1277
489.5172
496.3856
493.7912
492.0741
489.5170
490.3669
492.0741
494.6535
512.4406
497.2554
504.3062
481.9769
503.4158
493.7912
484.4687
492.9315
492.9313
478.6872
490.3670
481.9769
535.2419
481.1510
486.1419
479.5061
481.9767
455.1516
468.2477
469.8292
481.9769
476.2443
474.6269
481.1510
473.0186
475.4343
468.2477
478.6871
469.0373
474.6268
478.6872
467.4603
481.9769
479.5061
474.6269
440.4966
461.2384
465.1109
463.5555
454.4000
470.6232
430.0035
462.0088
459.7043
458.9403
469.0374
464.3322
460.4704
462.0087
457.4186
464.3323
454.4000
467.4602
455.1517
453.6505
454.4000
450.6725
434.1516
461.2385
443.3654
432.7617
457.4187
455.9053
455.9053
449.9330
451.4140
436.2499
449.1953
446.2648
449.9330
448.4599
440.4966
450.6724
451.4140
452.9030
434.8491
451.4140
447.7262
424.5720
436.9532
455.9053
443.3654
452.1575
430.0036
444.8113
434.8492
445.5373
434.1516
444.0874
438.3650
431.3791
430.0036
430.6904
426.5958
434.8492
422.5639
448.4598
420.5710
427.2739
423.2315
430.0036
427.9536
417.9373
426.5958
424.5721
412.1078
429.3185
421.8979
420.5709
391.8113
472.2180
412.7489
415.3301
416.6303
413.3917
422.5638
415.3300
402.0620
414.0362
413.3917
420.5710
421.2335
417.9372
403.9155
401.4471
401.4472
408.9256
407.6637
399.6119
389.4599
408.2939
400.2221
400.8340
402.0620
405.1586
402.6783
404.5363
397.7898
400.8339
401.4472
400.2221
400.8339
399.6119
382.5389
401.4471
395.3812
400.8340
381.4043
384.2507
390.6328
383.1081
378.5911
379.7124
386.5522
381.4043
381.9709
383.1081
383.6787
388.2926
378.5912
375.2585
379.1512
375.2586
352.1683
380.8390
382.5388
380.2751
380.8390
370.8865
375.8107
378.5911
374.7076
380.2751
370.3456
370.8865
374.7076
370.3456
351.6696
363.4259
373.0625
365.0046
366.0631
365.0046
366.0631
359.7837
360.8184
359.7837
358.2401
358.2401
360.8184
357.7278
349.1923
365.0046
355.6904
359.7836
356.7069
351.1720
344.3183
354.1742
350.1800
348.7000
348.2089
343.8369
341.4445
344.8010
341.9210
345.7693
342.8768
341.4445
342.3984
340.9692
334.4200
336.7365
338.6076
332.1278
338.6076
331.2177
340.9692
334.8813
333.5002
332.5843
329.4089
336.2712
323.6339
329.8598
333.0418
333.5002
324.9528
316.7361
325.8366
324.0726
329.4089
325.3943
318.8674
323.6339
323.1961
321.4540
318.8674
318.0122
334.8813
321.4539
316.7361
308.8310
309.2395
313.3706
318.8675
317.5860
312.1226
309.6489
304.7898
309.6489
307.2049
308.0163
309.6489
306.3966
305.9937
305.9937
303.9910
303.5929
308.8310
308.4232
298.8754
302.4031
300.8276
300.0445
303.1955
298.4873
297.3273
302.4031
298.4872
293.5092
294.2670
295.4090
296.1741
292.3780
291.6276
286.8184
291.6276
286.8184
285.0000
284.2774
290.5071
286.0890
286.0890
285.7253
284.2774
280.3512
281.4140
276.1586
278.9434
277.5459
274.7816
271.0462
274.4389
265.4174
272.7348
269.3727
271.0462
273.0744
271.3827
272.0576
262.5061
238.2519
269.0398
269.7061
264.4417
266.7264
265.0916
261.2269
264.1177
266.7264
266.3982
261.8654
266.3983
261.8654
250.4084
257.7555
254.0439
256.8204
254.6571
259.3251
253.7380
254.9645
256.5097
251.9140
251.9140
254.3502
246.5534
246.5533
244.2228
252.5200
250.4084
249.8098
245.3842
241.9235
243.6451
237.9727
239.9366
239.3732
241.3534
237.1379
239.3732
238.2519
238.2519
237.4157
235.7558
234.1122
234.1121
230.3388
228.2207
230.6055
228.7477
231.6766
227.9578
227.6953
220.5137
220.5137
224.8360
224.3215
226.1295
221.2681
222.2794
219.2643
218.7672
218.0246
218.2717
218.7673
220.2631
212.6822
219.7629
215.5738
213.8806
211.7301
209.8432
209.1414
209.8431
209.1415
211.2562
207.9790
207.7475
204.3170
204.3170
203.8653
204.0910
203.8653
206.3660
202.2952
198.3310
200.3000
198.9845
193.4146
198.3310
195.9593
195.5321
195.1062
194.6814
195.1061
197.4642
191.7422
191.1200
190.0889
191.9502
186.4365
188.0484
184.4468
189.4737
187.6437
181.7073
183.4624
175.8251
183.6587
181.1272
181.7073
179.2103
176.9443
181.3203
179.7827
177.8840
176.7572
177.1318
171.2573
171.6172
171.9780
171.6172
171.6172
170.5405
168.9414
169.4724
169.4724
167.7107
166.8385
165.7993
166.8385
162.7297
160.7224
163.2363
162.5612
158.9091
154.0896
158.7455
159.2369
160.2253
157.9306
156.7984
157.2824
155.3571
154.5634
151.2831
150.6678
150.3613
152.3671
151.1290
150.0555
150.5144
147.4864
150.2083
145.8520
143.5128
144.8231
147.0385
141.0757
142.7909
141.7874
141.6448
141.3599
139.9457
137.7170
139.1051
136.7550
129.3300
135.6649
135.1237
131.7964
133.7814
132.4543
131.5343
130.7515
131.4035
130.6216
129.7159
127.9259
126.4137
129.7160
125.2926
134.3165
125.9140
125.5408
124.6746
122.3566
122.2359
122.7194
120.4414
120.4414
118.7925
119.1438
118.4424
118.0934
116.5937
117.9773
115.9085
115.3408
113.9905
113.2106
113.5441
114.6636
111.0132
111.1220
110.5792
109.3947
109.5019
108.8607
108.0120
107.2750
106.5432
108.2236
102.4585
104.1746
104.1746
104.4805
101.8597
99.6941
99.8891
99.0148
99.0147
98.4361
97.3840
97.5745
96.3430
96.2489
94.3857
95.4060
93.8336
94.1093
93.4673
92.0159
92.5576
92.4671
91.1197
90.3203
89.2647
90.6747
87.1883
87.9616
87.7031
86.5063
85.1570
84.7394
85.8292
84.4897
84.6561
83.4155
83.8271
82.8422
83.3333
81.3041
81.8677
81.1437
80.9836
79.3193
78.6153
79.3193
78.8494
78.1491
77.3006
76.6124
76.4602
76.0052
75.4772
74.8031
74.4308
74.5795
72.7384
72.7384
71.3650
71.0786
69.9427
69.3803
70.0838
70.7220
68.7521
67.2359
66.5557
66.0155
66.0155
63.6275
64.7465
65.5457
64.6803
63.3012
61.4979
61.6892
65.4120
64.8792
61.2436
60.8003
60.8003
60.7372
60.1088
59.7964
59.4852
58.9898
58.0083
57.6433
57.9473
56.6183
55.6066
55.4884
56.3194
55.7249
55.7249
54.6663
53.5642
53.1049
53.2195
53.1622
53.1622
52.3644
53.0477
51.4067
51.2389
51.0715
50.0200
49.3634
48.4967
47.8000
48.1743
48.7124
48.5506
47.8000
46.1124
46.3213
46.7407
46.3736
45.4895
43.3504
43.9045
43.4508
42.9002
45.5412
43.1500
42.3538
41.9590
42.0082
41.2246
40.7876
41.0301
40.6909
39.7784
39.3504
39.0664
39.0192
39.5879
38.3149
38.8307
38.0817
38.4084
37.8957
38.1282
37.2946
36.9274
36.6076
36.7902
35.9726
36.6532
35.2987
35.2540
35.3434
35.7922
35.2094
34.6758
33.7083
33.8832
33.4034
33.6647
32.2403
33.1865
33.4904
32.4113
32.7978
32.7117
31.7722
32.3685
31.5183
32.4541
31.7722
31.0133
31.6874
31.1812
30.2632
30.6789
31.1812
30.7206
30.4291
31.6451
31.2232
31.5183
31.3917
32.4541
32.5828
33.5775
33.4469
33.6211
34.4105
34.4988
35.2094
35.1647
35.3882
36.2894
36.8816
37.2946
37.8957
38.2215
39.7307
39.6831
40.2572
40.4978
41.6153
41.9590
42.2549
43.1500
43.8035
44.7182
43.9551
45.4895
46.0603
46.3213
46.9514
47.9602
48.4967
49.5270
50.2401
48.8746
51.4627
51.6871
52.3077
53.9106
53.6219
55.1938
55.6658
56.4388
56.9786
57.7648
58.9281
59.1134
60.2968
60.9267
62.0732
61.8810
64.4158
65.6797
66.0155
66.4880
67.8529
67.8529
69.0307
69.1005
70.7932
70.2960
71.7243
72.3023
72.8113
73.4702
74.8031
75.0272
75.7785
76.9941
77.9942
79.4764
77.1472
79.8706
80.9036
82.8422
85.5766
83.0056
85.1570
84.9062
85.9980
86.8467
87.0174
89.2647
88.5675
95.0338
92.4671
92.1961
92.8296
92.5576
95.9671
95.2197
95.5927
97.9565
97.6698
98.3400
99.5968
100.8696
101.1656
101.6609
103.4645
104.4805
104.2764
104.5826
106.5432
108.0120
108.3295
108.6479
110.0392
109.5019
112.7675
112.7675
112.7675
115.0017
115.7948
115.9085
116.9380
119.8497
118.3259
117.7454
119.9678
122.1154
124.5514
123.9374
124.9214
125.1687
125.2926
126.0387
128.0529
127.9259
129.4585
130.1032
130.8816
132.3224
133.3817
134.3165
135.6650
135.6650
136.3450
138.1317
138.6870
139.2448
140.5094
140.3682
143.2235
144.3848
143.0791
147.0385
145.8520
147.6361
148.0862
147.9359
150.3613
148.5378
150.8213
150.5144
152.9907
153.4605
154.5634
155.6760
157.6061
157.6061
157.9306
160.0601
159.5655
163.0672
163.7449
162.5612
163.7449
163.5752
166.1448
167.0125
171.2573
169.2952
169.8275
170.1835
178.4509
171.9780
175.6395
171.2573
177.5074
172.3398
181.7073
179.5916
180.7417
184.6445
180.7417
183.2662
184.0522
185.0408
187.4418
185.4382
190.2945
184.4468
190.0889
188.0484
193.8356
190.0889
194.8936
192.1585
195.5321
190.9132
198.9845
202.5185
201.4052
200.3000
200.3000
199.8602
202.0721
203.1904
204.9970
205.2243
207.5164
207.5164
209.8431
208.4429
212.2054
207.5164
208.6754
208.4429
214.1214
211.9676
211.7301
216.5496
219.5134
218.5193
222.5333
221.0163
217.5314
222.5333
224.0648
221.2681
223.8085
222.5333
225.6109
224.3214
227.6954
229.2763
241.9235
231.1402
231.9454
241.0691
233.5679
234.1121
235.2062
235.7559
237.4158
238.5315
240.7853
242.4954
241.3534
243.9337
260.2736
245.9678
247.7305
245.3841
245.9678
246.2603
245.3842
252.8237
250.7085
254.9645
250.4084
253.4327
255.5810
255.2724
257.1316
256.1996
254.0438
254.9645
260.5908
259.6407
262.5061
258.0684
255.8900
268.3759
267.7143
265.4174
267.7143
268.3759
267.3844
275.4689
273.4146
271.0461
271.7198
270.7103
274.0968
280.7049
276.5045
274.4389
277.5459
275.8135
278.2433
279.9983
281.0591
280.7049
280.7048
281.4140
276.1586
283.1986
285.0000
286.8184
280.7048
288.6541
290.1351
294.2670
295.0276
287.1842
290.8799
290.5071
292.0024
293.5092
291.2533
321.8882
292.7544
294.6469
299.6540
296.1741
298.0999
305.5916
301.6138
300.0444
305.1903
305.9937
306.3966
312.1226
302.0081
307.2049
304.7898
312.9538
310.0592
304.7897
310.0591
317.5860
316.7361
316.7361
318.0122
326.2799
319.7261
314.2068
319.7261
327.6153
322.7592
320.1567
331.6724
327.6153
328.9591
333.0418
330.7641
331.2177
336.2712
329.8598
334.4200
344.3184
328.9592
339.5492
336.2712
333.0417
336.2712
331.2177
366.0630
330.7641
343.3563
346.2552
347.7189
345.2847
346.2552
351.1718
344.3184
348.2089
352.6681
355.1840
357.7279
368.7305
358.7534
353.1690
353.6711
352.1683
350.6754
358.7535
356.7069
360.3005
360.3005
362.3794
374.7076
366.0631
364.4771
365.0046
362.3793
362.9020
364.4772
362.9020
374.7076
363.4259
366.5941
374.1580
376.9190
373.0625
382.5389
375.2585
380.2751
380.2751
385.3987
378.5912
379.1512
381.9709
371.4286
386.5521
380.8391
374.7076
384.2507
379.1512
392.4027
383.6787
396.5825
384.8240
385.3987
385.9748
380.8391
390.6327
390.0456
385.3987
390.6328
393.5898
379.1511
388.2927
402.6783
385.9748
393.5898
391.2214
402.6783
401.4471
403.9155
390.6329
399.6119
403.2961
355.6905
390.0457
403.2961
401.4472
405.1587
405.7826
396.5825
412.7490
410.1937
407.0351
401.4472
403.2961
412.1078
408.2939
412.1078
397.1855
418.5932
407.0352
412.1077
408.2938
415.9793
418.5933
414.6823
422.5639
415.3301
419.9100
421.8979
413.3918
427.9536
425.2450
433.4556
417.2830
423.2315
419.9101
429.3184
423.9010
432.0694
442.6454
450.6724
441.2111
423.9010
431.3791
429.3184
425.2449
430.6904
435.5487
454.4000
432.7617
439.7843
441.2110
434.8492
444.8113
443.3654
438.3649
441.2111
448.4599
445.5370
441.9272
432.7616
443.3654
441.9273
448.4599
435.5486
442.6453
448.4598
453.6505
440.4966
450.6724
438.3649
460.4704
449.1953
461.2384
454.4000
457.4187
449.9329
450.6725
453.6504
455.1516
463.5556
455.1517
462.0087
458.9403
455.9053
461.2385
453.6505
458.1784
469.0374
462.0087
471.4194
465.8920
469.8292
468.2477
434.1516
455.9052
465.8920
468.2477
462.0087
462.0087
477.0563
475.4345
456.6609
477.8705
477.0560
470.6232
460.4703
463.5555
471.4194
458.9404
477.0563
473.8217
477.0563
468.2477
478.6871
478.6872
478.6871
490.3670
470.6234
478.6872
505.1995
477.8705
473.8217
484.4687
497.2554
507.8947
479.5061
481.9769
494.6535
484.4687
485.3042
491.2193
494.6535
497.2554
495.5183
484.4688
494.6535
488.6696
490.3669
481.9767
506.9937
487.8247
486.9820
511.5260
490.3669
494.6535
492.9313
493.7912
499.8800
481.9769
492.9315
490.3670
504.3064
516.1265
508.7986
498.1277
495.5182
496.3856
494.6534
495.5183
499.8800
496.3856
499.0025
600.4356
507.8947
494.6535
509.7051
500.7601
508.7984
499.0025
503.4159
498.1277
493.7911
506.0954
511.5260
508.7986
508.7984
516.1265
501.6427
506.0954
514.2781
519.8570
515.2008
517.0549
509.7049
526.4951
520.7966
514.2781
509.7049
523.6329
522.6846
509.7049
509.7049
513.3579
520.7966
501.6427
530.3527
528.4179
522.6846
513.3580
576.1481
545.2513
536.2288
534.2580
522.6846
526.4952
540.2075
522.6845
526.4952
527.4550
528.4179
547.2912
525.5381
532.2991
527.4551
531.3243
529.3839
525.5382
559.8068
519.8569
541.2098
538.2120
538.2120
534.2580
540.2075
539.2081
537.2189
523.6329
539.2081
528.4180
541.2100
528.4179
533.2771
542.2154
541.2100
552.4479
545.2513
536.2287
538.2118
540.2075
551.4100
533.2771
540.2075
543.2241
540.2075
553.4893
559.8068
568.4227
532.2993
552.4481
536.2288
540.2075
555.5816
549.3440
542.2154
549.3440
545.2515
532.2991
524.5840
556.6328
560.8716
550.3754
547.2912
547.2914
525.5381
547.2912
556.6328
556.6328
540.2073
555.5816
563.0116
571.7120
553.4893
557.6874
538.2118
505.1995
548.3160
567.3334
548.3161
567.3334
560.8716
558.7454
566.2477
554.5338
553.4891
556.6328
555.5816
556.6328
577.2666
555.5816
561.9397
650.5001
561.9399
555.5814
556.6328
570.6119
546.2697
537.2187
570.6119
569.5155
549.3442
554.5338
558.7454
541.2100
564.0868
571.7120
560.8716
571.7120
559.8068
553.4891
521.7391
565.1653
563.0114
557.6874
576.1481
568.4227
553.4893
552.4479
572.8156
559.8068
593.3199
555.5816
564.0866
566.2476
570.6118
565.1655
566.2477
580.6437
561.9399
578.3885
571.7118
572.8154
550.3754
576.1481
569.5154
550.3754
568.4227
592.1480
590.9801
546.2698
590.9801
576.1483
565.1653
559.8066
569.5154
577.2666
559.8066
572.8154
579.5141
589.8162
567.3334
587.5001
539.2081
575.0338
560.8716
568.4225
567.3334
581.7767
573.9229
580.6437
573.9229
636.9927
601.6357
567.3334
567.3334
558.7452
548.3161
613.8670
552.4479
613.8670
564.0868
579.5143
606.4775
608.9235
578.3884
572.8156
572.8156
582.9139
616.3644
576.1481
587.4998
586.3475
617.6199
585.1990
473.0186
578.3885
612.6247
573.9227
593.3199
575.0336
587.4999
598.0476
622.6857
620.1439
578.3885
584.0544
586.3475
594.4957
594.4959
588.6562
617.6198
582.9137
606.4774
595.6757
594.4961
592.1480
592.1480
580.6437
599.2394
627.8235
594.4959
564.0866
608.9236
615.1136
587.4999
563.0116
588.6559
605.2607
589.8162
587.5001
605.2609
598.0476
577.2664
594.4961
613.8670
611.3867
622.6855
598.0476
605.2609
590.9803
605.2607
602.8399
625.2454
587.4998
585.1994
604.0482
616.3646
586.3475
610.1531
596.8597
606.4775
598.0474
626.5323
601.6355
599.2394
594.4959
596.8597
607.6983
612.6245
608.9235
605.2607
594.4961
612.6245
617.6199
631.7251
605.2609
599.2396
626.5323
595.6755
581.7769
590.9803
602.8399
598.0474
606.4775
600.4356
626.5323
636.9927
617.6199
598.0474
601.6355
627.8235
616.3646
604.0482
593.3199
593.3201
605.2607
602.8398
585.1994
570.6118
613.8670
590.9801
620.1439
566.2474
630.4200
631.7249
612.6247
724.5471
596.8597
605.2607
608.9235
611.3865
595.6757
595.6759
694.1642
625.2454
613.8670
612.6247
633.0350
605.2607
631.7251
618.8797
633.0350
620.1439
617.6199
649.1271
617.6199
629.1193
569.5154
642.3369
617.6199
627.8235
625.2454
613.8670
617.6199
627.8234
623.9634
616.3646
635.6687
630.4197
612.6247
626.5323
606.4775
620.1437
633.0350
626.5320
612.6245
630.4200
627.8235
615.1134
623.9634
607.6983
629.1194
616.3644
623.9634
640.9937
630.4200
599.2394
620.1439
618.8797
630.4200
606.4775
611.3865
642.3372
602.8398
634.3495
572.8156
610.1529
642.3369
635.6687
639.6551
613.8668
630.4200
626.5323
626.5320
627.8235
630.4200
599.2394
621.4124
650.4996
630.4200
630.4200
623.9634
634.3495
622.6857
631.7249
621.4124
635.6687
623.9634
636.9927
622.6855
630.4200
664.5114
629.1194
645.0381
629.1193
642.3367
642.3367
635.6687
622.6857
627.8235
638.3215
617.6199
633.0350
588.6562
657.4407
618.8795
620.1437
639.6553
663.0865
610.1531
630.4200
623.9634
611.3867
625.2455
621.4124
640.9935
633.0350
635.6687
667.3764
626.5320
631.7253
640.9935
631.7251
643.6852
636.9927
635.6687
627.8235
646.3963
639.6551
650.5001
595.6757
617.6199
651.8781
631.7249
633.0350
631.7251
634.3495
646.3963
657.4409
634.3493
610.1531
638.3215
623.9632
629.1193
653.2611
651.8776
625.2454
630.4197
635.6685
667.3766
639.6551
636.9927
631.7251
612.6245
650.5001
638.3215
635.6687
640.9935
639.6551
645.0379
626.5320
625.2455
626.5320
651.8781
629.1194
642.3367
592.1482
646.3963
646.3961
643.6849
680.5404
634.3495
620.1439
629.1194
775.6805
651.8781
651.8781
636.9927
643.6849
636.9929
627.8234
639.6553
640.9935
646.3963
647.7592
616.3646
651.8781
630.4200
790.9219
649.1270
640.9937
630.4200
634.3495
647.7590
671.7150
631.7251
630.4200
642.3369
622.6855
633.0352
643.6851
653.2611
914.5266
627.8234
617.6199
697.2568
639.6551
636.9926
654.6492
653.2611
656.0425
668.8171
635.6685
665.9411
651.8781
639.6553
650.5001
618.8797
802.7056
647.7592
636.9927
629.1193
653.2611
618.8795
640.9935
651.8778
573.9227
631.7251
643.6851
633.0350
651.8781
631.7249
645.0383
594.4961
631.7251
654.6492
630.4200
639.6551
661.6674
673.1721
638.3215
649.1270
646.3961
650.5001
631.7249
645.0383
651.8781
623.9634
617.6198
646.3961
633.0347
643.6852
635.6687
642.3369
646.3961
639.6551
646.3963
658.8445
639.6553
649.1270
645.0381
663.0865
677.5764
649.1270
645.0383
645.0383
667.3766
629.1193
635.6685
665.9413
640.9937
647.7590
636.9927
654.6492
649.1271
654.6492
629.1193
650.4999
744.9634
647.7590
654.6492
642.3369
636.9929
660.2531
656.0425
625.2454
783.2356
650.5001
670.2634
640.9937
656.0425
642.3369
640.9935
645.0383
617.6199
653.2609
640.9937
639.6551
646.3961
638.3215
651.8781
653.2611
640.9939
649.1271
654.6492
650.5001
804.6999
651.8781
638.3215
649.1270
639.6551
656.0423
650.4999
650.5001
649.1271
653.2611
663.0867
634.3493
658.8445
642.3372
651.8778
663.0867
673.1718
650.5001
645.0381
664.5114
660.2533
670.2634
663.0865
645.0381
667.3766
640.9937
635.6687
668.8173
593.3203
653.2611
660.2531
638.3217
667.3764
653.2609
668.8173
664.5114
645.0381
676.1027
650.5001
639.6553
663.0867
663.0865
668.8173
658.8445
638.3215
654.6490
668.8171
651.8781
650.4999
650.4999
653.2609
673.1721
680.5404
647.7590
643.6851
636.9929
654.6492
622.6857
685.0296
694.1642
661.6674
657.4407
654.6492
651.8778
668.8173
683.5276
647.7590
610.1529
661.6674
667.3764
660.2531
686.5374
665.9413
665.9413
657.4409
576.1481
647.7590
654.6490
658.8445
646.3963
653.2611
635.6685
663.0867
668.8171
647.7590
658.8443
674.6346
613.8670
668.8171
670.2634
651.8781
668.8171
663.0865
649.1270
643.6849
668.8171
658.8445
660.2533
634.3493
686.5374
676.1027
663.0865
665.9413
663.0865
647.7590
682.0312
677.5764
677.5764
642.3369
653.2609
653.2609
654.6490
661.6672
674.6346
674.6346
636.9927
676.1027
665.9411
667.3766
674.6346
653.2611
642.3369
665.9411
657.4407
673.1721
670.2632
818.9106
664.5114
665.9413
664.5111
674.6346
657.4407
670.2634
649.1271
674.6346
848.7150
661.6674
677.5764
653.2609
668.8173
645.0381
665.9413
660.2531
645.0381
670.2634
661.6674
683.5276
646.3963
657.4409
701.9409
663.0865
670.2634
650.4999
682.0312
643.6851
661.6674
671.7150
705.0941
600.4354
656.0425
686.5374
664.5114
680.5406
667.3766
670.2632
665.9413
656.0425
658.8445
661.6674
650.5001
657.4409
680.5406
658.8443
658.8445
649.1270
674.6346
622.6857
667.3766
667.3766
661.6674
656.0425
660.2531
670.2634
670.2632
647.7590
671.7148
691.0958
653.2609
670.2634
676.1027
667.3766
683.5276
658.8445
665.9413
695.7074
646.3961
674.6346
653.2611
689.5705
670.2632
673.1718
787.0621
688.0508
656.0425
674.6346
677.5762
656.0425
673.1718
661.6674
736.3350
657.4409
661.6674
677.5764
665.9413
664.5111
674.6346
665.9413
625.2457
667.3766
674.6346
682.0312
705.0941
661.6672
674.6346
676.1027
646.3961
674.6346
673.1721
674.6346
661.6672
689.5705
683.5276
643.6849
679.0557
593.3199
671.7148
663.0867
649.1271
649.1271
665.9411
656.0423
676.1027
680.5404
667.3766
663.0865
653.2611
668.8171
683.5276
668.8171
671.7148
676.1027
700.3730
674.6346
668.8171
683.5276
667.3766
671.7148
676.1027
670.2632
654.6492
683.5276
677.5764
658.8445
670.2634
668.8173
661.6674
668.8173
671.7148
673.1718
670.2632
667.3764
685.0296
664.5114
688.0510
794.8152
682.0312
673.1718
668.8173
686.5374
676.1027
615.1136
674.6346
685.0296
673.1718
667.3766
657.4407
661.6674
670.2632
670.2634
796.7747
676.1025
674.6346
654.6492
656.0423
654.6490
665.9413
665.9411
653.2609
673.1721
682.0312
676.1027
698.8117
553.4893
674.6346
661.6672
657.4407
682.0310
670.2634
683.5276
677.5764
668.8171
638.3217
676.1027
667.3766
676.1027
653.2611
676.1025
671.7148
645.0383
676.1027
661.6674
667.3766
878.1761
663.0865
665.9413
788.9878
682.0310
673.1718
656.0423
651.8781
649.1270
639.6551
676.1027
646.3961
670.2632
679.0557
664.5114
668.8171
640.9937
685.0296
653.2609
660.2531
695.7074
697.2568
671.7148
676.1027
651.8781
668.8171
636.9926
661.6672
711.4756
670.2632
689.5705
670.2632
650.5001
677.5764
665.9413
689.5705
656.0423
677.5764
674.6344
677.5764
671.7150
686.5374
665.9411
679.0557
682.0312
694.1640
703.5144
689.5705
673.1718
703.5144
674.6346
608.9235
668.8171
673.1721
671.7150
661.6672
673.1721
645.0381
685.0294
777.5570
647.7592
700.3732
665.9413
677.5762
668.8171
692.6271
673.1721
673.1718
670.2634
654.6490
671.7148
667.3766
686.5372
753.7717
724.5471
762.7656
670.2634
667.3764
665.9413
674.6344
708.2723
668.8171
671.7150
679.0555
670.2634
679.0557
703.5139
664.5111
697.2565
665.9411
643.6851
671.7148
667.3764
670.2632
667.3764
682.0312
679.0557
705.0941
622.6855
665.9413
697.2565
671.7148
670.2632
634.3497
651.8781
686.5374
674.6346
676.1025
680.5406
671.7148
686.5374
671.7150
668.8171
674.6346
674.6344
680.5406
680.5406
753.7717
670.2634
657.4409
677.5764
677.5764
692.6271
674.6346
643.6851
673.1721
670.2632
671.7150
695.7074
689.5705
676.1027
671.7150
668.8173
677.5764
665.9411
649.1270
674.6346
654.6492
668.8171
697.2565
670.2634
685.0296
679.0557
663.0865
654.6490
670.2634
682.0310
668.8171
667.3764
713.0869
674.6346
661.6672
671.7150
671.7148
676.1027
671.7150
671.7150
674.6344
676.1025
667.3766
654.6492
674.6346
697.2565
695.7074
679.0555
682.0312
722.8902
661.6672
673.1718
660.2531
660.2531
657.4409
686.5374
643.6852
676.1027
691.0956
670.2632
671.7148
673.1721
673.1718
631.7251
680.5406
719.5963
674.6346
683.5273
680.5406
689.5705
686.5374
686.5374
679.0557
663.0867
668.8171
658.8445
673.1718
689.5705
680.5404
679.0557
661.6674
676.1025
674.6346
661.6674
660.2533
676.1027
779.4420
679.0557
667.3764
664.5114
680.5404
671.7148
674.6346
671.7148
674.6344
668.8173
656.0425
677.5762
697.2565
658.8445
668.8171
667.3764
667.3766
642.3372
671.7150
663.0867
633.0350
621.4126
656.0425
643.6851
647.7590
677.5764
664.5114
663.0867
683.5276
661.6672
667.3764
665.9413
623.9632
670.2634
732.9328
688.0510
667.3766
665.9413
654.6490
692.6273
651.8781
656.0425
654.6492
650.4999
673.1718
645.0381
691.0958
671.7150
656.0423
679.0555
654.6492
668.8171
646.3963
657.4407
573.9229
649.1271
657.4409
661.6674
674.6346
653.2611
663.0867
680.5404
665.9411
635.6685
688.0510
642.3369
673.1718
676.1027
668.8173
670.2634
636.9927
673.1721
647.7590
676.1027
671.7148
667.3764
661.6674
649.1271
700.3732
663.0865
653.2611
667.3766
664.5114
677.5764
677.5764
680.5406
639.6551
661.6674
653.2611
653.2609
671.7150
650.5001
673.1721
633.0352
660.2533
674.6346
668.8171
660.2533
618.8797
670.2632
645.0383
651.8781
658.8445
667.3766
549.3440
663.0867
651.8781
658.8443
653.2611
667.3766
668.8173
654.6492
686.5377
651.8781
667.3764
649.1271
650.5001
658.8443
645.0381
594.4957
647.7590
668.8171
629.1194
657.4409
625.2454
645.0383
656.0425
663.0867
643.6851
647.7590
643.6851
653.2609
589.8163
664.5111
630.4200
636.9929
645.0381
654.6492
651.8778
651.8781
658.8443
651.8778
658.8445
647.7592
673.1721
658.8445
640.9935
670.2634
676.1025
653.2611
671.7148
635.6687
626.5320
670.2634
654.6490
626.5320
650.5001
645.0383
654.6490
640.9935
664.5111
665.9413
618.8797
625.2455
630.4197
638.3215
688.0510
670.2634
649.1271
721.2399
610.1531
623.9632
665.9413
656.0425
640.9937
649.1270
640.9937
656.0425
654.6490
679.0557
654.6492
638.3215
633.0350
665.9413
633.0350
658.8443
653.2611
665.9413
638.3215
650.4999
661.6674
631.7251
636.9927
636.9929
650.5001
634.3493
627.8234
636.9927
625.2454
636.9927
615.1134
671.7150
657.4407
596.8596
630.4200
663.0867
638.3217
636.9926
627.8235
635.6687
633.0350
610.1531
654.6490
651.8778
643.6851
634.3497
646.3963
643.6852
646.3963
645.0381
622.6855
612.6247
612.6247
651.8778
621.4124
647.7592
658.8445
653.2611
660.2533
649.1271
649.1271
635.6687
703.5142
649.1270
633.0350
615.1134
625.2454
646.3961
611.3867
642.3367
651.8781
631.7251
646.3963
642.3367
627.8234
629.1193
634.3495
634.3493
642.3369
638.3215
635.6687
642.3369
629.1194
647.7590
592.1480
611.3865
631.7251
626.5323
643.6849
635.6685
634.3495
623.9634
630.4197
635.6685
623.9634
642.3372
620.1437
634.3495
623.9634
627.8234
633.0350
639.6551
645.0383
627.8234
734.6304
623.9634
631.7251
610.1531
618.8797
610.1531
627.8234
634.3495
630.4200
630.4200
621.4126
629.1193
636.9927
651.8781
612.6245
640.9935
627.8234
631.7251
640.9937
631.7251
621.4124
629.1194
627.8235
615.1134
606.4774
605.2607
636.9927
596.8597
625.2455
633.0350
607.6983
623.9632
601.6355
630.4200
630.4197
617.6199
616.3644
734.6304
630.4200
600.4354
627.8234
625.2454
602.8398
607.6985
627.8235
615.1136
626.5323
629.1194
638.3215
703.5144
618.8797
650.5001
639.6551
608.9236
625.2454
606.4775
629.1194
617.6199
625.2454
626.5323
630.4200
608.9236
620.1437
613.8668
743.2233
642.3367
639.6551
612.6247
653.2611
589.8162
658.8445
746.7103
602.8398
617.6199
605.2609
618.8797
631.7251
616.3646
618.8797
630.4200
613.8670
594.4959
613.8670
610.1531
607.6983
596.8596
621.4124
616.3646
620.1437
601.6355
633.0350
630.4200
626.5323
633.0350
664.5114
590.9801
615.1134
618.8797
506.9935
594.4959
606.4775
593.3201
605.2609
608.9236
596.8597
625.2455
588.6559
631.7251
613.8668
682.0312
599.2394
598.0474
611.3865
623.9632
593.3199
590.9801
611.3865
613.8670
616.3646
600.4354
594.4961
623.9632
606.4774
593.3201
606.4775
611.3867
602.8399
594.4957
580.6437
612.6245
584.0544
623.9634
593.3203
596.8597
595.6759
613.8668
605.2609
594.4961
606.4774
590.9801
601.6357
622.6857
604.0483
588.6562
588.6561
590.9801
631.7251
616.3646
600.4356
582.9140
593.3203
592.1480
587.5001
593.3199
576.1481
600.4356
594.4959
595.6757
589.8160
607.6985
611.3867
585.1992
589.8162
570.6118
567.3334
582.9139
585.1990
596.8597
588.6561
584.0544
602.8399
616.3646
638.3217
590.9801
585.1992
586.3475
594.4959
602.8399
585.1992
557.6874
573.9229
584.0544
584.0544
588.6559
587.4998
491.2194
576.1483
577.2666
576.1483
561.9397
578.3885
592.1480
571.7118
575.0336
581.7769
556.6327
596.8597
607.6983
575.0338
563.0116
577.2666
572.8156
556.6328
573.9229
573.9227
576.1483
566.2477
569.5155
570.6119
558.7452
592.1480
580.6437
567.3334
578.3885
581.7769
572.8156
582.9139
581.7767
575.0338
557.6873
575.0338
573.9229
551.4100
556.6327
561.9399
537.2189
567.3333
572.8154
557.6874
588.6562
556.6327
573.9229
564.0866
559.8066
556.6328
572.8154
560.8715
552.4479
547.2914
494.6535
555.5816
569.5155
573.9229
570.6118
550.3754
572.8156
578.3885
563.0116
580.6437
565.1655
547.2914
567.3334
561.9399
565.1655
525.5381
577.2666
580.6437
546.2698
555.5816
556.6328
555.5816
552.4479
555.5816
543.2241
553.4891
551.4102
566.2477
549.3443
553.4891
544.2362
565.1653
536.2287
558.7454
556.6328
568.4227
565.1655
564.0868
573.9229
551.4100
556.6328
557.6874
543.2241
554.5338
550.3756
550.3756
552.4479
552.4481
541.2100
539.2080
559.8068
560.8716
551.4102
631.7251
543.2243
535.2419
525.5382
534.2578
538.2118
557.6874
541.2100
530.3525
529.3837
537.2187
491.2193
539.2080
539.2081
543.2243
541.2098
531.3245
539.2080
546.2698
536.2288
533.2771
531.3243
541.2100
533.2770
547.2912
527.4551
510.6140
524.5841
530.3527
528.4180
531.3243
521.7391
540.2075
543.2243
544.2362
523.6328
535.2419
520.7966
536.2287
518.9200
535.2419
588.6559
518.9200
524.5840
507.8948
511.5261
530.3527
523.6328
538.2120
520.7967
524.5841
513.3579
536.2288
523.6329
523.6329
530.3527
514.2781
507.8948
521.7391
518.9202
514.2781
513.3580
517.9860
514.2781
509.7050
523.6329
526.4951
513.3580
506.0952
486.1419
511.5260
512.4407
504.3064
507.8947
512.4406
520.7967
506.0954
503.4159
512.4407
514.2781
500.7602
516.1265
504.3064
501.6429
499.0025
579.5143
500.7602
502.5280
513.3580
501.6429
504.3064
510.6140
504.3064
501.6429
501.6429
497.2554
506.0952
496.3854
499.0027
501.6427
489.5172
495.5183
493.7911
492.9315
508.7984
517.9860
495.5183
502.5280
484.4688
502.5281
512.4407
494.6534
492.9315
494.6535
496.3856
486.1419
491.2194
487.8246
486.1419
488.6697
491.2194
485.3042
476.2443
486.9821
529.3837
490.3670
487.8247
477.8706
479.5060
478.6872
485.3042
477.8706
478.6871
486.9821
481.1510
482.8051
479.5060
466.6750
468.2479
465.8920
466.6750
479.5061
486.1419
471.4195
460.4704
466.6750
472.2180
474.6268
466.6750
467.4602
473.8216
451.4139
468.2477
468.2477
465.1111
469.0374
467.4602
469.0374
469.8292
473.0186
466.6750
458.9403
458.9404
469.8292
458.9404
457.4186
465.8920
456.6610
462.7810
451.4139
459.7043
468.2477
457.4187
462.7810
465.1111
449.1954
439.0738
444.0875
445.5372
447.7263
441.9272
458.9403
452.1575
448.4599
439.0736
456.6610
447.7263
452.1575
448.4599
447.7263
434.1516
447.7261
442.6454
446.2649
437.6581
439.0736
434.8491
427.2739
441.9272
436.2499
423.2315
436.9531
433.4556
434.8492
431.3790
432.0695
426.5958
432.0695
444.0874
427.9536
422.5638
418.5932
422.5639
419.9100
467.4603
424.5720
427.2738
423.9009
414.6823
415.9794
415.3301
418.5932
416.6304
421.2335
407.0352
410.8301
420.5709
412.7490
393.5898
410.8301
409.5587
407.0351
415.9793
414.6823
405.7827
419.2508
411.4681
411.4681
410.1936
403.2961
418.5933
412.7490
402.0620
405.7826
402.6783
430.0036
410.8301
387.1309
400.8339
394.1855
400.8339
389.4599
401.4472
419.2509
394.7826
403.9155
396.5826
403.2961
394.1855
380.8390
392.4027
386.5522
382.5389
375.8108
393.5899
384.8240
374.1580
388.2927
381.9709
388.8755
381.4043
383.6787
379.7125
382.5388
380.8391
377.4751
381.4043
380.2751
371.9720
378.5912
380.2751
375.2586
378.0325
375.8108
371.9720
384.2506
372.5165
369.8060
370.8866
369.8060
366.0631
365.5333
356.7069
360.8184
365.5333
373.6095
359.2679
365.5333
345.2847
353.1690
356.1982
359.7836
359.7836
357.2168
377.4751
370.8865
351.6695
355.1840
348.2089
359.2680
355.1840
350.1799
347.2299
353.1691
378.0325
355.1840
347.7190
351.1718
346.7420
348.2089
333.5002
335.3436
350.6753
340.0215
341.9210
281.7696
337.2028
335.3436
340.4948
340.4948
305.1903
339.5492
336.2712
329.8598
330.3114
333.5002
326.7241
328.5103
322.3233
329.4089
328.0623
322.7592
330.3114
329.4089
324.5123
324.9529
324.5123
324.5122
323.1962
312.5378
318.8674
321.4540
318.0123
310.8820
318.4394
317.1606
312.9538
312.1226
319.7261
314.6263
319.2963
313.7883
310.4702
305.1902
305.9937
296.1742
306.8004
307.2049
304.3900
300.0444
301.6138
307.2049
298.8755
292.0024
292.0024
282.4828
293.8877
290.5072
296.5578
296.1741
300.0445
283.9171
291.2533
291.2533
294.6469
292.3780
291.6276
289.0232
286.0890
291.2534
284.6384
268.0448
285.7253
281.0591
283.5576
281.0591
281.4140
279.2944
278.9433
278.9434
277.1982
277.5458
279.2943
277.5458
285.7253
276.8510
284.2774
271.3827
269.7062
275.8135
269.7062
268.0447
267.3843
269.3727
272.0575
264.4417
268.0448
270.0402
267.3844
266.0706
263.1490
262.1854
265.0916
261.5459
263.4713
262.1855
259.0102
255.8900
256.8204
254.6571
260.9086
251.3103
249.5112
249.8098
245.3842
254.0439
251.9141
252.2168
249.5112
250.4084
246.2603
247.4354
244.8025
247.7305
246.2603
243.3569
243.6451
239.6546
239.3732
230.8726
239.3731
239.6546
236.3073
236.5837
233.8398
232.7547
238.2519
231.4082
232.2148
228.7477
229.5413
231.4082
227.6954
227.1717
224.5785
227.9577
229.0118
243.0693
227.1717
221.2681
222.7876
222.0260
221.0163
223.8085
220.5137
218.0246
215.8172
220.0128
216.0609
216.7945
214.8459
213.6402
212.2055
212.2054
205.9084
209.8431
208.9082
216.7945
210.5480
207.2857
207.0552
204.5434
206.5955
201.8495
201.8495
202.7421
197.4642
197.0326
201.6272
197.8970
197.4642
200.3000
193.4145
195.3189
196.6024
193.8356
193.4145
189.4737
191.1200
188.6575
187.6437
190.0889
197.4642
186.4365
185.0408
188.6575
184.0522
182.2899
187.8459
183.2662
181.9013
180.9343
179.2103
180.1655
177.3195
177.3194
172.3398
176.7572
171.9780
170.8985
172.3398
171.9780
170.5405
167.8858
168.0612
167.1867
163.7449
168.2368
163.9149
166.3178
169.8275
162.5612
161.7222
150.0555
164.5970
158.4189
157.2824
156.3162
158.2560
158.9091
158.7455
152.5227
155.9957
153.9320
152.2116
152.6785
152.5227
151.7465
150.3613
149.9029
148.2365
145.7045
145.5571
148.9912
145.7045
143.3681
143.5128
144.2390
143.2235
142.7909
142.2165
140.2272
142.5034
140.3682
140.9339
137.5791
136.4815
135.2588
136.2087
134.8540
134.3165
132.3224
132.9834
132.4543
131.4035
130.3621
129.5872
128.6897
128.0529
126.5389
126.6643
127.5460
125.0450
125.0450
123.2050
122.3566
121.5146
120.2043
121.1557
122.4774
118.6757
119.0265
117.9773
116.4792
116.9380
118.5589
113.9905
114.6636
112.9888
115.3408
114.5511
112.8781
112.1062
111.2309
109.5019
110.2549
110.1469
108.3295
107.8009
108.7543
107.9064
107.5902
107.0654
107.9064
104.3784
106.0236
104.4805
102.3585
102.0589
100.6727
100.4762
99.5968
99.7915
99.4995
99.0148
97.0041
96.6258
95.3128
96.4371
95.2197
96.1548
94.5704
94.3857
95.1267
92.4671
90.5860
91.3877
90.4088
89.2647
89.2647
88.1343
87.8754
87.2739
86.3366
85.4925
89.0899
85.3246
83.9097
84.0750
82.9239
83.6622
83.3333
81.4648
81.9485
80.9836
79.7917
79.0840
79.3193
77.4543
78.1491
77.6853
76.4602
75.3269
76.3842
75.4772
76.3842
74.0601
72.7384
74.2081
71.2933
71.9406
70.8645
71.2933
70.3669
70.1545
69.1704
68.0595
70.9358
67.8529
67.7154
68.6826
67.0995
67.0313
66.1503
67.0995
66.1503
65.0786
65.1452
64.0207
63.3012
63.4968
61.6892
61.1167
60.4852
61.1167
60.9267
60.1714
59.2991
59.2371
58.6203
58.0083
58.9898
56.9184
56.6183
56.2001
55.0763
55.0763
54.4329
53.2769
53.7949
53.8527
52.4778
52.5915
55.5475
52.2511
51.5187
51.5748
51.1273
50.4057
51.4067
50.5716
49.8553
49.5816
48.3354
48.1743
49.5270
47.9602
47.4275
46.0603
47.2155
46.0082
42.0575
45.8003
46.1124
44.3102
44.0058
44.9231
43.9045
44.1071
42.7508
43.0500
42.5024
41.6153
41.3709
41.3709
41.4686
39.4928
41.4686
41.2733
41.0786
40.4496
39.7307
39.2082
38.3149
38.8307
38.4552
37.6639
37.6176
36.8359
37.8493
36.4256
36.6076
35.5675
35.4330
35.3882
36.0630
34.8532
34.1463
35.0310
34.5872
32.8839
33.7957
33.4469
33.6211
33.5339
32.9702
32.7117
31.9420
31.8570
32.1549
32.2403
32.5399
31.5182
31.3917
31.2653
31.5182
31.5183
30.8877
30.9714
30.9714
30.9295
31.0133
30.6788
30.1803
32.5399
29.9325
29.6446
30.6789
29.9325
30.2217
30.1803
30.0563
30.6788
31.4338
31.3917
31.6874
31.7722
32.6687
32.9271
33.1865
32.8408
33.2298
33.8394
33.9270
34.0146
34.3664
34.6758
35.2540
35.2540
36.1082
36.8359
36.9732
37.6176
38.1282
38.8307
38.4552
39.1609
40.3533
40.6426
41.4197
42.1068
42.7508
43.0500
43.0000
42.9002
45.1286
44.4630
46.6356
52.6483
47.2685
48.0672
48.9830
50.5163
49.9650
50.6270
52.0250
53.5067
53.2195
53.3342
54.3166
55.9028
56.2001
56.1406
58.0693
57.7648
58.6203
58.3749
60.1088
60.7372
62.0091
61.8810
64.2180
64.8129
65.8139
64.4818
65.6127
67.5781
67.0313
69.4504
69.2403
70.1545
71.4367
73.9861
72.5201
74.0600
74.5795
75.4020
75.4021
77.1472
78.6933
77.1472
78.8494
80.1872
80.9036
81.5452
82.9239
82.5162
83.3333
84.4066
85.7449
86.0825
86.2518
87.5312
89.0899
89.0027
90.0553
90.7636
91.2089
92.1059
92.1059
95.5927
95.0338
95.7797
97.8608
96.8148
98.8215
98.1481
99.6941
101.7603
101.8597
102.8597
102.9603
104.2765
105.6098
106.1273
107.8009
107.6955
108.0120
109.1808
110.1469
110.6876
112.8781
111.5583
114.4387
117.0529
117.3987
117.3986
116.4792
118.6757
118.9095
118.6757
121.3949
121.1557
121.8747
122.1154
125.1687
126.5389
126.7899
127.6725
128.5620
126.9155
130.7515
134.0486
131.0119
135.2588
133.6480
134.0486
136.0725
135.3940
137.3038
142.6471
138.5479
142.0733
138.6870
142.5034
142.2165
142.0733
141.3599
142.7909
144.2390
147.6361
145.8520
151.4373
148.9912
149.9029
149.7505
151.5918
152.8345
154.7218
153.3037
156.1558
156.7984
156.6374
160.2253
160.8885
159.7301
161.8895
162.7296
163.9149
163.4056
165.6269
164.7681
164.4261
167.0125
166.6647
169.4724
171.0778
170.3619
171.6172
170.3619
171.4371
169.2952
170.8985
177.3194
178.2616
178.0727
179.4008
185.2394
182.0955
171.4371
185.0408
185.6373
186.6370
186.8377
187.4418
193.4145
183.0705
191.7422
190.0889
192.9947
192.7852
195.3189
195.3190
198.5485
199.4217
196.8174
198.1139
200.0799
198.9845
203.1904
201.4052
200.5204
202.2951
203.8654
205.2243
205.9084
207.2856
205.9084
207.7475
209.6089
211.4930
211.0198
215.0882
206.3660
212.9211
216.7945
218.5193
217.2854
217.2854
221.2681
218.7672
221.2681
222.2794
221.7729
222.7876
223.2972
224.3215
223.8085
221.5203
229.8067
229.5413
231.4081
232.2147
234.6583
232.2147
233.2963
232.2148
235.7558
232.4845
241.6382
238.2519
242.2092
242.4954
244.2228
237.9727
246.5533
244.8026
246.5534
251.3103
244.8025
245.9678
251.0091
247.1409
251.3103
251.3103
249.5112
255.5810
254.6571
250.4084
253.7380
253.4327
261.2270
260.9086
259.3251
264.1177
258.3817
269.7061
270.7103
263.7942
268.3759
264.4417
266.0707
265.4174
266.3982
269.7062
270.7103
272.3959
273.0744
271.7198
272.7348
273.4146
272.7348
279.2944
275.4689
274.7816
282.1259
278.2433
280.3512
285.0000
281.0591
285.7253
285.0000
286.0890
287.9177
288.2855
290.8799
288.2855
290.1351
290.1351
287.1842
293.8877
292.0024
292.3780
292.3780
292.7543
297.3273
299.6541
296.5578
302.4031
299.2643
303.5929
304.3900
306.8004
305.1903
305.9937
304.7897
305.9937
309.6490
301.2203
306.3966
304.7897
311.2947
310.4702
318.4395
310.4702
320.1567
311.2947
316.7361
317.1606
312.1226
317.5860
309.6489
327.6153
324.9529
321.8882
323.1961
326.7241
333.9596
327.1693
331.6723
327.1693
335.3437
330.3114
333.5002
340.9692
335.8069
338.1384
333.5002
338.1384
342.8768
343.8369
332.5843
350.6753
338.1383
341.9209
341.4445
349.1922
347.2299
346.7419
350.1799
344.3184
343.3562
346.2552
349.6856
351.1719
345.7694
348.7001
347.2300
376.9191
351.6695
359.7837
368.7304
353.1690
353.6711
361.8579
408.2939
362.3794
361.8579
360.3004
407.0351
359.2679
360.3004
366.5941
367.1264
365.5333
363.4259
354.6785
371.4287
367.6599
373.6096
374.7076
373.6095
370.3456
370.8864
374.7076
378.0325
377.4752
380.8390
381.9709
383.6787
374.1580
381.9709
379.7125
386.5521
388.8756
383.1081
371.9720
390.6328
387.7111
393.5898
393.5899
390.0456
386.5522
385.9748
395.3812
389.4600
397.1855
394.7826
387.7111
396.5825
395.3812
395.3812
381.4043
395.3812
399.6118
392.4028
403.2961
402.0620
408.9256
405.7827
403.2961
399.6119
403.9154
407.6637
407.6636
408.2939
417.9373
408.9255
406.4081
410.1937
412.1078
406.4081
400.8339
413.3918
411.4681
419.2508
407.6636
419.2508
371.9720
415.3300
416.6304
412.7490
411.4681
422.5639
419.2509
430.0036
421.8979
423.9010
434.1516
423.2315
419.2508
419.2508
442.6454
421.2336
419.9100
422.5639
436.2500
419.2508
375.8108
431.3791
344.8010
430.6904
436.9532
433.4557
440.4967
432.0694
436.2500
428.6351
434.8491
441.2111
434.8492
444.0875
446.2650
432.0694
445.5370
443.3656
444.0874
430.0036
448.4599
440.4966
451.4140
453.6505
449.1953
432.0694
444.8114
443.3656
441.2112
456.6610
455.1517
441.9272
458.1785
458.1785
444.0874
442.6453
454.4001
460.4704
453.6505
468.2477
465.8920
449.9329
439.0736
463.5556
456.6610
449.9330
457.4186
447.7263
470.6232
442.6454
431.3790
466.6750
468.2477
471.4195
470.6232
481.9769
463.5556
464.3322
470.6234
470.6232
545.2513
478.6872
477.8706
476.2443
477.0563
481.9769
455.9053
465.8920
468.2477
485.3042
483.6358
469.0373
472.2180
476.2443
471.4194
482.8050
478.6872
477.8705
477.8705
481.9769
491.2194
481.1508
486.9821
478.6871
472.2180
495.5183
494.6535
486.9821
483.6358
468.2477
477.0562
468.2477
541.2100
497.2552
496.3856
480.3273
495.5183
497.2552
489.5172
497.2554
489.5170
494.6535
496.3856
485.3042
506.0952
487.8247
446.9946
501.6429
516.1265
498.1276
499.8800
500.7601
486.9821
487.8247
502.5281
495.5183
484.4687
485.3040
492.0742
506.9936
503.4159
506.0951
517.0549
512.4406
496.3856
495.5183
499.0025
517.0549
502.5280
523.6329
514.2781
510.6143
504.3064
535.2419
508.7986
513.3579
508.7984
496.3854
498.1276
521.7391
510.6141
503.4158
521.7391
516.1264
543.2243
508.7986
584.0546
532.2993
519.8570
524.5841
510.6143
495.5183
519.8570
550.3754
524.5841
518.9202
522.6846
525.5381
517.0548
523.6329
537.2187
519.8569
513.3580
530.3525
517.9860
530.3527
523.6329
522.6846
521.7391
522.6846
532.2991
530.3525
524.5841
534.2578
537.2187
531.3245
540.2073
535.2417
539.2081
527.4550
532.2991
532.2993
555.5816
533.2770
543.2243
536.2288
539.2081
550.3756
543.2241
536.2287
539.2081
529.3839
520.7966
554.5338
537.2187
553.4893
555.5816
555.5816
531.3243
531.3245
534.2580
534.2580
526.4951
550.3753
538.2120
531.3243
556.6328
540.2075
549.3443
548.3160
542.2155
548.3160
551.4099
545.2513
541.2100
557.6874
532.2991
538.2118
551.4102
555.5816
547.2914
564.0868
551.4100
544.2361
553.4893
554.5338
547.2912
553.4893
560.8716
554.5336
584.0544
558.7452
551.4100
561.9399
557.6874
566.2477
551.4100
553.4891
560.8716
555.5816
563.0116
547.2914
556.6327
551.4100
555.5816
566.2476
544.2362
553.4891
563.0116
552.4479
557.6874
561.9399
567.3334
567.3334
557.6874
557.6874
584.0546
553.4891
555.5814
552.4481
567.3334
557.6874
566.2477
552.4479
555.5814
585.1990
552.4479
569.5155
618.8795
580.6437
560.8716
571.7120
578.3885
570.6118
575.0338
576.1483
571.7120
575.0338
560.8715
567.3333
586.3477
577.2664
556.6328
567.3333
589.8162
561.9399
580.6437
588.6562
584.0544
558.7452
559.8068
565.1655
569.5155
564.0866
568.4227
575.0338
581.7769
556.6328
627.8234
576.1483
577.2666
554.5336
577.2664
551.4100
601.6357
587.4998
572.8154
572.8154
590.9801
589.8162
570.6118
581.7767
571.7118
577.2664
556.6328
587.4999
575.0338
592.1482
595.6759
585.1990
593.3199
573.9227
575.0338
580.6435
592.1480
581.7767
550.3754
586.3475
580.6437
556.6327
576.1483
571.7118
605.2609
587.4999
602.8399
582.9137
611.3867
590.9801
606.4774
586.3475
593.3199
599.2396
578.3885
585.1992
593.3201
631.7249
590.9803
593.3199
595.6757
601.6357
575.0336
590.9801
573.9227
567.3334
573.9229
582.9139
593.3199
578.3884
590.9803
598.0474
592.1482
594.4961
590.9803
586.3475
598.0476
590.9801
589.8162
592.1480
601.6355
553.4893
587.5001
610.1531
589.8163
600.4356
604.0483
595.6755
604.0483
598.0476
585.1992
596.8597
573.9229
592.1484
590.9801
611.3867
620.1439
600.4354
580.6435
604.0483
594.4959
580.6435
595.6759
593.3199
605.2609
615.1136
623.9634
595.6759
616.3646
606.4774
589.8160
585.1992
601.6357
610.1531
594.4959
606.4775
617.6199
610.1529
616.3644
595.6759
613.8670
602.8399
607.6985
612.6247
724.5471
599.2396
618.8795
610.1529
629.1194
607.6985
616.3646
611.3867
612.6247
599.2396
626.5320
625.2455
617.6199
606.4774
593.3199
611.3867
608.9235
612.6247
611.3867
602.8398
607.6983
576.1483
613.8670
610.1531
600.4354
592.1482
605.2607
622.6855
617.6199
631.7251
615.1136
610.1529
607.6983
611.3867
613.8670
627.8234
621.4126
608.9235
634.3495
611.3867
613.8668
602.8399
620.1439
622.6857
617.6199
617.6198
626.5323
623.9634
618.8795
631.7251
608.9236
621.4126
611.3867
608.9235
671.7150
630.4200
627.8234
631.7251
631.7251
617.6198
612.6245
610.1529
625.2455
611.3865
608.9235
617.6199
618.8797
633.0350
640.9939
627.8234
613.8670
630.4200
627.8234
621.4126
607.6985
610.1531
610.1529
611.3865
650.4999
612.6247
622.6855
636.9929
616.3646
605.2607
633.0350
625.2454
625.2454
617.6199
602.8398
618.8795
625.2455
617.6198
621.4126
640.9935
625.2455
631.7251
646.3961
630.4200
639.6551
643.6852
616.3646
629.1193
605.2609
622.6857
634.3495
677.5764
633.0350
691.0958
646.3961
631.7251
622.6855
613.8670
634.3495
625.2454
630.4200
620.1437
626.5320
654.6490
635.6685
621.4124
626.5323
647.7592
608.9235
631.7251
639.6553
630.4200
639.6551
592.1480
621.4124
656.0425
697.2565
640.9935
639.6551
640.9937
627.8234
620.1437
638.3215
636.9927
649.1271
633.0350
646.3963
625.2454
608.9235
629.1193
640.9935
649.1270
639.6551
615.1136
646.3961
633.0347
653.2611
645.0383
643.6851
649.1271
651.8781
631.7251
610.1531
622.6855
634.3493
635.6687
635.6689
639.6551
647.7592
653.2611
622.6857
627.8234
657.4409
650.5001
629.1194
636.9927
629.1193
626.5320
620.1439
643.6852
645.0383
631.7249
686.5374
645.0383
629.1194
650.5001
635.6687
642.3372
643.6851
626.5320
638.3215
642.3369
630.4200
617.6199
623.9632
670.2634
622.6857
645.0383
643.6851
613.8670
568.4227
635.6687
676.1027
656.0425
663.0865
629.1194
630.4197
653.2611
667.3764
653.2611
650.5001
660.2533
651.8781
640.9937
636.9929
598.0474
647.7590
643.6849
633.0350
651.8781
651.8781
600.4356
643.6852
650.5001
642.3367
623.9632
643.6851
634.3493
650.5001
627.8234
658.8445
633.0350
520.7966
646.3961
630.4200
633.0347
635.6685
639.6551
661.6674
656.0425
642.3369
649.1270
647.7590
734.6304
654.6492
654.6492
640.9935
643.6851
643.6851
657.4409
665.9413
630.4200
617.6199
657.4409
683.5273
667.3764
676.1027
653.2611
650.4999
630.4200
631.7249
667.3764
663.0867
634.3495
608.9236
657.4409
663.0867
630.4200
661.6674
638.3215
633.0350
656.0423
643.6852
627.8234
661.6674
618.8795
653.2611
636.9927
650.5001
682.0312
631.7249
676.1025
656.0425
643.6851
639.6551
651.8781
650.4999
661.6672
663.0867
658.8443
649.1271
646.3963
654.6490
633.0350
667.3766
645.0383
658.8445
658.8445
627.8234
785.1447
676.1027
654.6492
650.5001
660.2533
647.7590
729.5579
647.7590
664.5114
663.0867
642.3367
626.5320
751.9954
670.2632
668.8173
646.3963
634.3495
640.9935
686.5374
670.2634
615.1136
633.0350
646.3961
577.2666
656.0425
653.2611
636.9927
640.9937
679.0557
646.3961
651.8781
694.1642
612.6245
673.1721
646.3961
670.2632
661.6674
649.1270
653.2609
654.6492
651.8781
645.0383
657.4409
635.6685
651.8781
657.4409
664.5114
649.1270
657.4407
654.6492
657.4409
706.6801
650.5001
636.9927
654.6492
695.7074
643.6851
663.0865
653.2609
653.2609
658.8445
671.7148
661.6674
653.2611
643.6851
651.8778
673.1721
650.5001
645.0381
661.6672
657.4409
654.6490
660.2531
663.0865
665.9413
638.3217
661.6674
674.6346
660.2533
661.6672
670.2634
709.8705
709.8708
667.3764
668.8173
658.8445
656.0423
670.2634
656.0423
670.2634
653.2611
647.7592
636.9927
658.8445
653.2611
661.6674
654.6492
660.2533
674.6346
664.5111
660.2533
651.8781
661.6674
679.0557
679.0557
654.6492
650.4999
667.3764
663.0865
651.8781
670.2632
668.8171
660.2531
656.0425
664.5114
661.6674
706.6801
650.5001
654.6490
661.6674
647.7590
676.1027
688.0508
660.2531
657.4409
674.6346
674.6346
631.7249
653.2611
673.1721
650.4999
671.7150
679.0557
661.6672
673.1721
635.6685
683.5276
664.5114
685.0296
658.8445
646.3961
667.3764
667.3766
650.5001
658.8443
670.2632
689.5703
658.8445
665.9413
660.2531
660.2531
651.8778
674.6344
670.2632
649.1271
727.8808
683.5276
679.0555
654.6492
677.5764
671.7150
673.1721
689.5705
651.8781
670.2634
668.8171
651.8781
674.6346
656.0423
671.7150
714.7043
667.3764
664.5114
674.6346
630.4197
665.9411
647.7592
695.7074
664.5111
658.8445
654.6492
705.0941
671.7148
640.9935
674.6346
657.4407
667.3766
688.0508
631.7249
665.9413
679.0557
647.7590
697.2565
633.0350
668.8173
686.5372
668.8171
664.5114
647.7590
670.2634
656.0425
694.1644
680.5406
866.6312
656.0425
646.3961
685.0296
651.8781
689.5705
645.0381
694.1642
667.3764
618.8795
661.6674
663.0867
680.5404
685.0296
664.5111
645.0381
665.9413
647.7592
665.9411
667.3766
664.5114
647.7590
682.0312
691.0956
682.0310
676.1027
694.1642
645.0381
653.2609
667.3764
645.0383
700.3732
688.0510
645.0383
738.0466
656.0425
649.1270
676.1027
688.0510
646.3961
670.2634
670.2632
682.0312
665.9411
682.0312
706.6801
667.3766
671.7150
649.1270
677.5764
716.3286
658.8443
665.9411
713.0869
673.1721
664.5111
664.5111
668.8173
645.0383
677.5764
671.7148
739.7649
677.5762
685.0296
671.7148
686.5372
676.1027
656.0423
697.2565
682.0312
668.8171
738.0463
651.8778
670.2634
667.3764
689.5705
649.1270
671.7148
668.8171
674.6346
680.5404
670.2632
665.9413
686.5372
691.0956
665.9413
714.7045
631.7251
679.0557
674.6346
660.2533
676.1027
673.1718
695.7074
674.6346
677.5764
676.1027
643.6851
670.2634
671.7148
656.0425
656.0425
673.1721
683.5276
661.6672
668.8171
676.1027
686.5372
694.1642
691.0958
651.8778
682.0310
679.0555
697.2565
670.2632
665.9413
685.0296
682.0310
646.3961
676.1027
661.6672
653.2611
653.2609
661.6674
682.0312
680.5406
660.2531
658.8445
673.1721
674.6346
673.1721
658.8445
665.9413
657.4409
677.5764
670.2634
680.5404
657.4407
691.0958
667.3766
680.5406
665.9413
654.6492
691.0958
653.2611
661.6672
668.8171
647.7592
676.1025
689.5705
676.1027
682.0312
658.8445
651.8781
912.0198
660.2533
680.5404
674.6346
671.7148
670.2632
686.5374
670.2632
663.0865
677.5762
673.1718
683.5273
689.5705
694.1642
668.8173
670.2634
674.6346
682.0312
685.0294
695.7074
663.0867
673.1721
654.6492
671.7148
660.2531
691.0958
685.0294
680.5406
676.1025
673.1718
676.1027
683.5273
661.6674
667.3764
700.3730
698.8117
676.1027
671.7148
650.4999
665.9413
688.0510
779.4420
691.0958
647.7592
625.2454
677.5764
670.2632
670.2632
674.6346
667.3766
674.6346
657.4407
650.4999
572.8154
683.5276
798.7432
664.5111
670.2634
631.7251
676.1027
657.4407
688.0510
677.5762
670.2632
685.0296
674.6346
676.1027
658.8445
685.0296
664.5111
674.6346
714.7043
679.0557
694.1642
673.1721
689.5705
670.2634
682.0312
682.0312
661.6672
673.1718
653.2609
689.5705
667.3766
677.5764
691.0956
816.8533
664.5111
686.5374
682.0310
783.2356
660.2531
660.2533
651.8778
667.3764
651.8781
753.7717
664.5114
663.0865
668.8171
663.0865
673.1721
716.3286
671.7150
671.7148
660.2531
694.1642
680.5406
685.0296
685.0296
658.8445
660.2533
670.2634
680.5406
679.0555
665.9411
676.1025
691.0958
695.7074
679.0555
676.1027
670.2634
656.0423
679.0555
674.6346
663.0865
665.9411
677.5764
660.2533
647.7590
705.0941
682.0312
683.5276
671.7148
667.3764
674.6346
640.9937
708.2723
689.5705
657.4409
665.9413
670.2632
677.5764
646.3963
691.0958
685.0296
650.4999
695.7076
642.3369
695.7076
658.8443
670.2634
660.2533
677.5762
667.3766
674.6344
670.2632
663.0865
674.6346
668.8173
671.7148
665.9411
695.7074
663.0867
676.1027
674.6346
664.5111
673.1721
698.8117
674.6346
676.1027
781.3347
664.5114
670.2634
683.5276
587.4999
697.2568
679.0557
868.9180
679.0555
657.4407
668.8171
653.2609
665.9411
688.0510
679.0555
653.2611
671.7148
677.5764
658.8443
697.2565
667.3766
695.7074
691.0958
668.8173
670.2632
670.2634
673.1721
668.8173
651.8781
671.7150
654.6490
663.0867
668.8173
657.4407
697.2568
663.0865
649.1270
683.5276
700.3730
676.1027
660.2531
649.1271
676.1027
692.6271
640.9937
682.0312
670.2632
663.0865
665.9413
667.3766
663.0867
647.7592
645.0381
654.6490
636.9929
667.3766
647.7592
661.6674
677.5764
673.1721
667.3766
661.6674
664.5111
646.3961
663.0865
674.6346
663.0867
677.5762
683.5273
667.3766
636.9929
670.2632
640.9937
657.4407
667.3766
670.2634
650.5001
665.9411
673.1721
651.8778
670.2632
663.0865
545.2513
668.8171
671.7148
657.4409
646.3961
661.6674
665.9411
667.3766
626.5325
653.2611
646.3963
689.5705
649.1270
661.6674
664.5114
665.9413
642.3369
674.6346
658.8443
639.6551
633.0350
665.9413
663.0867
697.2565
680.5406
646.3963
668.8171
661.6674
643.6851
661.6674
654.6492
650.4999
680.5406
653.2611
649.1270
661.6674
639.6553
643.6851
671.7148
664.5111
660.2531
650.4999
653.2611
653.2609
660.2533
657.4409
703.5139
649.1271
647.7592
685.0296
661.6672
647.7592
667.3766
646.3961
671.7148
654.6492
668.8171
670.2634
671.7150
657.4407
673.1721
653.2611
645.0381
665.9413
649.1270
661.6672
649.1270
661.6674
676.1027
657.4409
638.3215
658.8445
664.5114
653.2609
670.2634
658.8445
639.6551
654.6492
668.8171
604.0483
665.9413
634.3495
663.0865
656.0425
649.1271
633.0350
643.6851
638.3215
646.3963
664.5114
663.0867
654.6492
663.0865
646.3961
660.2533
626.5323
654.6492
653.2609
647.7592
651.8781
647.7590
626.5320
657.4409
622.6855
646.3961
650.5001
636.9927
646.3963
642.3367
645.0383
634.3493
653.2611
645.0381
682.0312
657.4409
656.0425
635.6687
668.8171
651.8778
650.5001
638.3215
643.6852
635.6687
647.7592
656.0425
667.3764
621.4124
653.2611
642.3369
636.9927
627.8235
643.6851
649.1270
643.6851
625.2454
643.6851
663.0867
653.2611
631.7249
663.0867
658.8445
631.7249
634.3493
622.6855
643.6852
623.9632
658.8445
643.6852
631.7251
643.6851
646.3959
650.5001
645.0381
634.3497
660.2533
643.6852
647.7590
651.8781
657.4409
634.3495
635.6687
618.8795
643.6851
612.6245
650.5001
667.3766
656.0425
676.1027
587.4998
643.6849
650.5001
630.4200
650.5001
638.3215
625.2454
660.2533
616.3644
638.3215
653.2609
630.4200
695.7074
647.7592
631.7251
618.8797
646.3961
631.7251
677.5764
639.6551
647.7590
629.1193
634.3493
620.1437
639.6551
649.1271
739.7649
626.5323
630.4200
626.5323
645.0379
636.9929
626.5320
630.4200
587.4998
653.2611
633.0350
642.3369
645.0383
633.0350
657.4409
631.7251
608.9236
620.1439
643.6852
636.9927
625.2454
627.8234
643.6851
638.3215
620.1439
642.3369
629.1194
555.5816
626.5320
621.4124
617.6199
629.1193
623.9632
653.2611
620.1439
602.8398
634.3495
635.6687
627.8234
635.6687
626.5320
630.4200
613.8670
627.8235
626.5320
629.1194
645.0383
636.9927
617.6198
640.9935
623.9632
636.9927
621.4126
627.8234
627.8235
634.3495
623.9634
615.1136
636.9927
612.6247
616.3644
627.8235
613.8670
623.9634
623.9632
639.6551
685.0294
615.1134
576.1483
625.2455
635.6687
625.2455
621.4126
631.7251
613.8670
612.6247
611.3867
625.2454
635.6685
617.6199
592.1480
631.7251
634.3493
625.2455
682.0312
634.3495
630.4200
607.6983
622.6857
622.6857
612.6247
618.8795
615.1136
623.9634
613.8670
587.4998
613.8668
602.8398
635.6687
615.1134
615.1136
611.3867
608.9235
604.0483
622.6857
599.2394
599.2394
618.8797
599.2394
627.8234
615.1136
610.1529
599.2396
602.8399
604.0482
627.8234
555.5814
602.8398
599.2394
600.4356
627.8235
602.8398
608.9236
612.6247
618.8797
606.4775
606.4774
611.3867
618.8797
615.1136
587.4998
599.2396
613.8668
605.2609
625.2455
620.1437
607.6983
650.5001
611.3867
590.9801
610.1531
593.3203
595.6757
582.9137
579.5143
596.8597
593.3199
598.0476
608.9236
586.3477
580.6435
596.8596
596.8596
557.6873
602.8399
611.3867
590.9801
601.6355
582.9137
599.2394
598.0476
595.6759
570.6119
569.5154
595.6759
622.6857
585.1992
708.2723
576.1481
599.2396
571.7120
600.4356
585.1992
584.0546
589.8163
524.5840
590.9801
580.6435
601.6357
607.6985
608.9236
579.5143
606.4775
585.1990
586.3475
588.6561
581.7767
592.1484
577.2666
588.6561
585.1990
601.6355
593.3203
612.6247
584.0544
586.3475
589.8162
558.7454
588.6561
601.6355
570.6118
580.6437
577.2666
585.1992
587.4998
590.9801
568.4225
580.6437
589.8162
594.4961
558.7454
615.1134
576.1481
573.9229
584.0546
590.9801
611.3867
569.5154
575.0338
570.6118
575.0336
571.7120
589.8162
575.0336
581.7767
567.3334
584.0546
568.4225
584.0546
587.4999
568.4227
568.4227
590.9801
577.2664
558.7452
570.6119
563.0116
573.9229
573.9229
571.7120
569.5154
563.0114
570.6118
577.2664
572.8154
535.2417
561.9397
580.6437
556.6328
532.2991
563.0116
566.2476
566.2476
559.8068
570.6118
575.0338
571.7118
568.4227
554.5336
565.1653
569.5155
563.0116
557.6874
558.7454
579.5143
580.6437
553.4891
552.4479
560.8716
560.8716
547.2914
551.4100
594.4961
585.1992
481.9769
570.6119
536.2287
543.2241
557.6874
561.9399
575.0338
575.0338
558.7454
554.5338
552.4479
556.6328
556.6328
569.5155
559.8066
553.4891
552.4479
554.5338
544.2362
556.6327
538.2120
550.3754
543.2244
545.2515
537.2187
549.3442
548.3161
570.6119
553.4891
535.2417
550.3756
517.0549
533.2771
543.2243
563.0116
552.4481
551.4100
522.6845
513.3580
546.2697
527.4550
512.4406
553.4891
537.2189
545.2513
532.2993
548.3161
535.2417
540.2073
545.2513
542.2155
528.4179
532.2991
544.2364
550.3756
537.2187
533.2770
527.4551
526.4952
536.2288
611.3867
531.3245
605.2607
587.4998
533.2771
528.4179
524.5841
526.4951
541.2100
536.2287
531.3243
551.4102
499.8800
524.5841
523.6328
526.4952
521.7391
517.0549
522.6845
525.5382
531.3245
530.3527
518.9202
512.4407
575.0336
528.4179
520.7967
512.4407
520.7967
523.6329
538.2120
503.4159
536.2288
512.4407
519.8569
497.2552
522.6846
510.6143
505.1993
499.8803
506.0952
494.6535
509.7051
505.1993
520.7966
510.6140
501.6427
521.7393
507.8947
523.6329
493.7911
508.7986
506.9935
506.9937
497.2552
492.9315
502.5281
494.6534
565.1655
516.1265
505.1995
508.7984
493.7911
497.2554
500.7602
494.6535
502.5281
498.1277
499.0025
499.0027
499.0027
493.7912
490.3669
492.0742
500.7602
494.6535
490.3669
492.9315
493.7912
495.5183
492.0741
493.7911
485.3042
492.9315
498.1277
499.0027
481.1508
499.0027
479.5060
489.5172
478.6871
464.3323
459.7043
471.4194
483.6357
489.5170
480.3274
482.8051
479.5061
480.3274
472.2180
443.3656
474.6268
481.1510
468.2477
488.6696
465.1109
468.2477
473.8216
478.6872
445.5372
470.6232
468.2477
470.6231
467.4602
480.3274
469.0374
461.2384
458.9404
468.2477
467.4602
469.8292
462.7810
469.0374
473.0186
462.7811
464.3322
449.9329
473.0186
455.9053
460.4703
434.8491
449.1954
469.8291
468.2477
449.1953
465.8920
437.6581
471.4195
446.9947
462.7811
464.3323
444.8113
449.1954
454.4001
427.2738
421.8979
434.1516
445.5373
452.1575
443.3656
439.0736
444.0874
449.9329
449.1954
466.6750
437.6581
439.0737
436.2500
439.7842
458.1785
423.2316
444.8113
434.1515
425.2449
438.3650
446.9947
430.0035
444.0874
436.2500
425.2449
435.5487
427.9536
432.7616
430.0035
430.6904
427.9536
418.5933
418.5932
419.9100
420.5709
429.3185
432.7617
422.5639
417.2830
432.0695
429.3184
421.2335
420.5710
418.5932
408.2939
427.2739
408.2939
422.5639
427.9536
421.8978
416.6303
418.5933
414.0363
402.0620
406.4081
438.3650
416.6304
417.2829
394.1855
408.9256
400.2221
406.4081
393.5898
399.6118
410.8300
405.1586
403.2961
408.2938
404.5363
405.7827
380.8391
394.1855
394.1855
394.1855
395.3812
398.3958
395.9812
394.7825
394.7825
380.8390
388.2926
402.0620
393.5897
378.5912
385.3986
381.4043
382.5388
380.2751
412.1077
388.2927
380.2751
389.4599
375.8107
374.1579
377.4752
389.4599
378.5911
375.8108
372.5165
380.8390
374.7076
374.1579
374.7076
368.7305
368.7305
371.9720
375.2586
375.2586
366.5941
371.4286
371.9720
362.9020
357.2169
353.6711
369.2676
362.9021
363.4259
354.6785
370.3456
362.3794
362.3793
358.2401
364.4771
357.2169
354.6785
352.6682
349.6856
355.1839
364.4772
340.4948
355.6904
356.1982
349.1923
349.6856
347.7188
343.8369
347.2299
348.2090
323.1962
346.7420
347.7189
348.2089
342.8767
340.9692
340.4948
337.6700
333.9596
341.4445
337.2028
334.8813
340.4948
343.8369
338.1384
333.9596
334.4200
339.0779
334.8813
332.5843
334.8813
327.6153
326.2799
327.6153
329.4089
327.6153
326.2799
323.6339
325.8366
321.8882
323.1962
322.3233
322.3233
319.7261
322.3233
319.7261
319.2963
317.1606
311.2947
312.5378
313.3706
310.0591
310.4702
309.6489
311.2947
303.5929
307.2049
311.7083
306.3966
305.1902
299.2644
304.7898
304.3900
302.7989
308.8310
300.8276
302.4031
298.4873
299.2643
302.4031
301.6138
295.0276
302.7990
290.1351
295.7912
295.0276
292.3781
292.3780
289.0233
293.8877
287.1841
290.1351
288.2855
288.2855
285.7253
279.2943
282.1259
283.9172
279.6460
282.4828
278.5930
277.8943
277.5459
276.1586
277.8943
276.1586
272.0575
272.7348
271.7198
273.7554
268.7076
264.1177
263.7942
267.7143
266.3983
266.3982
272.0576
268.3758
262.8272
269.7062
261.5459
267.3844
258.0684
266.7264
259.9569
261.5459
264.7664
281.7696
259.3252
261.5459
260.2736
254.3502
251.3102
251.3103
251.0091
251.9141
252.2167
246.2603
248.9156
249.5112
249.8098
245.9678
244.5125
263.1490
241.9234
245.6758
244.2229
245.3842
245.3842
245.6757
243.9337
238.8116
240.5019
240.2190
233.2964
245.3841
234.1122
239.6547
232.7547
234.3850
232.7547
229.5413
231.4082
223.2972
227.6954
230.3388
224.8360
226.9105
225.3522
223.0421
226.3894
224.8360
226.1295
220.5137
221.0163
218.7673
223.2972
218.0246
218.7673
212.2055
217.5314
216.0609
215.5738
215.0881
213.1605
212.6822
212.4436
208.9083
211.0198
211.2562
211.2562
208.4429
207.0552
212.4436
203.6401
203.1904
206.5955
204.3170
204.9970
200.0799
201.1835
199.2029
197.0326
197.8970
198.7664
193.6249
198.7664
195.9593
195.9593
190.5004
194.4695
190.9132
190.2945
189.0650
189.2692
191.5345
189.2692
183.4623
186.8377
187.4418
195.5321
186.4365
186.0363
183.0704
180.7417
171.6172
180.7417
180.5493
178.8300
181.5137
176.1972
176.5703
176.3836
177.6956
171.9780
172.3398
170.1835
172.3398
168.9414
169.6498
170.0054
170.1835
168.9414
169.1182
165.7993
163.2363
163.2363
163.9149
162.7297
160.5565
161.0548
160.2253
157.2824
151.2831
158.7455
158.5821
155.9957
156.1558
153.9320
154.5634
151.4374
153.9320
152.6785
151.2831
150.3613
150.5144
149.5983
147.6361
147.3369
148.0861
145.7045
144.3848
143.9480
143.8027
143.5128
141.7874
142.7909
140.7922
140.7922
139.6648
141.2177
139.1051
138.6870
137.4414
136.8919
136.6182
134.3165
135.6650
133.3817
133.2487
131.9277
131.7964
130.8816
129.0734
128.5620
131.9277
127.5460
128.5620
126.0387
124.1826
125.4166
125.2926
124.3054
120.9171
125.7895
123.3267
120.6790
120.3228
121.8747
119.0265
121.3949
119.3786
118.9095
117.0530
118.4424
115.2277
114.5511
117.8613
112.3262
111.0132
112.6570
112.1062
109.3947
111.6677
112.2162
109.1808
107.6955
104.6849
107.9064
105.7131
106.6474
104.5826
107.9064
104.9923
104.6849
103.4645
100.7711
100.2801
98.6286
100.3781
99.1115
99.4024
97.4792
97.4792
97.3840
96.3429
95.4993
94.2935
95.3128
93.2847
94.4780
91.8360
93.6503
91.6564
89.0899
89.6153
91.0305
89.5275
91.0305
88.3073
87.2739
87.2739
87.0174
85.5766
88.1343
86.3366
85.6607
85.3246
86.2518
82.9239
81.3844
81.0636
81.5452
81.7870
81.4648
79.3193
79.7916
81.3844
80.5845
79.4764
79.1624
77.7624
80.5845
76.7649
74.8777
75.5524
75.6277
74.8031
74.3565
74.1341
72.9573
73.9122
72.7384
72.7384
72.5201
71.5804
71.2217
70.9358
68.6826
69.7313
69.1005
67.1677
67.9217
68.0595
67.3727
66.8951
66.1503
66.2177
65.4120
65.3452
63.2361
63.9550
64.0864
64.8792
61.3706
61.3706
60.4224
60.1714
61.4343
60.2968
59.7341
58.2525
56.8583
57.7648
57.8256
58.0083
57.2800
57.1593
56.9786
55.3704
55.4884
55.5475
54.6079
54.2003
53.5067
52.7622
53.3342
52.6483
51.2948
52.8192
52.3077
50.6270
51.5748
50.1300
49.8553
49.3633
49.0914
48.1744
45.9042
47.8000
46.8460
46.4783
45.8003
44.9231
44.9744
43.7530
43.7530
43.5514
43.7025
43.8035
42.8504
42.8504
42.2055
41.8115
42.0575
41.4685
40.7392
40.0174
40.3052
39.7784
40.2092
39.2556
38.7366
37.8957
38.4084
38.6427
38.3616
38.6896
38.4552
37.9421
37.5252
37.8029
38.2215
36.5621
37.8957
36.9732
36.9274
36.7902
37.5714
37.5252
35.8824
35.6573
35.9726
34.4988
34.4105
34.1463
33.8394
33.3600
34.0585
33.7520
33.5775
31.9420
32.2830
31.0972
32.5828
31.9845
32.5828
32.0271
31.7298
34.1463
30.8459
32.1123
30.7206
31.0133
31.3917
30.5955
31.0972
30.0563
30.2217
30.2217
30.0563
30.4707
30.1803
29.9737
29.6856
29.3988
28.9505
29.1132
29.1539
28.5861
