81.7870
83.3333
84.5728
88.2208
89.6153
89.7031
93.2847
94.7555
94.9409
96.1548
98.2440
99.3053
101.7603
101.3634
105.9200
105.1977
105.9200
108.7543
108.7543
110.4710
112.9888
112.1062
113.5441
114.8888
116.0224
115.9085
119.1438
119.0266
119.3786
122.9619
124.0599
122.4774
126.6643
127.0413
128.6897
128.4345
129.7160
130.4917
131.2728
132.8508
134.5849
135.2588
137.0291
141.3599
138.9655
138.4090
137.0290
140.3682
140.7922
140.7922
142.7909
144.8231
146.1476
147.4864
146.1475
147.7859
147.9359
153.7746
148.9912
151.4373
150.8213
152.9907
155.5165
156.6374
157.2824
156.9595
157.4441
157.7682
161.0548
163.5752
161.5550
162.5612
163.2363
164.2555
163.7449
165.4546
167.8858
169.1182
170.0054
170.0054
170.7194
172.5210
170.7194
171.9780
172.3398
177.1318
176.1972
177.3194
179.0201
180.7417
182.2899
181.7073
180.5494
183.0704
182.4846
181.9012
184.4468
187.6437
187.8459
187.6437
187.8459
190.5005
191.3271
192.9946
190.2945
192.7852
191.9502
193.6249
198.3310
198.5485
194.6814
198.1139
199.4217
199.4217
202.2952
199.6408
199.8602
204.0910
203.4150
204.5434
201.6271
213.6402
204.9970
205.9083
207.2856
207.9789
208.2108
210.7838
210.7838
209.1415
210.0778
211.7301
209.1414
211.2562
211.9676
219.5134
211.9675
215.3308
213.6402
219.0156
217.7778
220.2631
217.0397
223.8085
220.0128
223.0422
223.2972
223.8085
224.0648
228.2207
227.9578
229.2763
228.7477
227.1717
226.3894
230.3388
229.5413
229.2763
233.5678
233.0253
235.4808
233.5678
228.7476
236.3073
231.1402
234.3850
236.5838
240.2190
235.4808
235.7558
240.2190
241.0691
239.0922
240.7853
239.6547
240.2190
235.7558
242.7821
246.5534
242.2092
245.3842
245.3842
244.8025
245.3842
226.6498
247.4355
249.8097
250.4084
249.8098
250.4084
249.5112
250.4084
250.7085
252.5200
251.6119
253.4327
255.5810
252.5200
257.4432
257.4433
255.2725
259.3252
259.0102
259.0101
257.4433
255.5809
260.5908
261.8654
261.2269
254.3502
259.3251
264.1177
266.7264
262.5061
267.0550
263.1490
264.1177
265.7437
269.3727
270.0403
268.3759
270.0403
267.7143
269.3727
269.0398
269.7062
278.9434
273.7554
272.7348
270.0403
273.7554
273.4146
276.5045
272.0576
277.1982
273.4146
277.1982
279.6460
276.1587
281.4140
277.1982
277.1982
279.2944
277.1981
287.1842
282.1259
279.9983
281.4140
285.7253
282.8404
283.9172
282.1259
283.1987
285.7253
286.8184
282.4828
289.3932
286.0890
289.7638
290.8799
305.9937
288.2855
288.2855
293.5092
293.8877
294.2670
293.1314
300.0444
294.2670
296.1741
296.5578
304.7897
290.1351
295.0276
299.6541
296.1741
295.7912
299.6541
292.0024
299.6541
299.2644
301.6138
301.6138
302.0081
305.5916
303.9911
308.8310
302.4031
304.3900
309.2396
304.3900
290.1351
306.3966
306.8004
306.8004
305.9937
311.7083
303.9910
306.3966
307.6102
307.6102
308.0163
306.3966
305.5916
328.5103
318.8675
310.0591
312.1226
319.2963
311.7083
308.4232
311.2947
312.5378
316.3124
317.5860
328.0623
310.8820
320.1567
316.3124
312.1226
319.7261
320.1567
316.7361
317.5861
313.7883
320.5883
320.5882
324.9529
324.0727
330.3114
322.7592
318.8674
328.0623
323.1961
317.1606
324.9529
330.3114
326.7241
326.2799
317.5861
347.2299
331.2178
329.4089
319.2963
329.4089
322.3233
326.2799
334.8813
329.4089
329.4090
326.2799
329.8597
334.8813
335.3436
331.6722
329.4089
331.2177
334.4200
337.6701
332.1279
332.5844
333.5002
331.2177
331.6723
338.1384
333.0417
336.7365
331.6724
338.1384
333.9596
333.9596
334.4199
333.5002
332.5843
331.2177
332.1278
333.9596
331.6723
325.3943
331.2177
331.2177
319.7261
331.2177
322.3232
329.4089
330.3114
333.9596
329.8597
345.2847
333.5002
329.4089
330.7640
331.6724
326.2799
324.5122
324.0727
325.3943
322.3233
331.2177
326.2799
323.1961
320.1567
323.6339
318.8675
316.7361
328.0623
323.6340
318.0122
321.8882
323.1961
322.7592
322.7593
319.7261
316.7361
318.0123
318.8674
321.0207
320.1567
313.7883
320.1567
310.4701
321.4540
318.4394
331.2177
310.8820
311.2947
312.5378
312.1226
316.7361
307.6102
312.1226
305.9937
306.8004
311.2947
308.8310
312.1226
302.4031
311.2947
306.8004
307.6102
312.9538
317.5860
306.3966
305.9937
306.3966
298.0998
308.0163
303.1955
302.4031
298.0999
300.8276
294.2669
301.6138
302.4031
299.6541
301.6138
293.1314
304.7898
297.7133
295.7912
297.3274
294.2670
291.2533
292.3780
293.1314
295.4090
293.8877
286.4534
285.3624
293.1314
294.2670
293.5092
289.0232
287.9177
283.1987
288.2855
290.5071
284.2774
285.0001
287.5506
284.6384
263.1490
280.7048
285.7253
283.9172
283.9171
282.4828
281.0591
279.2943
281.0591
276.1587
278.5930
279.6460
280.7048
275.8135
275.1249
272.3958
278.5930
272.3959
277.8943
268.7076
274.7816
272.3959
271.7198
271.0462
270.0403
268.0448
270.3749
268.3758
271.3827
265.7437
255.5810
271.7197
266.3983
264.1177
267.7142
265.7437
265.4174
265.0916
260.9086
260.9086
260.2735
261.2270
260.2736
260.5908
256.5097
257.4433
252.8236
256.8203
253.7380
253.1279
250.1088
255.8900
253.7380
251.0091
249.2131
247.1409
250.7085
245.9678
244.5124
245.3842
244.8025
243.9337
241.6382
238.8116
238.8116
239.0922
238.5315
240.5019
241.0691
238.5315
234.3850
237.9727
236.3073
236.8606
229.0118
229.5413
234.1122
223.5527
235.4808
230.6055
227.9578
229.0118
228.7477
227.1717
227.4333
224.8360
223.0422
219.5134
223.2972
226.6498
224.3215
217.2854
224.5785
217.2853
218.2718
220.2631
213.6402
214.8459
214.3625
215.5738
209.8432
217.0397
208.9083
211.9676
213.6402
211.2562
210.0778
207.7475
204.7700
210.5481
208.6754
205.2243
200.9621
200.3000
197.6805
200.7411
198.5485
196.8174
197.2483
196.8174
194.4695
194.8936
194.4695
194.6814
191.9502
190.5004
190.9132
188.0483
188.0484
186.6370
188.0484
183.2663
184.2494
185.6373
181.1272
181.7073
181.3203
180.5494
179.9739
177.6956
178.6403
177.6956
171.9780
170.1835
172.3398
172.1588
169.4724
172.8842
168.4126
165.6269
167.8858
166.8385
163.7449
162.8983
162.7296
163.5752
164.9394
159.4011
161.7222
158.0932
159.2369
161.3880
159.8950
156.7984
153.9320
153.7746
150.3613
153.6175
153.3037
149.9029
151.5918
147.9359
149.5983
150.6678
144.2390
144.3848
146.2956
145.4100
141.3599
141.5023
140.5094
136.0725
137.7170
136.0725
136.6182
133.7814
135.1237
133.6480
131.1423
131.7964
132.0592
129.3300
128.6897
127.7991
125.0450
126.4137
125.7895
123.0834
122.9619
121.5146
120.4414
119.9678
117.9772
116.8231
115.9085
116.5938
115.4542
114.1024
114.1024
112.5466
110.7960
111.3400
108.1177
109.1808
113.9905
106.1273
104.7872
104.8897
102.7593
102.9603
101.7603
100.0844
99.2084
100.0844
98.8215
97.0990
95.4993
94.4780
97.1939
92.4671
93.1935
92.5576
91.1197
90.4088
90.1435
88.2208
88.0479
87.5312
85.2408
85.0733
83.9923
84.3236
84.1578
81.3041
81.4648
80.9036
78.7713
78.1491
77.9942
76.7649
76.0808
76.9176
74.7285
74.1341
72.3749
74.0601
71.5804
69.3103
70.7220
69.3803
68.1285
68.3359
67.7154
66.9632
66.0829
65.3452
64.9456
66.0829
67.2359
66.8272
69.1005
71.9406
71.6523
73.3233
74.9524
76.3842
77.6082
79.3978
80.5049
80.9836
83.3333
84.4066
84.8228
86.9320
87.0174
88.8283
90.7636
91.6564
92.3767
94.6629
95.2197
96.8148
98.4361
100.5744
100.6727
102.1587
104.9923
104.9923
104.9923
108.0120
109.3948
108.5417
113.6556
112.4363
111.5583
114.3265
115.2277
117.7455
118.6757
119.8497
119.8497
121.9950
122.7194
122.4774
125.7895
127.6725
126.4137
127.9259
129.2016
131.7964
132.4543
131.7964
134.4506
136.7550
136.8919
135.8006
140.0863
141.5023
142.0733
143.2236
145.4100
143.6577
137.1663
148.3871
146.5922
147.9359
152.0564
150.6678
152.2117
152.3671
155.0391
157.7682
164.0851
156.7984
158.7455
160.2253
159.7302
161.0548
164.0851
164.5970
163.7449
165.6268
165.9719
169.2952
169.2951
169.6498
172.1588
171.6172
171.9780
171.6172
171.6172
177.3195
177.6956
181.5137
179.5916
181.9013
182.6797
185.8366
184.2494
183.8553
186.6370
187.6437
188.8611
190.7067
190.7067
190.0889
194.4695
195.9593
195.5321
202.0722
197.6805
200.5204
202.2952
202.7421
197.0327
201.1835
206.3661
203.8653
200.9621
203.1904
207.7475
203.1904
207.0552
204.5433
210.3127
210.0778
208.4429
211.2562
210.7837
209.3750
216.7945
216.0609
214.3625
213.8806
217.0397
217.5314
216.0609
225.8699
218.0246
220.5137
222.7875
221.2681
226.6498
222.5333
224.8360
226.6498
226.6498
228.2207
226.9105
230.6055
233.5678
232.2148
233.5678
232.2147
232.4845
236.8606
238.8116
237.1380
239.3732
237.1380
237.4158
241.3534
240.7853
241.0691
242.2092
244.2228
241.0691
244.8026
246.2603
245.6758
245.6758
247.4355
246.5534
247.1409
251.0091
246.5533
248.0260
250.7085
251.3103
248.9156
246.8469
249.8097
248.3220
252.8237
255.5810
253.4327
256.8203
255.5810
257.7556
253.1279
254.0439
258.6957
257.1315
260.2736
261.2270
263.1490
263.1490
264.4418
265.4174
263.1490
270.7103
266.0707
265.7437
270.7103
270.7103
268.0448
268.0448
270.3750
270.0403
271.0462
267.0551
274.4389
274.0969
272.3959
269.0399
272.3958
286.4533
279.9983
275.4688
269.7062
274.0969
276.8510
276.1587
280.3512
277.5459
273.4146
280.7049
281.4140
279.6460
277.8943
281.0591
285.7253
282.8404
282.1259
287.9177
282.1259
287.1842
282.8404
289.7638
281.7696
285.0000
287.5506
287.9177
284.2775
286.8184
285.7253
289.3931
289.0232
294.2670
291.2534
289.0232
290.1351
292.3781
293.1314
294.6469
292.3780
297.7132
292.3781
293.5092
298.0998
296.9422
295.0276
296.1741
303.9911
296.1741
295.0276
296.9422
302.0081
302.0080
301.6138
307.6102
299.2643
305.1902
296.9422
305.9937
306.8004
306.8004
308.4232
305.9937
301.6138
303.9910
306.8004
305.9937
307.2048
308.4232
299.6540
308.8310
306.3966
307.6102
308.4232
308.4232
305.5916
319.2963
330.3114
312.1226
308.4232
318.8675
306.8004
309.6490
313.7883
312.1226
321.0207
313.7883
294.6469
318.4395
322.7593
318.8675
317.1606
320.5883
318.8675
325.3943
308.4232
316.7361
327.6153
316.7361
321.0207
327.1693
322.3233
321.4539
326.2799
316.7361
325.8366
320.5883
327.1693
329.4089
328.0623
331.2178
331.6722
327.1692
329.8598
330.7640
322.7592
328.0623
331.2177
324.9528
330.3115
329.4089
332.5844
328.0623
326.7242
335.8069
328.9591
328.9591
333.5002
332.1278
330.3114
325.3943
334.4199
336.7365
332.5843
333.9596
340.0215
334.4199
340.0215
339.0779
338.1383
336.2712
341.4445
336.2712
334.4199
333.5002
334.4200
338.6076
340.9692
342.3984
341.9209
334.8813
335.8069
343.3562
336.2712
342.3984
336.2712
339.5492
343.3563
330.7641
342.8768
339.0779
345.2847
333.5002
334.4200
334.4200
333.5002
333.9596
331.6723
333.9596
331.6723
337.6701
335.8069
336.2712
327.1692
333.9596
317.5860
333.9596
334.8813
334.8813
328.0623
332.5844
333.5002
327.1693
328.0623
333.9596
328.0623
328.9591
324.5122
331.6722
327.1692
321.8882
330.3114
324.5123
322.7593
330.7641
325.3943
322.7592
320.1567
327.1692
324.9529
308.8310
316.3124
320.5883
311.2947
320.1567
310.4701
322.7593
312.9538
309.2395
310.0592
311.2947
326.7242
310.8820
310.0592
312.5378
307.6102
318.4395
311.2947
310.4702
312.9538
310.4701
303.9910
310.4702
305.1902
305.5916
298.0999
312.1226
304.3900
303.9911
300.8275
305.9937
303.9911
302.4031
300.8275
308.0163
302.7990
288.2855
304.7897
302.0081
300.4357
303.9911
300.8276
293.1314
301.6138
298.0999
293.5092
298.4872
287.9177
302.0081
291.6275
290.1351
295.0276
286.4533
287.9177
292.3781
295.4091
290.5072
287.9177
290.1351
288.2855
290.8799
286.8184
281.7696
284.2774
282.8404
285.7253
286.4534
282.8404
280.7048
285.7253
281.0591
283.1986
286.8184
281.7696
275.1249
281.4140
282.8404
281.7696
281.4140
275.4689
280.7049
279.9983
276.5045
272.3959
281.4140
282.1259
274.4389
270.3750
273.0744
269.7062
262.5061
269.3727
271.3827
270.0403
270.3750
268.0448
268.7075
268.0448
270.3750
266.7263
262.8272
262.1854
261.8654
261.2269
267.0551
258.0684
257.7555
257.1316
257.4433
254.0439
259.9569
254.9645
251.9141
249.2131
252.5199
249.2131
248.0260
245.6757
256.5097
248.3220
243.6451
243.3569
244.5125
243.0693
241.9234
243.6451
244.8026
238.8116
238.5315
237.4157
238.5315
238.5315
238.2519
236.3073
233.2964
237.4158
234.9320
232.7547
230.8726
233.5678
230.3388
230.0726
230.3388
231.4082
228.4839
212.9211
225.0939
225.6109
223.8085
217.5314
223.8085
217.5314
222.0260
217.7778
218.2717
220.2631
216.7945
216.0609
216.0609
215.3308
216.0609
212.6822
215.5738
215.3308
207.2856
209.3750
210.5480
207.5164
205.2243
207.2857
207.0552
206.3661
212.6822
204.3170
204.3170
199.6408
204.7700
199.6408
199.6408
200.7411
196.8174
195.3190
194.2579
194.2579
194.2579
194.0466
189.0650
190.9132
181.5137
186.0363
187.4418
183.8553
186.0363
184.8425
184.2494
183.6587
188.2511
180.1655
182.4846
178.6403
179.9739
178.8300
172.7025
176.5703
172.1588
171.4371
170.7194
170.7194
167.8858
169.1182
167.7107
168.5887
167.7107
164.4262
164.4262
162.0571
162.2249
163.2363
161.2213
160.5565
165.7993
160.5565
157.1208
155.8357
153.3037
155.1980
151.4374
151.7465
150.6678
151.2831
149.4462
145.9997
147.7859
148.6888
145.5571
144.6768
145.1162
142.9350
142.7909
140.2272
139.5246
138.2703
136.4815
132.5863
135.1237
136.6182
131.6653
128.3071
132.3224
131.5343
130.7515
128.6897
126.6643
126.1636
129.0734
125.0450
124.0599
124.1825
122.3566
121.7546
121.2753
120.4414
118.6757
117.0529
115.5676
115.1146
113.9905
113.2106
111.9964
112.6570
109.8239
111.8867
110.0392
108.7543
107.8009
106.5432
105.9200
104.2765
105.0949
101.7603
100.5744
101.1656
98.9181
99.4024
98.1481
96.5314
95.7797
94.7555
94.1093
93.8336
92.7389
91.7461
90.8525
92.1059
89.0899
88.1343
87.9616
87.9616
86.0825
85.7449
84.0750
84.2407
82.8422
82.0294
80.9036
79.8706
79.3193
78.8494
77.7624
76.0808
77.0706
75.4021
74.8777
73.9122
74.6540
72.3023
72.0128
69.9427
69.6610
69.1704
68.7521
68.2667
67.1677
66.8272
65.8139
65.1452
64.9456
63.9550
61.9450
61.6892
61.9450
64.0864
65.0121
66.0155
66.2177
68.1285
68.9610
70.9358
71.0786
72.8113
73.9122
74.8777
76.4602
78.6153
79.6339
81.7063
81.4648
83.3333
83.6622
86.0825
86.5913
87.7892
89.0899
90.8525
91.9259
93.4673
94.1093
96.3430
97.2889
99.9867
99.4024
99.4024
100.6727
105.3006
103.1617
105.4036
108.1177
107.5902
109.1808
109.3948
111.4491
111.9964
113.9905
111.6677
115.0017
117.9772
118.9095
120.2043
118.4424
123.2050
122.3566
124.1826
126.2886
126.2886
127.0413
128.4345
130.1032
141.3599
133.7814
131.7964
134.5849
135.2588
138.2703
138.9655
137.9933
140.0863
143.8028
142.5034
143.5128
143.3681
145.5571
146.7408
147.9359
150.3613
152.9907
152.8345
150.8213
155.9957
156.6374
155.8357
157.6061
153.1471
161.3880
164.0851
166.3179
161.5550
163.0672
162.5612
163.9149
167.7107
165.7993
166.4912
169.6498
172.1588
170.0054
169.4724
171.2573
177.3195
177.8840
178.8301
180.1655
181.9013
187.4418
183.2662
184.6445
183.6587
184.8425
187.4418
186.4365
187.6437
190.9132
190.7067
192.1585
190.7067
192.1585
193.4145
195.7455
195.1061
198.7664
195.5321
196.6024
198.1138
201.1835
204.5433
208.4429
204.0910
204.7700
203.6400
207.2856
208.9083
210.0778
210.0778
209.3750
207.7475
211.2562
212.2054
212.4436
213.1604
216.3051
213.1605
216.0609
217.2854
216.3051
219.5134
221.5203
224.0648
222.2794
222.5333
224.5785
225.0939
224.3214
224.3215
229.2763
227.4333
237.4158
226.9105
223.2972
230.3388
228.7477
235.4808
234.1122
231.6766
222.7876
238.2518
236.3073
238.5315
235.2062
240.2190
242.4954
239.0922
246.8469
244.8025
243.0693
242.4954
244.5125
244.2229
246.2603
244.5125
250.7085
238.2519
247.1409
252.2168
250.1088
248.9156
251.0091
245.3842
258.3818
248.9156
252.8236
251.6119
254.0439
264.4417
245.0931
254.6571
254.0439
254.9645
260.5908
257.1316
262.1855
259.6408
263.7942
262.1855
265.7437
260.5908
270.0402
260.9086
266.7263
264.4418
263.7942
264.4417
267.0550
273.0744
267.3844
269.0399
271.3827
272.0576
271.0461
266.7263
270.7102
271.0462
272.7348
277.1981
273.7554
278.2433
276.8510
274.7816
277.1982
274.4389
278.9434
276.1586
277.5459
276.5045
281.0591
281.7696
278.2433
280.7049
280.7049
281.4140
280.3512
282.1259
283.1987
286.8184
288.2855
283.9172
284.2775
289.0232
286.0890
287.1842
286.4534
287.5506
283.9172
291.2533
291.6276
295.0276
293.5092
290.1351
291.6276
294.2669
298.8754
287.9177
293.8877
293.1314
292.7543
292.7543
299.2643
297.3273
296.1741
294.2669
300.8276
296.1741
299.2644
304.3900
302.0081
305.5916
301.2203
304.3900
305.5916
300.8276
297.7133
298.0999
305.9937
311.2947
308.0163
306.8004
318.4394
305.1902
308.4232
308.8310
303.5929
307.6102
303.9911
310.4702
300.4356
312.1226
308.0163
310.8820
319.2963
309.6490
312.5378
309.2395
312.9538
314.2068
305.5916
340.9692
310.4702
320.1567
316.3124
320.5883
299.2644
319.7261
323.1962
320.5883
325.3942
320.1567
321.0207
324.5123
320.1567
321.8882
332.5844
319.2963
323.6340
320.1567
330.7640
323.6340
330.3115
323.6340
324.9529
322.3233
319.2963
322.7593
320.1567
330.3113
324.5123
326.2799
330.7641
333.9596
325.3942
329.8597
328.0623
327.6153
325.8366
330.3114
330.3114
324.0727
328.5102
338.6076
326.7242
340.9692
336.7365
328.0623
335.3437
331.2177
333.9596
331.2177
331.6723
332.1278
332.5843
334.8813
336.2712
340.0215
341.9210
328.9591
333.0418
333.9596
336.2712
338.1383
325.8366
320.1567
333.5002
341.9210
347.7189
336.2712
344.3184
334.4200
340.9692
335.3437
343.3562
352.6681
324.9529
344.8010
330.7640
341.4445
334.4199
333.5002
335.8069
335.3437
330.3115
339.0779
333.0418
338.1383
337.2028
328.9591
332.1279
329.8597
326.7241
330.7640
323.1962
332.1279
327.1693
325.3942
325.3943
326.7241
322.7593
327.6153
336.7365
321.4540
330.7641
325.3943
321.4539
325.3943
321.0207
321.0206
324.5123
321.0207
322.3233
320.1567
326.2799
320.5883
318.4394
333.9596
317.1606
319.2963
310.8820
320.1567
312.9538
318.8675
319.7261
318.0123
319.7261
322.3232
311.2947
309.6489
318.0123
311.2947
320.1567
308.0163
305.5916
307.2049
317.5861
307.2049
308.4232
305.1902
306.8004
305.9937
305.1902
308.0163
305.1902
306.8004
303.1955
305.5916
307.6102
306.8004
298.4873
306.8004
304.7898
303.9911
303.9911
301.6138
298.4873
295.7912
297.3274
297.7133
299.2644
295.7912
295.4091
296.1741
292.7543
293.8877
293.5092
287.5505
294.2670
289.3932
289.3931
292.7544
291.6276
292.7543
291.2534
287.5506
290.1351
287.5506
287.9177
287.9177
285.7253
290.5072
287.5506
282.4828
289.3932
289.0233
287.9177
287.5505
282.8404
282.1259
280.3512
281.7696
277.8943
280.3513
283.1986
277.1981
278.9433
278.9434
274.0969
273.0744
275.1249
270.7103
276.8510
270.0403
273.0744
267.3843
271.7198
269.7062
271.0461
272.7348
267.0551
266.0706
269.7062
264.4417
266.0707
263.4713
267.3844
261.5459
261.8654
259.0101
252.5199
260.5908
261.8654
260.2736
259.0102
255.2725
256.8204
255.5810
254.9645
253.7380
264.1177
256.8203
253.4327
254.9645
250.1088
248.0260
246.2603
245.3842
243.9337
243.3569
243.0693
241.3534
241.0691
240.5019
238.2518
237.1379
239.0921
235.4808
248.0260
237.9727
235.7559
236.3073
234.6583
232.4845
231.4082
231.6766
232.2148
230.8726
229.2763
229.2763
229.0118
226.1295
228.7477
223.0421
223.2972
225.6108
217.5314
220.0128
219.5134
222.5333
224.0648
220.7648
216.0609
209.1415
222.7876
215.0882
216.0609
211.7301
212.9211
211.7301
211.0198
210.7838
210.0778
209.8432
208.2108
207.0552
207.0552
207.0552
207.0552
205.6800
204.7700
199.8602
201.8495
202.5185
200.3000
197.8970
197.0326
196.6024
195.7455
193.6249
192.3671
191.5345
191.9502
190.5005
191.1200
188.4542
187.6437
184.2494
185.8367
171.7975
185.8367
181.7073
179.7826
178.4509
183.2662
180.9343
179.5916
172.7025
172.1588
176.3836
171.4371
171.9780
171.2574
172.1588
169.2951
169.6498
168.4126
168.9414
165.4547
163.4056
163.7449
164.2555
163.9149
160.5565
161.8895
160.0601
158.2560
156.4767
158.5821
158.0932
155.3571
149.9029
152.0564
152.2117
150.8213
150.5144
149.9029
147.3369
146.8896
144.8231
145.7045
144.3848
143.5128
143.9480
141.7874
141.3599
137.8551
139.6648
137.5791
137.7170
134.8540
134.8540
133.9150
134.7194
132.4543
131.9277
130.3621
127.2934
128.0528
126.5389
126.5389
124.7979
123.9374
123.8150
122.5983
119.9678
119.4962
120.2043
118.4424
118.4424
113.8787
119.9678
115.0017
114.1024
116.5937
122.1154
111.2309
110.3629
110.1469
107.5902
107.4850
105.6098
104.1746
104.1746
102.5587
101.8597
101.6609
100.0844
101.1656
99.0148
101.8597
96.2489
94.7555
94.1093
94.1093
92.9205
92.9205
91.8360
91.1197
94.3857
89.4398
87.7031
87.3596
87.2739
91.9259
85.5766
84.9062
84.1578
82.9239
81.8677
80.5845
81.2239
80.3459
76.3842
76.4602
77.3774
76.3083
75.8540
74.9524
74.0601
72.3749
72.2299
71.7243
70.3669
69.9427
69.1704
68.6826
68.6826
67.1677
65.9483
63.9550
65.0121
64.8792
63.9550
63.5621
61.8810
61.4343
61.0533
59.9837
60.6742
59.0516
