44.0564
45.2830
46.7933
47.6934
48.4429
50.3505
49.5816
51.3507
52.7053
54.3166
56.1406
56.6783
57.7040
58.4975
60.1088
60.5482
61.8170
63.6275
64.0864
65.3452
66.7592
66.7592
69.1704
68.3359
70.9358
70.6509
72.9573
72.5201
74.0601
75.2519
75.3270
75.8540
78.1491
78.4596
78.9275
80.5049
83.3333
81.9485
84.6561
85.4085
86.7615
87.5312
88.3940
88.3940
90.3203
89.8790
91.4771
92.4671
92.3767
94.4780
95.4060
97.1939
95.0338
98.0522
99.7915
100.5744
101.7603
101.8597
102.8597
103.7682
105.0949
105.4036
107.3800
107.0654
108.5417
111.2309
110.7960
111.4491
113.2106
114.8889
115.3408
117.8613
106.8562
117.3986
118.9095
118.7925
121.5146
121.1557
123.5706
123.5706
123.8150
127.7991
125.0450
127.0413
127.4196
130.2325
131.0119
131.4035
132.1907
133.5148
130.2326
134.4506
137.4414
137.7170
136.3450
138.5479
139.9457
130.4917
141.2177
142.3599
143.3681
141.7874
147.0385
145.9997
148.3871
148.0861
149.9029
149.7505
151.7465
153.9320
152.5227
152.8345
155.1980
154.2473
158.9091
157.6061
158.9091
158.0932
161.8895
161.3880
162.8983
162.5612
162.8983
164.7681
166.4912
167.1867
168.0612
169.8275
168.7649
171.9780
171.2573
171.9780
171.9780
171.4371
171.2573
176.7572
177.1318
171.4371
179.7826
178.2616
181.9012
182.2899
182.6796
177.3194
183.2663
187.4418
186.6370
183.6587
188.8611
189.0650
186.8378
186.8378
193.2044
193.6249
194.0466
206.1370
193.6249
195.3190
200.0800
198.1139
196.3877
198.1138
200.7411
198.7664
200.7411
200.5204
206.1370
204.0910
204.3170
207.7475
205.6800
208.6754
207.0552
207.7475
209.3750
212.2054
210.5480
211.9675
212.2054
212.2054
214.8459
217.7778
215.0882
219.2643
216.3051
218.5193
217.2853
222.7876
218.5193
222.7876
231.1402
222.7876
226.9105
228.7477
223.0422
226.9105
227.9577
231.1402
231.6766
231.9455
229.2763
233.8398
233.8398
243.6451
233.5679
234.3850
236.0313
236.0314
241.6382
242.2092
241.3534
243.6451
240.2190
239.9366
248.0260
245.9678
242.2092
248.6185
246.5533
245.0931
250.1088
250.1088
251.6119
255.8900
254.3502
253.1279
253.1279
251.9141
255.5809
259.6407
254.0438
259.9569
260.2736
257.4433
260.2736
259.0101
282.1259
261.5459
265.0916
265.4174
264.1177
276.1586
266.3982
272.7348
267.0551
267.0551
294.6469
269.3727
271.0462
266.0707
273.7554
271.0461
273.4146
271.7198
273.7554
287.9177
277.1982
279.6460
284.6383
276.8510
280.7048
282.4828
284.2774
280.7049
279.9983
282.8404
268.3759
286.8184
287.9177
289.0233
286.8184
291.2534
291.6275
287.5506
294.2670
287.9177
294.2669
294.6469
295.4090
296.5577
293.5092
297.3274
298.4873
294.2670
297.7133
295.0276
299.2643
303.5929
306.3966
301.2203
309.2395
305.9937
304.7897
301.6138
305.1902
310.0592
319.2963
310.8820
305.1902
309.2396
310.4701
309.2395
310.4701
310.8820
310.4701
319.7261
319.2963
318.8674
315.8896
319.7260
311.2947
325.8366
327.1693
317.5860
321.8882
323.6339
322.3232
331.2177
333.5002
332.1279
324.9528
327.1693
324.9528
334.8813
333.0417
325.3943
336.7365
336.7365
336.7365
340.9692
342.3983
346.2552
339.0779
340.4948
345.2847
333.0418
339.0779
337.2028
339.5492
340.9691
340.9692
339.0779
338.6076
346.2551
348.7000
343.3563
342.3983
343.3563
340.4948
371.9720
349.6856
347.2299
347.7188
348.7000
355.1840
349.6855
356.7069
352.1683
351.6696
362.3794
354.1743
354.1742
357.7279
349.6856
360.3005
362.3794
360.3004
355.6904
355.1839
360.8185
364.4772
359.7836
381.9709
367.6599
373.0624
361.3375
356.1982
362.9020
365.0046
370.3457
369.2676
368.1945
362.9020
371.4287
365.5333
374.7076
371.9720
375.2586
400.2222
377.4751
368.1945
384.2507
373.6095
373.0625
371.9720
374.1579
377.4752
347.2299
377.4751
380.8390
377.4752
380.2751
378.5912
385.3987
381.4043
381.9709
380.2751
383.1081
382.5389
379.1511
380.8390
381.9709
388.2927
379.1511
391.8113
395.3812
392.9955
380.2751
383.1081
400.2222
393.5898
398.3957
388.2926
400.2222
390.0457
391.2214
388.2926
390.6327
413.3917
402.6783
412.1077
401.4471
402.6783
397.7898
403.2961
400.2222
402.6783
408.9255
407.6637
400.2221
402.0620
404.5363
397.1855
408.2939
406.4081
399.6118
412.1077
409.5588
400.8339
406.4081
412.1078
399.6118
410.1936
421.2334
410.1936
401.4472
410.8300
391.2214
397.1855
408.9256
415.3300
402.0620
408.2938
416.6304
420.5710
409.5587
421.8979
405.7827
419.2509
423.9010
419.2508
449.1952
405.7826
421.2336
417.2830
419.9101
430.6904
415.9793
421.8979
425.9195
423.2316
419.2508
419.2508
419.2508
420.5709
431.3791
434.8492
437.6581
416.6304
428.6351
424.5721
457.4187
423.9010
437.6581
441.9272
442.6453
432.7617
419.2508
423.2315
419.9100
421.2336
431.3791
436.2499
434.1516
439.0736
429.3184
430.0036
497.2554
449.9330
436.9531
446.2648
426.5958
439.7842
442.6454
421.2335
443.3654
445.5370
436.9531
441.2110
441.9272
434.8491
444.0874
437.6581
437.6581
444.0874
433.4557
431.3790
433.4557
439.0736
430.6903
424.5720
401.4472
436.2499
457.4186
425.2450
434.1516
421.8979
427.9536
421.8978
419.9100
427.9536
431.3790
420.5710
425.9195
421.8978
422.5639
419.2508
421.8979
410.8301
398.3957
431.3790
414.0364
411.4680
414.6823
410.8301
474.6268
408.2939
410.8301
412.1078
414.0362
405.1586
418.5933
407.0352
414.0363
385.3986
406.4081
407.6637
403.2961
412.7490
404.5363
411.4681
412.7490
403.9155
407.0351
399.0030
401.4472
405.7827
398.3958
399.6118
403.2961
407.6636
408.9255
403.2961
397.7898
400.2221
397.7899
395.3811
394.7826
397.7898
395.3812
400.2222
399.0031
383.6787
391.8114
400.8339
385.3986
392.4027
399.6119
395.9812
387.1310
381.9709
381.9709
381.9709
391.8113
385.3987
384.2507
392.4027
383.1081
377.4752
383.6787
390.6329
376.3642
383.6787
385.3987
380.8390
371.4286
385.9748
370.8865
369.2677
379.7124
376.9190
376.9191
366.5942
372.5165
380.2751
369.8061
368.1946
363.4259
378.5911
369.8060
368.1945
366.0631
370.8864
384.8240
357.7278
360.8185
362.9021
359.2680
365.0046
356.7069
362.3793
360.3005
363.9510
358.2401
355.6905
361.3376
350.6754
363.9509
360.3005
367.1264
351.1720
354.1743
348.2089
348.7000
352.1683
344.8010
343.8368
344.3184
344.3184
344.3184
343.3563
348.7000
341.4445
342.3984
335.3437
344.3183
342.3984
340.0215
344.3183
350.1798
340.9692
338.1384
340.9692
328.5103
329.8598
340.9692
326.2799
331.6723
334.8813
329.4089
328.0623
330.3115
329.4089
324.5122
326.2799
324.0727
319.7261
321.0207
323.1962
326.2799
321.4539
327.1693
317.1606
321.0207
319.7261
312.1226
312.1226
312.1226
310.4701
308.8310
310.4702
305.1902
310.4701
300.8275
305.5916
305.1902
302.0080
306.3966
306.8004
296.1741
298.8754
299.6540
301.2203
297.7132
298.4873
299.6541
293.8877
297.7132
298.8754
294.2669
289.0232
291.6275
290.5071
289.0233
276.1587
292.7544
279.9983
288.6541
293.8877
290.1351
285.7253
280.7048
288.6540
280.3512
283.5576
283.1986
283.1987
282.1259
269.3727
271.3827
281.0591
275.4689
272.7348
279.2944
275.4688
269.0398
271.3827
275.1249
269.0398
266.7263
268.3758
266.3982
259.9568
265.4174
259.9568
263.4713
274.7816
260.5908
261.5459
259.6407
261.8654
255.2725
258.6956
254.6571
248.9156
258.3818
265.0916
251.6119
250.1088
249.8098
245.9678
245.3842
242.2092
241.6382
245.6758
245.3842
243.9337
238.8116
232.2147
243.3569
236.5837
240.5019
241.6382
239.3732
237.4157
235.4808
234.1122
233.8398
234.6583
227.4333
229.2763
229.2763
231.4081
227.4333
225.8699
228.2207
223.0421
221.2681
226.3894
233.5679
225.3522
218.5193
234.3850
218.0246
219.0156
216.5495
219.2643
230.3389
217.7778
215.0882
211.7301
204.9970
211.0198
213.1604
210.7837
212.9211
207.5164
213.4002
206.3660
205.4520
210.3127
204.5434
200.9621
202.9661
206.1370
197.8970
198.9845
199.4217
197.0326
197.2483
200.3000
198.7664
194.6814
195.7455
195.5321
191.3271
194.4695
188.6575
191.7422
188.8611
187.2401
187.8459
183.6587
184.2494
184.0522
181.3203
187.2401
183.0704
177.1318
179.7826
177.3195
180.7417
177.3194
177.6956
171.6172
171.4371
171.2573
171.4371
171.0778
171.2574
171.2574
168.4126
168.9414
166.4912
166.8385
164.5971
162.3929
161.2213
160.2253
161.8895
160.2253
161.2213
159.7301
160.3908
159.7301
159.8950
156.3161
153.4605
155.0391
152.8345
153.3037
150.6678
149.7505
149.9029
150.0555
146.7408
147.4864
145.4100
146.4438
145.7045
143.9480
143.3681
144.0934
139.9457
140.9339
139.5246
139.3846
139.2447
138.4090
136.6182
135.6649
135.1237
134.0486
132.5864
129.3300
131.1422
132.4543
130.1032
132.7185
127.6725
126.7898
126.9155
125.2926
124.4283
124.0599
123.8150
123.9374
120.5601
120.2043
118.9095
119.6139
118.4424
119.7317
117.2833
115.9085
116.2506
114.4387
114.4387
112.3262
112.9888
111.4491
111.9964
109.7165
109.7165
106.9607
107.6955
108.1177
106.2311
106.2311
104.6849
103.2625
100.5744
101.8597
100.9681
100.1822
98.6286
99.5968
97.0990
99.4024
97.0990
95.0338
94.3857
94.8482
94.2013
92.1961
92.0159
90.5860
89.9671
89.2647
89.0899
88.5675
87.0174
88.0479
86.2518
86.4214
85.5766
84.6561
84.2407
83.0874
82.4349
82.1914
80.5845
81.4648
78.8494
79.1624
78.7713
78.7713
76.3083
76.4602
76.3842
74.5795
75.1769
73.2500
74.1341
72.8843
71.5085
71.4367
71.1501
71.0072
66.4204
68.8217
67.5781
67.9217
66.2177
66.2852
64.9456
65.2118
64.6803
64.2839
61.8810
59.4852
62.9762
61.8170
61.1167
59.5473
59.9212
59.2371
57.7648
58.0083
57.4009
56.9786
56.1406
56.3194
54.6079
54.9003
54.0263
52.1379
54.5495
52.4211
51.6871
51.1273
50.7379
50.7934
52.5915
49.7457
49.6363
48.4967
48.9830
47.4806
48.2817
46.3736
47.1626
46.6882
45.4378
44.2086
43.9551
43.7025
43.7530
42.9501
42.8503
43.3003
42.1068
41.9590
42.9002
42.6513
42.2549
41.3709
41.8115
42.2055
41.9098
41.7624
41.1273
42.3043
41.2246
41.7133
41.8606
41.3709
41.3709
41.5664
41.1273
41.2246
41.5664
42.3043
43.5011
43.6521
44.8206
46.0082
46.4259
47.5869
45.9042
49.4724
50.7379
51.1273
51.6871
53.1622
53.2769
54.1423
56.0811
56.2001
57.0990
58.0693
59.7341
60.2341
60.8003
61.3071
63.1711
64.8129
65.1452
65.8811
67.3043
67.9906
69.1005
70.5798
69.6610
71.9406
72.8843
72.8843
74.5795
74.9524
76.5363
76.3083
76.7649
79.4765
79.9497
80.9036
85.5766
81.6257
84.4066
84.6561
85.4925
86.4214
85.9980
87.1028
87.7031
88.8283
90.6748
92.1059
92.5576
93.9254
94.9409
95.4993
95.3128
96.8148
97.8609
98.9181
100.1822
102.3585
102.0589
104.2765
104.2765
105.0949
106.3350
108.8608
108.5417
108.6479
108.3295
109.8239
109.8239
113.2106
113.0996
113.8787
115.0017
116.2506
117.9773
118.4424
119.6139
119.2611
121.8747
122.5983
122.5983
123.9374
126.5389
125.4166
126.1636
127.4196
129.2017
128.8174
131.2728
130.6215
132.1907
132.0591
134.0486
133.6480
135.2588
136.3450
138.1317
138.1317
143.6577
140.0863
142.3599
141.2177
142.7909
143.0792
145.2630
146.8896
148.5379
146.7408
147.9359
148.8399
149.1427
151.2831
151.9013
153.4605
155.1980
154.7218
158.2560
158.5821
161.7221
160.5565
158.7455
158.5821
163.9149
164.9394
165.2827
163.2363
166.1448
166.1448
168.9414
166.1448
167.5358
171.7975
171.6172
171.4371
171.9780
171.6172
171.4371
178.2617
180.7417
178.4509
178.2617
181.7073
179.2103
181.5137
184.0522
183.4624
182.4846
183.6587
187.6437
187.2402
189.6785
188.8611
186.0363
187.6437
194.8936
190.5004
194.4695
195.7455
190.9132
197.0327
194.0466
196.8174
199.6408
196.6024
201.4052
201.6271
201.1834
202.9661
203.4151
207.5164
202.7421
203.1904
207.0552
207.9790
207.5164
208.2108
207.5164
213.8806
215.3308
214.8459
213.6402
215.8172
215.3308
218.7672
216.3051
213.8806
217.7778
216.7944
221.2681
221.2681
219.7629
223.5527
223.8085
227.6954
223.5527
221.2681
226.1295
230.8726
226.9105
227.9577
230.8726
233.5678
230.0725
232.7547
234.6583
230.8726
235.7558
234.1122
239.6547
239.3731
238.8116
245.6757
241.0691
241.0691
237.1380
243.0693
242.4954
245.0931
244.2229
244.8025
249.8097
250.1088
246.2603
253.4327
257.1315
250.4084
257.1315
253.4327
256.5097
254.9645
255.5810
259.6407
260.5908
259.9568
254.9645
258.3817
260.2736
260.5908
265.7437
259.9568
260.2736
264.7663
268.3759
266.3983
267.3844
269.3727
264.1177
272.7348
270.0403
267.7143
269.7062
274.0969
274.0969
275.1249
275.1249
273.4146
274.7816
279.9983
279.2944
294.6469
279.2943
281.4140
284.6384
280.3512
283.9172
285.0001
279.6460
287.5506
284.6384
291.6276
286.8184
292.0024
292.3780
286.8184
291.2533
289.3931
288.6540
292.7543
293.8877
295.0276
296.9422
292.3780
300.8275
294.2670
301.6138
301.6138
293.5092
301.2203
293.1314
299.6541
301.6138
306.8004
299.2643
310.8820
309.2396
306.8004
320.1567
318.8675
312.9538
311.2947
308.8310
307.2049
315.4677
310.8820
311.2947
321.4540
318.4394
315.4677
320.5883
324.5123
321.0207
318.0122
324.9529
324.9528
319.7260
332.1279
325.8366
329.4089
328.0623
320.5883
328.9591
333.0417
333.0418
326.7242
328.9591
336.7365
331.2177
333.0417
332.5842
341.9210
335.8069
328.0624
345.2847
342.3984
336.7365
347.2299
336.7365
335.8069
347.7189
340.4948
346.2552
344.3184
343.8368
330.7641
342.3983
346.7420
349.6855
352.1683
342.3984
347.2299
347.7188
349.6855
351.1720
346.7419
352.6682
351.6695
350.1799
356.7069
359.2680
363.9510
357.7279
362.9021
359.7837
373.6096
358.2401
354.1743
361.3376
357.2168
362.9020
367.1264
362.9020
361.8579
359.7836
366.0631
367.6598
368.1945
367.6599
362.3794
370.8865
372.5165
370.3457
375.8107
363.4259
358.2401
368.1945
370.3457
374.1580
376.3642
393.5899
373.0625
368.7305
377.4752
373.0625
374.1579
381.4043
378.0325
381.9709
384.8240
380.8391
383.6787
374.7076
383.1081
375.2586
359.7836
383.1081
381.9709
385.3987
460.4704
381.9709
422.5639
393.5897
395.3812
387.7111
392.9955
384.2506
380.8390
391.8114
394.7826
392.9955
392.9955
388.8756
420.5710
390.0456
391.8114
449.9330
394.1855
395.9812
394.1855
397.1855
393.5898
402.0620
397.7899
399.6118
410.8301
406.4081
402.6783
408.9256
341.9209
403.2961
407.6637
400.2221
399.6119
407.6636
393.5898
417.2830
403.2961
410.1937
400.2221
400.2221
403.9155
402.6783
414.0363
409.5588
402.6783
413.3918
421.2336
415.3300
402.6783
417.9373
410.8301
411.4680
422.5639
412.7490
411.4681
405.7827
422.5639
425.9194
410.8300
414.6823
418.5933
426.5958
438.3649
420.5709
420.5709
419.9101
417.2830
421.2336
425.2450
427.9536
422.5638
429.3185
446.9945
430.6904
439.0737
427.2738
423.9010
434.8492
419.9100
425.2450
436.2499
465.8920
423.2315
433.4557
425.2450
414.6823
430.0036
421.8978
416.6304
421.8978
414.0363
398.3958
460.4704
414.0363
422.5639
423.2316
427.2739
420.5710
421.2335
425.2450
415.3301
408.9255
408.9255
403.9154
414.0363
421.2336
408.9255
402.0620
412.7489
409.5588
405.7827
399.6118
404.5363
406.4081
400.8339
408.2938
413.3918
402.0620
408.9256
399.6118
400.2221
408.2938
399.6119
399.0031
392.4027
400.8340
397.1855
399.6119
391.2213
395.9812
405.7827
398.3957
393.5897
403.9155
391.2214
397.1855
397.1855
386.5521
390.0456
399.0031
394.7825
396.5826
390.6328
395.3812
382.5389
375.8108
390.0457
383.1081
380.8390
382.5389
383.6787
381.4043
379.7124
382.5389
372.5165
370.8865
382.5389
380.8391
370.8865
379.7125
383.6787
371.4286
376.3643
383.1081
370.3456
380.2751
375.8108
380.2751
371.9720
371.4286
366.5941
368.1945
370.8866
360.8184
366.0631
373.6096
371.4287
361.8578
354.6785
366.0631
360.3004
357.7278
365.5333
337.6700
365.0046
353.1690
352.1683
347.2299
351.1720
348.7000
350.6754
345.7693
359.2680
354.1742
362.3793
350.6754
351.6696
346.2551
343.8369
353.6711
360.3004
342.3983
344.3184
346.2551
341.4445
341.9210
344.8010
347.2299
339.0779
337.6700
341.9210
343.3563
343.8369
337.6701
338.1384
326.2799
334.4200
338.6076
333.9596
328.9591
336.7365
332.5843
333.9596
321.0207
326.2799
325.8366
324.0726
326.2799
324.0727
310.4701
327.1693
310.8820
320.1567
317.5860
321.4540
311.2947
311.7082
319.7260
310.8820
320.1567
307.6102
308.0163
306.3966
306.3966
311.2947
307.2048
302.7990
305.9937
305.5916
304.7898
300.4357
301.2203
300.4356
303.1955
299.6541
294.6469
296.1741
297.3274
295.0276
296.1741
293.1314
292.7544
291.6275
287.9177
289.7638
282.1259
291.6275
289.3932
290.8799
291.2534
283.5575
281.4140
286.4533
282.4828
281.0591
279.6460
278.2433
275.1249
282.1259
281.4140
278.5930
270.0403
280.7049
271.3827
273.4146
275.1249
274.7816
270.3750
272.0576
271.3827
271.0462
268.3758
263.4713
271.0462
264.7664
265.0916
263.7942
259.9569
260.2736
259.9568
255.2724
257.1316
258.0684
256.5097
257.1316
257.4433
255.2725
254.3502
251.0091
250.1088
251.9141
239.9366
247.7304
252.2168
244.2228
246.5534
245.9678
242.2092
244.5124
239.0921
242.2092
237.1379
244.8025
237.9727
237.1380
235.2062
234.6583
236.3073
231.1402
232.4845
229.2763
230.8726
228.4839
227.1717
224.0648
225.6108
225.0938
223.8085
228.2207
222.0260
222.7876
223.0422
236.8606
220.2631
219.2643
219.5134
220.5137
216.5495
217.7778
216.0609
212.9211
211.2562
215.3308
211.9675
212.9211
211.7301
208.4429
209.1415
207.0552
205.9083
204.3170
207.7475
200.5204
202.2952
199.8602
201.4051
201.1834
196.3877
195.5321
198.7664
195.9593
195.3189
191.7422
194.8936
195.3189
192.3671
190.5004
189.4737
189.6785
186.0363
188.0484
185.2394
184.8425
184.4468
183.2663
182.2899
182.8749
183.6587
181.9013
180.9343
178.0727
177.3194
177.1318
176.3836
171.7975
171.9780
172.3398
170.5405
171.2574
171.0778
169.2952
169.2952
166.8385
165.6268
163.0672
165.7993
167.7107
163.5752
164.9394
159.7301
161.0548
160.3908
159.0729
159.5655
159.0729
158.4189
156.3161
157.6061
153.4605
155.9957
152.6785
151.1290
152.3671
150.5144
150.8213
148.2365
146.8896
145.1162
145.9997
143.5128
144.3848
143.8028
139.3846
140.9339
132.5863
138.4090
139.2448
138.6870
137.9933
132.8508
137.9933
135.6650
134.7194
132.8509
131.6653
132.0591
131.9277
127.6725
127.1673
128.8174
126.2886
126.6643
125.2926
124.6746
123.6927
126.0387
125.4166
117.3986
120.7980
120.0860
119.2611
118.7925
119.2611
116.3649
114.7761
115.0017
114.4387
113.7671
113.4328
111.3400
113.3217
111.4491
111.1220
110.0392
108.1177
108.2236
107.9064
104.9923
104.4805
103.1617
102.5587
101.6609
100.7711
101.6609
98.8215
100.6727
98.9181
99.1115
98.1481
96.0609
92.2863
93.6503
91.0305
94.0173
92.1059
91.3877
92.0159
91.0305
90.2318
89.3522
89.0027
87.6171
87.1883
88.4807
85.4925
85.0733
83.5799
83.4976
82.9239
83.1693
81.6257
81.5452
80.5845
79.8706
80.5049
78.7713
78.2266
77.7624
77.2239
76.4602
76.3083
76.3083
74.6540
75.3270
73.1767
71.5804
71.8684
72.3023
70.6509
69.1005
68.1285
68.6131
68.0595
68.1976
65.9483
65.2118
64.9456
65.0786
63.6929
63.4968
62.2659
62.0091
61.3706
61.8170
60.1714
59.1752
59.1134
59.3611
58.8049
57.6433
57.2800
56.3791
56.3791
55.0763
54.9003
54.5495
53.7949
53.3917
52.3644
52.6483
52.3644
51.6309
50.4057
50.6824
49.4179
49.1458
49.1458
48.4967
47.9602
47.7467
47.0569
47.6934
45.4895
46.1646
45.4895
44.9231
44.5140
44.1071
43.7530
42.9501
42.4528
43.0000
43.4508
41.2733
41.2246
40.8845
40.2092
41.3709
40.6426
40.2092
40.0174
39.4928
39.1609
39.3978
38.4084
37.9886
38.5020
37.1108
37.7565
37.4329
37.2946
36.9732
36.7445
35.9275
36.3347
37.0190
36.9274
37.5714
38.0817
38.4552
38.5488
39.2556
40.0653
40.4015
41.4197
41.2733
41.9098
42.9501
43.7025
43.8035
44.4630
45.2315
45.9042
46.7933
48.0672
48.4429
49.7457
50.0750
50.4610
50.9045
51.5187
53.0477
53.7372
53.7949
54.3747
55.6658
56.0216
57.1593
57.4615
58.9281
59.3611
60.1714
61.4342
61.6892
63.3663
64.0207
64.8792
66.2177
67.1677
66.3528
68.2667
69.4504
69.3803
70.3669
71.2217
73.3233
74.5051
75.0272
74.5795
75.0272
76.1566
78.1491
77.9942
79.0057
78.6153
80.2665
80.5049
81.7063
82.2725
84.6561
86.0825
87.0174
87.2739
87.3596
89.5275
90.0553
90.2318
91.3877
93.1024
92.0159
92.9205
93.5588
95.5927
96.5314
95.4060
97.8609
100.0844
99.4995
99.3053
101.0668
102.2586
101.9593
103.8697
105.5066
107.8009
107.4850
108.2236
109.8239
109.8239
110.5792
112.8781
112.6570
113.0996
114.5511
114.2144
116.5937
115.5676
116.8231
119.1438
120.5602
120.5602
122.1154
121.1557
123.3267
122.2359
125.0450
125.5408
125.4166
129.0734
127.9259
130.1032
130.6216
132.5864
132.0592
132.8508
133.7814
136.2087
136.4815
135.5294
137.4414
140.6507
138.8262
141.0757
141.3599
141.2177
141.9303
144.3848
144.2390
145.8520
146.8895
144.6768
148.2365
150.8213
150.0555
150.9751
150.8213
151.2831
152.9907
154.4053
156.1558
154.7218
156.3161
156.9595
157.2824
158.4189
159.5656
161.5550
162.0571
164.2555
164.9394
164.9394
163.0672
165.7993
170.7194
168.7649
168.7649
170.5405
168.7649
171.4371
171.6172
172.3398
177.1318
177.3194
176.7572
179.4008
178.4509
179.2103
183.2662
181.5137
185.2393
184.6445
184.6445
187.0388
187.0388
187.2401
187.4418
188.2511
189.6785
191.3271
191.3271
190.9132
193.2044
195.5321
195.5321
194.4695
196.3877
199.2029
200.3000
199.6408
199.8602
201.1835
201.4052
202.9661
206.3661
200.7411
204.3170
208.4429
206.3661
206.3661
203.8654
207.9789
211.2562
207.5164
210.3128
212.2054
202.5185
214.8459
215.0882
216.0609
217.2854
222.7875
218.2718
218.2717
218.7673
219.2643
224.3215
221.2681
227.1717
227.6954
222.5333
225.8700
232.4845
226.9105
227.4333
229.5413
232.4845
231.6766
232.7547
233.0252
232.2148
233.5678
232.4845
239.9366
238.5315
240.5019
241.0691
239.6546
241.6382
238.2518
245.0931
247.1409
245.0931
240.2190
245.3842
241.3534
244.5125
245.9678
249.2131
248.3220
248.3220
244.5125
251.3103
250.7085
251.0091
272.7348
251.3102
256.1996
252.2167
256.8203
258.0684
259.3251
259.9569
258.6956
259.0101
269.0399
264.1177
261.2270
261.8654
267.0551
263.7942
264.7664
265.7437
265.4174
271.3827
270.7103
271.3827
269.3727
271.3827
273.0744
274.7816
276.1587
274.7816
276.5045
278.5930
281.4140
282.1259
278.5930
284.6383
280.7048
282.1259
306.3966
285.7253
290.5072
286.4534
290.5072
287.9177
288.2855
290.5072
289.3932
290.1351
286.8184
290.1351
289.0232
296.1741
293.8877
296.9422
298.8754
292.3780
295.7912
298.4873
295.4091
303.9911
299.2644
300.8276
296.9422
296.5578
302.0081
286.4533
304.3900
296.5578
311.7083
307.2049
304.3900
304.3900
314.2068
312.5378
308.0163
312.5378
318.0123
318.8675
311.7083
310.8820
305.5916
310.8820
317.5861
325.3942
315.4677
324.5123
317.1606
322.3233
328.9591
318.4395
325.8366
330.7640
329.4089
325.3943
331.2178
333.5002
329.4089
335.8069
332.1278
335.8069
329.4089
334.8813
333.0418
335.3437
337.6701
333.9596
334.4199
341.4445
333.0417
342.3983
328.5103
341.9210
337.2028
341.9210
350.1798
340.9692
367.1263
350.1798
345.2846
340.0215
352.1683
347.2299
342.3983
345.2847
341.9210
353.6711
351.6696
356.1982
348.7000
359.7837
357.7279
356.7069
349.6855
360.8184
362.3794
355.6904
356.1982
358.2401
368.1945
366.0631
363.9510
363.9510
380.2751
366.0631
358.7534
357.7279
361.3376
365.0046
357.7278
367.1264
366.0631
369.2676
366.0630
366.0630
366.5941
379.7125
368.7305
368.1945
370.3456
371.4286
378.0325
376.9191
364.4771
363.4259
382.5389
371.9720
379.1512
375.2586
348.7000
379.7125
376.9191
373.6095
383.1081
384.8240
375.8107
375.8108
385.3987
371.4286
378.5911
394.7824
381.4043
380.2751
390.6328
380.8390
384.2506
385.9747
390.6329
391.2213
388.2927
400.2222
392.9955
393.5897
395.3812
405.1587
389.4598
402.0620
393.5898
395.9812
404.5363
392.4028
400.8340
400.8339
397.1855
386.5522
402.0620
401.4472
398.3958
400.8340
403.9155
398.3957
407.6637
413.3918
400.2221
407.0352
400.8340
399.6118
399.0030
409.5588
402.0620
405.1587
386.5522
399.6118
409.5587
423.9010
402.6783
408.2939
408.2939
405.7826
412.7491
412.7489
403.2961
407.0351
413.3918
412.1077
410.1937
419.2508
420.5710
421.8979
415.3300
417.2829
422.5638
446.2650
430.0036
424.5721
418.5932
413.3917
414.0363
423.2316
421.8978
415.3299
400.2221
418.5932
414.0363
425.9195
429.3185
427.9536
424.5721
425.2450
425.9195
423.9010
426.5958
420.5710
430.0036
417.9373
431.3791
417.9372
417.2830
416.6303
431.3791
404.5363
405.7827
417.2830
413.3917
421.2335
413.3918
419.9100
412.7490
421.2336
418.5933
412.1077
427.9536
412.7490
415.3301
415.3300
415.9793
395.9812
407.6636
414.0363
402.6783
409.5587
412.1078
408.9256
462.0087
413.3918
402.6783
395.9812
402.0620
401.4471
403.2961
407.6637
398.3957
403.9155
405.7827
408.9256
392.4027
391.8113
387.1310
379.7124
401.4472
399.6119
394.1855
395.9812
392.4027
392.4027
393.5899
395.9812
390.6328
383.6787
388.8756
391.8113
390.6327
395.9812
392.9955
386.5522
390.0457
380.2751
361.8579
371.9720
383.1081
381.4043
392.4027
383.1081
385.3987
382.5389
377.4752
363.9509
382.5389
374.7076
378.0325
378.5912
380.2751
381.4043
375.8108
366.5942
373.0625
371.9720
372.5165
375.2586
377.4752
368.1945
371.4285
363.9509
365.0046
372.5165
357.2168
371.4285
365.5332
365.0046
357.2169
366.5941
355.6905
355.6904
360.8185
359.7837
347.2299
365.5333
399.6118
363.9510
359.2680
356.7069
353.6711
354.6785
353.1690
357.2169
354.6785
352.1682
351.6696
340.9691
341.4445
332.1278
341.9210
350.1798
355.1839
295.0276
355.6904
343.8369
334.4199
341.9209
339.0779
337.6701
336.7365
333.0417
334.8813
340.9692
333.9596
325.3942
331.2177
331.2177
326.7241
326.2799
324.9528
323.6339
342.8767
311.2947
318.8674
319.2963
321.0207
326.7242
327.6153
319.2963
319.2963
328.9591
322.7592
319.2963
316.3125
309.6490
311.2947
318.4395
304.7898
311.2947
311.2947
306.8003
302.4031
307.6102
306.8004
303.5929
296.9422
299.6540
304.3900
302.4031
295.0276
300.4357
296.1741
302.7990
295.7912
296.9422
294.2669
295.7912
294.2669
299.6540
294.6469
292.0024
292.0024
295.7912
282.8404
286.4534
281.0591
285.0001
289.3932
282.1258
283.5575
278.5930
282.4828
275.4688
281.4140
276.8510
279.9983
273.4146
276.1586
271.3827
274.7816
267.7142
271.3827
274.7816
265.7437
269.3727
267.7143
267.0551
261.2269
263.1490
270.3749
263.4713
263.4713
263.7942
262.8272
258.6956
260.9086
260.5908
251.0091
260.2736
261.2269
257.1316
250.4084
257.1316
254.6571
250.7085
250.4084
245.9678
245.9678
248.3220
248.0260
247.1409
245.0931
245.3842
241.3534
243.9337
238.8116
240.2190
243.3569
240.7853
237.9727
231.1402
236.3073
238.2518
232.2148
229.8067
231.9455
228.2206
227.6954
232.7547
226.6498
228.2207
227.1717
230.3388
226.3894
225.3522
223.2972
223.0422
219.2643
224.0648
218.5193
219.0155
220.5137
217.0397
216.5496
214.6040
215.0881
213.8806
214.3625
211.4929
214.3625
213.6402
209.1415
212.4436
204.5433
208.4429
204.3170
206.3660
208.2108
202.5184
201.4051
201.8495
204.7700
199.8602
202.5185
201.8495
196.3877
197.8970
196.8174
195.7456
194.0466
193.2044
193.4145
190.5004
192.3671
187.8459
192.5760
188.4541
188.2511
188.0484
187.0388
183.8553
184.4468
183.8553
185.2394
181.3203
180.3573
178.6404
178.6404
178.8301
177.6956
176.3836
172.1588
171.4371
171.6172
171.4371
171.9780
171.9780
167.8858
169.4724
166.1448
167.0125
166.4912
164.2555
164.7681
166.8385
162.0571
162.0571
163.9149
160.8885
159.5655
157.6061
158.4189
156.7984
153.7746
154.4053
156.9595
153.9320
150.3613
151.2831
148.6888
147.1876
147.4864
146.7408
148.5379
147.4864
143.8027
146.5922
142.7909
143.6577
144.6768
142.9350
140.0863
139.5246
139.8052
138.8262
137.8551
136.0725
135.6650
131.5343
134.4506
132.5863
131.7964
133.6480
130.6216
130.7515
130.4917
130.6216
128.3071
126.0387
122.8406
126.2886
124.4283
121.8747
123.3267
124.1826
120.3228
122.4774
118.3259
117.9772
119.0266
116.9380
116.1365
118.3259
116.2506
113.4328
115.7948
116.1365
109.9315
110.7960
110.3629
110.7960
109.3947
105.6098
107.0654
103.0609
103.7682
103.7682
102.3585
101.3634
102.8597
101.0668
101.1656
97.5745
99.5968
97.3840
97.0042
96.8148
96.8148
95.2197
92.9205
94.0173
93.1935
90.5860
90.6747
91.1197
88.9155
89.7031
90.4088
88.2208
86.9320
86.8467
85.4085
84.3236
83.6622
83.1693
81.9485
82.3537
82.6791
80.1080
81.3041
79.3193
79.0057
77.3006
81.6257
77.9169
76.8412
75.9295
76.9941
73.8384
72.5201
74.3565
73.0304
71.0786
71.5085
68.8913
71.0786
69.4504
69.2403
65.8811
67.9906
66.8951
66.5557
66.4204
65.6797
65.0786
65.3452
62.3302
64.0864
64.3498
60.9267
61.8810
60.8635
60.4224
55.0176
59.9212
58.9898
58.9898
56.4986
56.4388
55.7250
55.7842
55.5475
54.8417
54.8417
52.8763
53.7949
52.6483
51.3507
51.4627
51.5748
51.1273
50.7934
50.5716
49.3633
49.2001
48.7124
48.1207
47.1626
47.2685
46.3736
46.8986
45.9042
45.6447
44.5140
45.2830
44.3102
43.6521
43.3504
42.4528
42.8005
42.0082
42.0082
40.6909
41.5664
41.0786
40.0174
40.1132
39.8739
39.7307
39.3029
39.3029
38.6427
38.2682
38.1748
38.1748
37.2486
36.5165
36.8359
36.4711
36.7902
35.9726
35.5675
35.5226
35.5675
35.3882
