123.3267
124.5514
128.3071
130.1032
131.1423
135.1237
135.8007
138.8262
138.6870
141.9303
144.2390
144.5307
148.0862
148.5379
153.3037
152.9907
156.6374
155.9957
158.5821
161.5550
164.0851
165.6268
167.0125
169.4723
171.6172
171.9780
172.3398
180.9343
176.1972
179.7826
184.6445
183.8553
186.8378
190.5005
190.7067
194.4695
194.4695
197.8970
198.5485
200.9621
205.6800
205.4520
205.9084
209.1414
212.4436
211.4929
210.7837
218.7672
209.1415
219.0156
223.2972
222.5333
226.3894
226.6497
231.4081
232.2148
229.8067
239.6547
235.2061
244.5124
240.7853
241.3534
248.9156
246.8468
248.0260
248.9156
253.7380
251.6119
252.2167
258.0684
261.2270
262.8272
266.0706
262.5060
268.7076
261.5459
269.7062
274.7816
273.4146
274.0968
275.1249
280.3513
279.6460
290.1351
282.8404
287.5506
290.5072
289.3932
293.1314
293.5092
296.1741
295.0276
303.5929
293.1314
303.9910
306.8004
305.9937
313.7883
303.1955
307.6101
323.6340
295.0276
318.8674
321.8882
327.6153
333.5002
324.9528
332.1278
322.3232
340.0215
337.2028
340.4948
344.3184
343.8369
336.7365
346.7419
343.3562
351.6696
349.6856
347.7188
356.1981
350.6754
362.3794
362.9021
353.1691
365.5332
374.1580
366.5941
374.1580
374.1579
371.4287
381.4043
386.5522
386.5522
383.6787
386.5521
384.2506
391.8113
394.7825
392.9955
393.5898
402.6783
397.1855
413.3918
412.1078
398.3958
398.3958
403.9155
413.3917
423.2316
418.5933
427.9536
418.5933
421.2335
421.8979
430.6903
436.2500
429.3184
434.8491
444.8113
437.6581
441.2110
430.0035
444.8113
451.4140
446.2649
452.1574
440.4966
461.2385
454.4001
457.4187
465.8918
461.2384
483.6358
458.1785
468.2477
477.0562
467.4602
467.4603
468.2477
475.4343
468.2477
489.5172
481.9767
480.3273
501.6427
499.8800
491.2193
506.9936
492.0741
501.6429
507.8947
516.1264
516.1264
522.6846
503.4159
508.7986
511.5260
537.2189
517.0549
517.9860
521.7393
542.2155
533.2771
535.2419
540.2073
536.2288
537.2187
555.5816
538.2118
563.0116
546.2697
547.2912
555.5816
547.2912
554.5336
551.4100
569.5155
571.7120
570.6118
572.8156
575.0338
577.2666
576.1483
589.8163
587.4999
577.2666
582.9139
599.2394
577.2666
606.4775
590.9801
592.1480
595.6757
582.9137
607.6983
615.1134
623.9634
592.1482
602.8398
606.4774
636.9927
623.9632
617.6199
622.6857
618.8797
634.3493
625.2454
616.3644
680.5406
631.7251
664.5114
691.0956
663.0865
639.6551
630.4200
657.4407
664.5111
654.6490
657.4407
663.0865
663.0865
680.5404
670.2634
694.1644
667.3766
703.5142
673.1718
714.7043
703.5142
701.9406
714.7045
706.6801
721.2397
722.8902
692.6273
698.8120
711.4756
701.9409
668.8171
729.5581
727.8810
722.8900
746.7105
734.6302
753.7717
823.0530
750.2265
746.7105
751.9954
751.9954
846.5228
785.1444
744.9632
800.7200
794.8154
736.3350
792.8644
787.0621
775.6805
783.2356
787.0618
833.5751
744.9632
814.8051
788.9878
818.9106
820.9773
802.7056
827.2334
825.1386
837.8516
825.1386
812.7657
846.5228
814.8051
779.4417
835.7083
859.8339
844.3398
844.3398
846.5228
880.5183
806.7027
855.3557
862.0892
855.3553
887.6122
882.8717
902.1135
840.0043
892.3990
887.6125
880.5179
859.8339
902.1132
912.0194
889.9998
927.2519
909.5249
890.0002
929.8353
914.5266
1169.2307
899.6672
917.0463
924.6815
919.5786
899.6672
875.8448
912.0194
897.2328
937.6639
922.1238
953.6843
940.3000
917.0463
922.1238
964.6419
935.0412
873.5249
937.6643
973.0109
904.5715
1010.8509
709.8708
950.9800
1061.2535
978.6637
984.3768
990.1498
1007.8452
1026.1250
1007.8456
984.3768
924.6810
1001.8837
990.1503
1004.8566
961.8812
956.4025
978.6637
1205.6531
993.0597
995.9852
1048.2281
995.9856
1081.3538
984.3763
1051.4573
1019.9648
1026.1250
990.1498
1105.7012
1004.8562
1077.9556
1102.1621
1074.5769
1077.9546
1001.8833
1032.3524
1067.8767
1061.2531
1013.8720
1048.2286
1023.0366
1045.0181
1074.5769
1088.2095
1081.3538
1098.6428
1048.2286
1161.4108
1123.7161
1067.8767
1146.0576
995.9852
1098.6433
1038.6505
1091.6671
1102.1621
1067.8767
1074.5769
1102.1616
1149.8613
1142.2781
998.9263
1149.8613
1146.0582
1071.2169
1109.2616
1109.2616
1095.1450
1077.9556
1120.0707
1123.7167
1138.5204
1131.0737
1131.0742
1495.6434
1177.1476
1157.5371
1105.7012
1127.3844
1153.6873
1189.2098
1120.0702
1201.5021
1257.5955
1177.1476
1222.5186
1197.3788
1134.7864
1161.4108
1205.6525
1127.3844
1185.1638
1157.5377
1149.8607
1222.5199
1193.2814
1214.0317
1226.8042
1205.6531
1197.3794
1280.4785
1189.2098
1294.5824
1214.0317
1235.4587
1244.2262
1205.6525
1120.0707
1374.9506
1244.2262
1185.1632
1226.8042
1218.2618
1193.2820
1205.6525
1218.2618
1313.8419
1275.8397
1313.8419
1294.5824
1231.1171
1271.2327
1304.1461
1266.6564
1338.6770
1231.1171
1374.9506
1253.1096
1257.5948
1253.1090
1280.4785
1318.7395
1304.1454
1304.1454
1289.8491
1380.2831
1313.8412
1294.5817
1385.6526
1280.4785
1299.3472
1289.8484
1257.5948
1289.8491
1299.3472
1354.0024
1418.7131
1348.8573
1407.5313
1374.9498
1333.6410
1374.9514
1333.6410
1430.0613
1257.5955
1435.8004
1359.1835
1477.2065
1489.4501
1465.1493
1364.4023
1369.6571
1435.8004
1441.5811
1391.0637
1280.4778
1594.6951
1546.9827
1338.6777
1495.6434
1430.0621
1418.7123
1402.0010
1477.2056
1402.0018
1441.5820
1364.4009
1430.0621
1333.6403
1489.4501
1495.6434
1385.6534
1447.4064
1553.6334
1560.3381
1483.3037
1546.9836
1459.1899
1391.0630
1546.9827
1587.7096
1573.9120
1483.3037
1520.9071
1520.9071
1560.3391
1453.2758
1471.1543
1645.2543
1391.0630
1471.1543
1477.2056
1594.6951
1594.6940
1553.6334
1483.3037
1587.7106
1587.7106
1637.8467
1601.7375
1553.6334
1683.2544
1691.0551
1608.8378
1594.6951
1608.8389
1675.5237
1862.7452
1675.5237
1698.9230
1447.4064
1553.6344
1573.9120
1834.9218
1553.6334
1706.8605
1951.2306
1667.8586
1862.7452
1615.9996
1660.2583
1722.9473
1652.7241
1601.7365
1630.5028
1764.4463
1722.9473
1630.5028
1660.2583
1675.5226
1764.4463
1781.5784
1142.2781
1623.2207
1706.8605
1645.2554
1747.6207
1580.7825
1495.6434
1755.9960
1691.0551
1683.2555
1807.8785
1645.2543
1772.9725
2025.7675
1683.2544
1790.2650
1731.0986
1722.9473
1910.9374
1714.8682
1901.1105
1764.4463
1764.4463
1910.9374
1630.5039
1853.3813
1764.4463
1853.3827
1772.9738
1816.8091
1714.8682
1930.8818
1675.5226
1706.8593
1862.7452
1825.8221
1834.9218
1747.6219
1862.7452
1747.6207
1901.1105
1772.9725
1706.8605
2731.2410
1891.3793
1872.1980
1698.9219
1825.8221
1816.8077
1930.8833
1747.6219
1834.9218
1971.9880
1790.2638
1816.8091
1862.7439
1501.8843
1807.8773
1881.7422
1872.1980
1971.9880
1951.2290
1825.8221
1930.8833
1891.3778
1891.3793
1881.7422
1891.3793
2014.7910
1920.8611
2258.3777
3410.9097
1982.5251
1930.8818
1891.3778
2105.9272
2192.3677
1781.5784
2048.0708
1951.2275
1930.8833
1930.8833
1844.1077
1881.7422
2105.9272
1807.8773
2070.8452
2059.3979
2014.7893
1844.1077
2117.8728
1834.9218
2059.3962
2129.9502
1816.8077
2003.9225
1993.1683
2025.7690
2070.8452
2048.0708
2059.3979
2192.3677
2105.9255
2105.9255
2048.0708
2218.3232
2082.4146
2048.0708
2285.8586
1920.8611
2082.4128
2036.8600
2154.5042
2218.3232
2342.7876
2014.7910
1652.7241
2094.1062
2048.0691
2711.7976
2154.5059
2154.5059
2094.1062
1941.0040
2179.6047
2179.6064
2117.8745
2179.6064
2244.8713
2059.3979
2014.7893
2582.8477
2231.5227
2244.8733
2166.9868
2082.4146
2372.2832
2179.6064
2205.2722
2117.8745
2179.6047
2025.7675
2449.2354
2094.1062
2094.1079
2025.7675
2154.5059
2218.3232
2192.3657
2179.6047
2129.9502
2117.8745
1971.9880
2082.4128
2357.4468
2205.2722
2342.7854
2192.3657
2166.9849
2231.5227
2387.2974
3034.6526
2258.3777
2214.8535
2231.5208
2205.2722
2328.3022
2059.3962
2179.6064
2192.3677
2003.9241
2497.7498
2272.0386
2433.4641
1853.3813
2218.3232
2154.5042
2272.0386
2313.9854
2272.0386
2258.3777
2465.2041
2481.3745
2299.8386
2205.2722
2105.9272
2372.2832
2070.8435
2179.6047
2387.2974
2497.7498
2770.9392
2372.2810
2258.3777
2514.3342
2285.8586
2285.8564
2402.4998
2372.2832
2600.5430
2387.2996
2497.7498
2481.3745
2600.5430
1825.8221
2731.2410
2357.4468
2497.7498
2285.8586
2548.1516
2481.3745
2117.8745
2342.7854
2357.4446
2548.1516
2258.3777
2531.1343
2465.2041
2372.2810
2565.3882
2497.7522
2497.7522
2272.0386
2497.7522
2514.3367
2328.3022
2105.9255
2417.8843
2313.9854
2205.2705
3266.5908
2433.4617
2636.6375
2449.2354
2731.2410
2875.2329
2272.0386
2105.9272
2692.6252
2244.8733
2328.3000
2465.2041
2531.1318
2433.4641
2497.7522
2082.4146
2618.4705
2497.7522
2618.4678
2372.2832
2387.2974
2531.1367
2449.2329
2919.1001
2897.0044
2565.3882
2673.7100
2770.9392
2342.7854
2600.5430
2897.0044
2673.7100
2582.8503
2244.8733
2497.7522
2205.2705
2655.0461
2582.8503
2600.5403
2433.4617
2770.9392
2465.2065
2244.8713
2692.6226
2673.7100
2655.0461
3239.1394
2877.3955
2655.0461
2618.4705
2313.9854
2449.2329
2692.6226
2692.6226
2673.7070
2964.2834
2497.7498
2750.9519
2618.4678
2636.6348
2565.3855
3058.8364
2770.9392
2711.8005
2964.2869
2811.7668
3503.6016
2014.7910
2811.7639
2897.0076
2731.2410
2897.0044
3083.3926
2919.1033
2832.6191
2832.6162
2692.6226
2328.3022
3212.1277
2791.2090
2791.2090
2731.2410
2417.8843
1698.9230
2811.7668
3034.6563
2832.6191
2342.7854
2929.7734
2811.7668
3381.0645
2711.8005
2750.9519
2811.7639
2025.7690
4368.7520
2731.2380
3058.8328
2673.7070
2497.7522
2402.4973
2465.2019
3010.8435
2481.3745
4227.0918
2750.9519
2387.2974
2875.2297
2731.2380
2964.2869
2711.7976
2770.9392
2636.6348
2655.0488
2636.6375
3322.8750
3185.5576
2433.4641
3635.0803
2433.4617
2811.7668
2770.9392
2711.8005
2731.2380
3010.8398
2531.1343
2565.3855
2811.7639
2811.7639
2875.2329
3535.5994
3159.4065
3266.5869
3239.1394
2811.7668
2811.7668
2655.0461
2987.3862
2497.7498
2481.3745
3472.1667
2987.3896
2582.8477
2791.2090
2987.3896
3472.1667
4094.1375
2731.2380
3322.8708
3185.5576
3239.1353
3503.6016
2731.2410
3083.3926
2875.2297
2731.2410
3535.5898
3010.8435
2258.3777
3410.9097
2875.2329
2531.1367
3568.1658
3212.1318
3239.1433
2832.6191
3266.5869
3740.1587
2655.0461
3503.6062
3185.5576
3133.6685
2770.9392
3185.5537
3740.1587
2853.7693
3159.4065
3159.4065
3034.6526
2692.6226
3535.5994
3133.6646
2897.0076
3740.1587
2673.7070
3294.4976
3108.3335
3058.8328
3568.1658
3010.8398
3010.8398
2897.0076
3266.5908
2987.3896
2673.7070
3083.3889
3239.1394
2941.5273
2711.8005
3185.5576
3010.8398
3929.0742
3322.8708
3351.7224
3441.2756
3381.0688
2964.2834
2964.2834
2731.2410
2711.8005
4009.9492
3133.6685
2791.2090
3083.3926
2618.4678
2941.5239
3083.3889
2832.6191
2987.3896
2731.2380
2853.7725
3010.8398
2711.7976
2731.2410
3212.1318
3108.3335
3083.3889
2832.6162
3083.3926
3133.6685
2919.1001
2897.0044
3010.8398
2497.7498
2750.9519
2692.6226
3108.3298
2897.0044
3212.1318
2791.2061
2832.6162
2968.0137
3159.4065
1862.7439
2770.9363
3185.5537
3239.1394
3083.3926
2897.0044
2673.7070
3083.3926
3010.8435
3294.4976
2673.7070
2692.6226
2811.7639
3322.8708
3034.6563
3239.1353
2770.9392
4916.1445
2941.5239
2770.9363
2231.5227
2770.9363
2731.2410
2673.7070
2791.2090
2832.6191
2711.8005
2636.6375
2731.2410
3034.6563
2582.8477
2897.0076
2941.5273
2711.7976
2531.1343
2875.2297
3083.3926
2711.8005
2750.9519
2433.4617
2853.7725
2811.7639
2750.9519
2853.7725
3601.3206
3410.9141
3441.2800
2731.2380
3159.4065
2711.8005
3133.6685
2731.2380
2673.7070
2731.2380
2731.2410
2655.0488
2750.9490
2636.6375
2636.6375
2750.9519
2832.6191
2987.3896
2964.2834
3185.5576
2692.6252
2548.1492
2082.4128
2832.6162
2692.6252
2750.9519
2770.9392
2465.2041
2618.4678
1920.8611
2941.5273
2770.9392
2636.6348
2673.7100
2731.2410
2750.9519
2328.3000
2897.0076
2692.6252
2636.6348
2692.6252
2636.6348
2582.8477
2673.7070
2205.2705
2548.1492
2791.2090
2449.2329
2941.5273
2357.4468
2433.4617
2673.7100
2750.9519
2565.3855
2481.3745
2791.2090
2770.9392
2941.5239
2692.6226
2731.2410
2692.6252
2731.2410
2481.3745
2692.6226
2258.3757
2711.8005
2272.0386
2673.7070
2465.2019
2655.0461
2070.8435
2481.3745
2565.3882
1993.1699
2791.2090
2832.6191
2142.1599
2548.1467
2497.7498
2205.2705
2565.3882
2582.8477
2770.9363
2433.4641
2449.2354
2166.9849
2692.6226
2481.3770
2205.2705
2299.8406
2875.2329
2402.4998
2342.7854
2449.2354
2433.4663
2636.6348
2673.7070
2328.3000
2299.8406
2481.3770
2750.9519
2357.4468
2636.6348
2417.8867
2600.5403
2692.6226
2853.7725
2600.5403
2636.6348
2417.8843
2548.1516
2481.3745
2548.1516
2258.3757
2433.4617
2179.6064
2673.7100
2618.4678
2618.4705
2497.7522
2449.2329
1941.0040
2531.1318
2205.2705
2565.3831
2655.0461
2299.8386
2465.2041
2179.6047
2853.7693
3266.5950
2481.3745
2433.4617
2402.4998
2205.2722
2548.1516
2218.3213
2673.7100
2313.9875
2142.1599
2048.0691
2481.3745
2036.8617
2692.6252
2417.8843
2449.2354
2192.3657
2497.7522
2014.7910
1430.0621
2497.7498
2142.1619
2192.3657
1881.7437
2244.8713
2372.2810
2272.0386
2192.3657
2618.4678
2192.3657
2205.2722
2179.6064
2142.1619
2387.2996
2372.2832
2244.8733
2258.3777
2205.2705
2231.5227
2328.3022
2433.4641
2372.2832
2433.4641
2105.9255
2117.8745
2357.4468
2036.8600
2258.3777
2402.4998
2154.5042
2357.4468
2272.0386
2231.5227
2231.5208
2154.5042
1691.0538
1881.7408
2059.3962
1891.3793
2105.9255
2328.3000
2048.0708
2514.3367
2014.7893
2402.4998
2154.5059
2094.1079
2285.8586
2179.6047
2154.5042
1941.0040
2129.9521
2919.1033
1930.8818
2142.1619
2218.3232
2059.3979
2082.4146
2014.7893
2205.2722
2205.2722
2070.8452
2036.8617
1540.3853
2565.3831
2166.9868
2218.3232
2036.8617
2070.8435
1807.8773
1881.7422
1982.5251
1872.1967
2082.4146
1862.7452
2025.7675
2192.3677
1971.9865
2036.8600
2154.5059
1844.1077
2059.3962
2129.9521
1920.8611
1951.2290
2105.9255
2105.9272
1901.1105
2014.7910
1891.3793
1807.8773
1816.8077
1961.5570
1930.8818
1881.7422
1982.5251
2048.0708
2166.9849
1993.1715
2048.0691
1424.3665
1722.9460
1881.7422
1816.8091
1844.1077
1961.5570
1961.5555
1971.9880
1951.2290
2003.9241
2036.8584
1816.8091
1901.1105
1881.7408
2003.9225
1764.4463
1941.0040
1862.7452
1881.7422
1675.5226
1862.7452
1772.9725
1722.9473
1844.1077
1731.0986
1862.7452
2417.8843
1910.9374
1755.9948
1755.9948
1807.8773
1872.1980
1862.7452
1747.6207
1508.1760
1781.5797
1675.5237
1862.7452
2218.3232
1615.9985
1881.7422
1739.3220
1853.3827
1683.2544
1781.5797
1731.0986
1630.5039
1799.0297
1615.9985
1560.3381
1825.8221
1747.6219
1675.5226
1623.2207
1891.3778
1683.2555
1781.5784
1601.7375
1630.5028
1637.8478
1714.8671
1739.3220
1594.6960
1731.0986
1623.2196
1652.7241
1645.2554
1580.7825
1601.7375
1623.2207
1601.7375
1527.3477
1637.8467
1652.7253
1645.2554
1630.5028
1660.2594
1594.6940
1573.9120
1501.8853
1546.9836
1546.9827
1508.1752
1623.2207
1608.8378
1567.0984
1601.7375
1567.0974
1520.9071
1799.0297
1567.0974
1601.7375
1698.9230
1489.4492
1495.6426
1465.1501
1567.0984
1540.3862
1587.7096
1354.0024
1483.3047
1630.5028
1495.6434
1567.0984
1418.7123
1608.8389
1540.3862
1501.8853
1413.1007
1483.3047
1483.3047
1465.1493
1407.5313
1447.4064
1483.3037
1385.6534
1396.5120
1407.5304
1477.2065
1514.5156
1471.1543
1308.9767
1354.0024
1430.0621
1413.1014
1285.1472
1471.1552
1413.1014
1338.6777
1413.1007
1354.0017
1313.8419
1447.4072
1226.8042
1218.2618
1402.0018
1285.1472
1364.4016
1285.1472
1222.5192
1222.5192
1573.9120
1313.8419
1313.8412
1280.4778
1369.6564
1201.5028
1271.2333
1308.9767
1253.1090
1338.6777
1197.3794
1205.6525
1235.4581
812.7661
1294.5824
1323.6719
1285.1479
1231.1171
1253.1096
1285.1479
1280.4778
1289.8484
1275.8397
1181.1426
1299.3479
1253.1090
1084.7717
1323.6726
1197.3788
1275.8403
1222.5192
1275.8403
1318.7402
1161.4108
1131.0737
1262.1112
1253.1096
1218.2625
1161.4108
1112.8431
1289.8491
1197.3788
1146.0582
1205.6519
1109.2621
1257.5948
1226.8048
1153.6873
1169.2307
1226.8048
1112.8431
1081.3533
1153.6873
1173.1769
1380.2831
1095.1445
1201.5034
1138.5209
1102.1616
1142.2776
1146.0582
1023.0362
1088.2089
1054.7041
1084.7712
1131.0742
1098.6428
1045.0172
1134.7858
1127.3844
1095.1450
1010.8509
1038.6500
1105.7012
1067.8772
1064.5560
1051.4568
1084.7712
1061.2531
1051.4563
1084.7717
1071.2174
1197.3794
1051.4568
1048.2286
1112.8436
1010.8505
1010.8509
990.1498
1181.1432
993.0597
1038.6495
1077.9556
1095.1450
1048.2286
1026.1250
1032.3529
995.9852
1084.7717
935.0416
995.9856
1067.8772
1032.3529
1001.8833
932.4321
1013.8725
981.5125
1127.3844
950.9800
948.2900
940.3008
953.6843
1004.8562
984.3763
945.6133
914.5266
912.0194
912.0194
970.2071
959.1352
942.9495
932.4316
917.0463
887.6122
917.0463
940.3004
927.2519
885.2364
922.1235
882.8717
909.5245
899.6672
887.6122
922.1238
875.8452
890.0002
818.9106
892.3994
880.5179
878.1758
899.6669
871.2163
917.0463
820.9770
871.2160
868.9183
827.2331
880.5183
840.0043
848.7150
835.7086
842.1671
878.1758
820.9770
804.6996
810.7357
831.4515
859.8342
835.7079
796.7747
846.5228
837.8516
827.2334
818.9106
810.7357
814.8048
790.9219
787.0618
779.4417
804.6996
744.9632
790.9216
804.6999
862.0892
808.7150
835.7086
743.2233
788.9878
788.9878
727.8810
734.6302
744.9634
751.9954
750.2265
716.3284
746.7103
734.6302
736.3350
732.9328
691.0958
738.0466
719.5963
706.6801
706.6799
694.1642
729.5581
706.6799
691.0958
683.5273
726.2107
680.5406
724.5471
688.0510
677.5764
711.4752
691.0958
697.2565
663.0865
668.8171
686.5372
689.5705
697.2565
645.0383
633.0350
645.0381
667.3766
664.5114
651.8778
656.0425
660.2533
638.3217
639.6553
617.6198
649.1271
642.3367
631.7249
676.1027
623.9634
629.1193
616.3646
620.1439
599.2394
602.8398
606.4774
627.8235
598.0474
605.2607
601.6355
608.9236
589.8162
587.4998
600.4354
602.8398
605.2609
581.7767
590.9801
580.6437
584.0544
563.0114
569.5154
569.5155
572.8156
571.7120
575.0338
555.5814
550.3754
549.3442
558.7452
546.2697
541.2098
540.2075
551.4100
554.5338
592.1480
568.4227
538.2118
575.0336
522.6846
531.3243
540.2075
525.5382
522.6845
525.5381
511.5260
524.5841
509.7050
513.3579
505.1993
517.0548
504.3065
505.1993
492.9313
490.3670
505.1993
505.1993
465.8918
492.0741
484.4687
496.3854
502.5281
492.0741
456.6610
465.8920
479.5061
477.0563
491.2193
477.0560
465.8920
449.1954
465.8920
473.0188
449.9330
458.1785
456.6610
470.6232
452.1575
452.1575
447.7262
449.1954
458.9404
441.9272
446.2649
431.3791
433.4557
438.3650
430.0035
428.6351
433.4557
431.3790
421.8979
426.5957
422.5639
424.5721
415.9793
425.9195
410.8300
414.0362
427.2739
400.2221
408.9256
401.4472
402.0620
405.1587
401.4471
392.9955
395.3812
405.7827
402.0620
393.5899
368.7304
388.2927
395.3810
383.6787
385.3987
381.9709
382.5389
380.8390
372.5165
380.2751
375.2586
369.2677
362.9021
381.4043
367.6599
358.7535
370.8864
369.2676
367.6598
363.9510
356.1982
369.2675
366.5941
361.8579
356.1982
344.8010
347.2299
350.6754
354.6786
340.0215
340.9692
337.6700
353.6711
338.1383
343.3563
339.5492
335.3437
335.3437
333.0418
338.6076
333.5002
326.7242
330.3115
326.2799
319.7261
324.9529
317.1606
319.2963
317.1606
301.2203
305.9937
310.0591
308.0163
301.2203
309.2395
305.9937
305.5916
298.4873
301.6138
297.7132
297.3273
296.1741
293.1314
291.6275
291.6275
292.7543
293.5092
287.5505
283.1987
284.6384
274.4389
278.9434
272.3958
274.0969
280.3513
276.8510
274.0968
273.7554
272.0575
271.3827
274.4389
260.5908
262.5061
264.4417
261.2269
266.0707
258.6956
262.1854
253.4327
254.9645
254.6571
255.5810
255.8900
251.3103
249.2131
252.5199
249.8098
248.9156
250.4084
245.6757
244.8025
237.4158
241.3534
232.4845
233.5679
237.9727
234.3850
249.5112
231.4081
232.2147
226.3894
230.0725
231.6766
230.6055
224.5785
227.1717
225.8699
222.7876
220.0128
221.0162
218.7672
216.3051
220.5137
222.2794
211.0198
212.4436
211.9676
210.5480
208.2107
208.6754
208.4429
205.9084
202.9661
203.4150
198.3310
205.2243
202.5185
197.4642
193.8356
199.6408
190.9132
193.2044
190.2945
188.6575
190.7067
189.4737
190.0889
185.2394
185.8366
184.6445
183.6587
181.1272
180.1655
183.2663
171.6172
179.2103
171.6172
177.1318
171.6172
171.6172
172.3398
168.5886
171.2574
168.7649
167.0125
169.2952
163.7449
165.6268
164.4262
160.8884
159.2369
161.5550
159.4011
159.4011
155.8357
153.9320
154.5634
153.6175
151.1290
152.8345
150.0555
147.9359
150.0555
147.6361
147.3369
144.0934
145.5571
144.3848
144.0934
141.6448
138.6870
141.0757
136.6182
139.1051
138.9655
136.3450
137.7170
134.9888
142.2165
134.3165
131.6653
131.7964
132.4543
129.9740
130.1032
130.1032
127.6725
127.9259
126.6643
125.6650
123.3267
122.9619
121.3949
123.6927
121.7545
121.0364
119.4961
121.0364
118.2095
118.6757
118.6757
119.8497
117.6297
117.1681
116.7084
115.0017
113.9905
111.6677
118.3259
116.0224
116.3649
117.3987
118.2096
119.1438
122.2359
126.1636
123.9374
126.0387
124.3053
127.6725
127.4196
135.2588
132.3224
131.7964
135.5294
137.3038
136.2087
140.7922
141.7875
146.7408
144.6768
148.8399
150.2083
151.2831
151.4374
153.6175
153.4605
156.4767
157.2824
159.5655
163.5752
162.8983
164.9394
167.5358
167.7107
170.5405
169.6498
171.9780
171.9780
171.9780
178.2616
185.2394
182.6796
183.0705
189.0650
187.6437
191.9502
191.3271
194.6814
195.3189
197.4642
197.2483
200.3000
209.8431
201.4052
203.4150
219.0156
209.3750
206.8252
214.8459
216.5496
215.5738
215.0881
219.5134
217.0397
224.3215
228.2206
228.2207
228.2206
228.7477
231.1402
238.5315
231.6766
237.1379
239.3732
238.8116
243.0693
242.4954
245.6757
250.4084
250.7085
250.4084
249.2131
248.0260
259.6407
264.4418
260.2736
265.0916
259.3251
267.0550
264.4418
269.0398
270.3750
272.0576
273.7554
280.3512
279.2944
281.7696
286.8184
285.3624
284.2775
289.0232
290.1351
293.8877
292.7544
294.2669
302.4031
293.5092
296.9422
301.6138
307.2049
305.5916
305.9937
307.6101
306.8004
308.4232
316.3124
319.7261
330.7641
326.7242
322.3233
322.3232
330.7640
328.9591
331.6723
333.5002
333.0417
333.5002
340.9692
343.3563
340.9692
341.9210
349.1922
347.7188
349.6856
354.1742
350.6754
362.9021
354.1743
356.1981
370.3456
357.7279
365.0046
365.5332
365.0046
365.0046
373.6096
371.9720
376.9191
371.4286
379.1512
383.1081
384.8239
385.3987
342.3984
394.7825
399.0030
391.2213
400.2221
392.4028
399.0031
403.9155
397.7898
414.0362
423.9009
395.3812
424.5721
400.2221
407.6636
415.9793
438.3650
422.5638
426.5958
434.1515
434.1516
432.7616
441.2111
446.9947
458.9403
439.0737
444.0875
452.9030
444.8114
458.1785
461.2385
455.1516
468.2477
465.8918
469.8292
445.5373
459.7043
476.2443
470.6231
503.4160
466.6750
499.0025
475.4344
471.4195
485.3042
485.3040
477.8705
486.9820
484.4687
494.6534
478.6871
491.2193
496.3856
506.9935
538.2120
512.4406
509.7051
528.4180
521.7391
516.1264
499.8800
520.7967
513.3580
532.2991
537.2189
514.2781
517.0548
536.2287
520.7966
531.3243
547.2912
531.3245
552.4481
549.3443
560.8716
553.4891
571.7120
571.7120
572.8156
551.4100
564.0866
566.2477
590.9801
586.3475
581.7769
590.9803
573.9229
589.8162
604.0483
573.9227
570.6118
575.0338
604.0482
592.1480
588.6561
608.9235
598.0474
611.3865
639.6551
617.6198
633.0347
629.1194
645.0379
618.8797
630.4200
610.1531
639.6553
625.2454
649.1271
636.9926
629.1193
660.2533
668.8173
651.8778
653.2611
649.1271
650.4999
664.5114
665.9413
677.5764
679.0557
654.6492
667.3764
656.0423
674.6346
616.3644
701.9409
713.0869
670.2634
683.5273
683.5276
698.8122
694.1642
724.5471
692.6271
719.5960
741.4908
724.5471
717.9589
744.9634
741.4908
734.6304
734.6304
750.2265
616.3646
711.4754
775.6805
820.9770
802.7056
800.7197
785.1447
777.5573
746.7105
798.7432
806.7030
781.3344
783.2353
785.1444
743.2233
750.2265
816.8530
814.8051
722.8902
818.9106
794.8154
827.2334
1304.1461
781.3347
844.3395
859.8342
818.9106
835.7079
816.8533
844.3401
842.1671
853.1320
894.8102
857.5897
878.1758
875.8448
855.3557
887.6125
871.2163
857.5897
850.9188
855.3553
890.0002
855.3553
890.0002
859.8339
909.5249
917.0463
935.0412
890.0002
873.5249
917.0467
902.1132
878.1761
929.8349
882.8717
882.8717
859.8339
924.6815
940.3008
924.6815
937.6639
929.8349
902.1132
922.1238
880.5179
924.6815
978.6637
922.1238
935.0412
950.9804
984.3763
967.4175
998.9263
975.8303
970.2071
945.6130
887.6125
975.8303
942.9499
975.8303
995.9856
1098.6428
995.9852
1023.0362
1016.9105
984.3768
998.9268
1026.1250
1430.0621
1071.2169
956.4029
1004.8566
1045.0176
1019.9648
987.2559
1016.9105
993.0602
1038.6500
1001.8833
1045.0181
1054.7041
1112.8436
1007.8452
1041.8254
1051.4568
1035.4927
1074.5769
1105.7012
1071.2169
1116.4464
1026.1245
1048.2286
1102.1616
1091.6671
1054.7037
1109.2621
1057.9698
1120.0707
1084.7712
1138.5209
1091.6666
1102.1621
1134.7858
1084.7706
1138.5204
1120.0707
1127.3844
1157.5371
1116.4464
1116.4464
1105.7012
1116.4459
1109.2621
1131.0737
1057.9694
1189.2098
1181.1432
1226.8048
1127.3844
1138.5209
1134.7858
1131.0742
1244.2262
1181.1426
1189.2104
1189.2098
1222.5199
1173.1769
1209.8293
1201.5028
1239.8281
2618.4678
1193.2814
1189.2098
1181.1426
1262.1112
1248.6533
1257.5955
1189.2098
1280.4785
1299.3479
1193.2820
1201.5028
1189.2098
1275.8397
1280.4778
1205.6525
1244.2262
1185.1638
1308.9774
1231.1178
1248.6533
1825.8221
1280.4778
1359.1835
1285.1472
1205.6531
1235.4581
1424.3665
1271.2333
1275.8403
1294.5817
1253.1096
1396.5128
1338.6770
1364.4016
1343.7491
1262.1105
1244.2256
1318.7395
1318.7402
1430.0621
1396.5128
1348.8573
1380.2822
1343.7491
2218.3232
1407.5313
1318.7395
1348.8580
1294.5817
1308.9767
1396.5120
1380.2815
1391.0630
1385.6534
1413.1014
1418.7123
1413.1007
1359.1827
1501.8843
1374.9506
1396.5120
1477.2065
1501.8853
1418.7131
1391.0630
1407.5313
1495.6434
1385.6534
1465.1493
1546.9827
1471.1552
1407.5304
1471.1543
1527.3477
1623.2207
1430.0621
1391.0621
1580.7825
1477.2056
1435.8004
1580.7834
1275.8397
1587.7106
1495.6434
1514.5165
1465.1493
1222.5192
1508.1752
1465.1501
1706.8605
1520.9061
1527.3485
1495.6426
1508.1760
1580.7825
1601.7375
1540.3853
1546.9836
1560.3391
1471.1543
1623.2207
1714.8682
1495.6426
1615.9996
1573.9120
1652.7253
1645.2554
1675.5237
1731.0986
1652.7253
1495.6434
1540.3853
1580.7845
1587.7096
1698.9230
1608.8389
1731.0986
1587.7096
1546.9827
1667.8574
1844.1091
1698.9219
1698.9230
1615.9996
1706.8605
1844.1077
1993.1699
1623.2207
1465.1501
1615.9996
1567.0984
1790.2650
1698.9230
1587.7096
1698.9230
1652.7241
1637.8467
1418.7123
1764.4463
1825.8221
1683.2544
1722.9473
1691.0551
1714.8671
1807.8773
1790.2638
1714.8682
1675.5226
1910.9374
1691.0538
1853.3827
1739.3220
1891.3793
1799.0310
1698.9219
2192.3677
1764.4449
1930.8833
1731.0986
1739.3220
1772.9738
1755.9960
1881.7422
1755.9948
1872.1980
1781.5797
1816.8077
1834.9218
2070.8452
1853.3827
1816.8077
1483.3037
1844.1091
1825.8221
1834.9218
1799.0297
1901.1105
1920.8611
2003.9257
2014.7910
1862.7452
2117.8745
1853.3827
1901.1091
2025.7690
1982.5251
1520.9071
1910.9374
2655.0461
2465.2041
1993.1699
1930.8833
1872.1967
1764.4463
1881.7422
2192.3657
1971.9880
2003.9241
1993.1715
2142.1619
2082.4146
2014.7910
1781.5797
1930.8833
1901.1091
2179.6047
1961.5570
2025.7690
2129.9502
2105.9272
1993.1683
2014.7893
1853.3827
2142.1619
1971.9880
2192.3677
1862.7452
2094.1062
1853.3827
1781.5784
1799.0297
2036.8617
2129.9521
1951.2275
2105.9272
2154.5059
2258.3777
9284.3691
2105.9272
2094.1079
2154.5059
2129.9502
2231.5227
2285.8586
2117.8745
2402.4998
1872.1980
2192.3677
2094.1079
2014.7910
2179.6047
2179.6064
2036.8600
2082.4128
2117.8728
2059.3962
2003.9241
2285.8586
2036.8600
2154.5042
2105.9272
2402.4998
2117.8728
2192.3657
2328.3000
5042.1294
2142.1619
2258.3777
1881.7422
2179.6047
2372.2832
2205.2705
2142.1619
2342.7876
2205.2722
2192.3677
2129.9502
2258.3777
2272.0386
2105.9272
2205.2722
2328.3022
2154.5059
2417.8867
2166.9849
2258.3777
2218.3232
2673.7070
2192.3657
2299.8406
2231.5227
2218.3213
2417.8843
2205.2705
2231.5227
2357.4468
2272.0366
2433.4641
2154.5059
2117.8728
1615.9996
2258.3757
2272.0386
2387.2974
2244.8733
2433.4641
2600.5403
2272.0386
2231.5208
2205.2705
2711.8005
2258.3777
2582.8477
1920.8611
2449.2354
2192.3657
1731.0974
2205.2705
2342.7854
2218.3232
2357.4468
4572.7183
2636.6348
2402.4973
2531.1343
2417.8867
9735.1426
2357.4446
2655.0488
2636.6375
2565.3855
2166.9868
2285.8564
2328.3022
2328.3000
2372.2810
2417.8867
2548.1492
2618.4678
2531.1343
2875.2297
2402.4998
2205.2705
2205.2722
2342.7876
2387.2996
2750.9519
2465.2065
2692.6252
2711.8005
2497.7498
2048.0708
2449.2354
2731.2410
2433.4641
2514.3367
2600.5403
2205.2705
2548.1492
2497.7498
2548.1492
2582.8477
2531.1367
2154.5059
2791.2090
2565.3882
2481.3745
2497.7498
2731.2380
2497.7522
2636.6375
2600.5430
2750.9519
2531.1318
2433.4617
9735.1426
2600.5430
2497.7498
2481.3770
2582.8477
2600.5430
2357.4468
2673.7070
2497.7498
2692.6226
2387.2974
2372.2810
2618.4678
2548.1516
2497.7522
2673.7100
2618.4705
2387.2974
2731.2410
2636.6375
2481.3745
3159.4065
2791.2090
2417.8843
3108.3298
2328.3022
2514.3342
2731.2380
2618.4705
2449.2329
2565.3855
2481.3770
2449.2329
2655.0461
2673.7070
2791.2090
3813.5583
2692.6226
2811.7639
2565.3882
2832.6191
2673.7100
2692.6226
2692.6226
2449.2329
2919.1033
2655.0488
2919.1001
2565.3882
2548.1516
2791.2090
2711.7976
2731.2380
2636.6348
2497.7522
2179.6064
3083.3926
2711.7976
2433.4641
2497.7522
2692.6226
2770.9392
2770.9392
4855.4346
2673.7070
2548.1516
2636.6375
2105.9255
2964.2869
2750.9519
3058.8364
2342.7854
2692.6252
3159.4065
2987.3862
2750.9519
2636.6375
3159.4065
2731.2410
3239.1394
2875.2297
2673.7100
2770.9363
2655.0461
2673.7100
2987.3862
2655.0461
2791.2061
3034.6599
2897.0044
2692.6252
3568.1609
2832.6191
2673.7070
3034.6563
2711.7976
2402.4973
3266.5908
2919.1033
2770.9363
3034.6563
3083.3889
2964.2834
3159.4065
2875.2329
3159.4065
3212.1318
2811.7639
2832.6162
2770.9363
2770.9363
2750.9519
2832.6191
2770.9363
2853.7725
3441.2756
2941.5273
2770.9392
2875.2329
2770.9363
2673.7100
2205.2705
3351.7268
3133.6646
2618.4705
2875.2297
2853.7725
2731.2410
2875.2329
2875.2297
2673.7100
3058.8328
2218.3232
3159.4065
2582.8477
3083.3889
2565.3855
2919.1033
1862.7452
2402.4973
3239.1353
3322.8708
2565.3882
2731.2410
3108.3335
2964.2834
3083.3926
3294.4934
3351.7180
3034.6563
1951.2290
3133.6685
2832.6191
2897.0044
3083.3926
5174.5854
3185.5576
3351.7224
2853.7693
2791.2090
2514.3342
3010.8398
2673.7100
3133.6646
3568.1658
3266.5908
3294.4976
3058.8364
3185.5576
2770.9392
3058.8364
3083.3926
3239.1394
3058.8328
3294.4976
3813.5527
3212.1318
2750.9490
2673.7070
2731.2380
3410.9097
3058.8364
2919.1001
3034.6526
3472.1667
3351.7224
2964.2869
2897.0044
3322.8708
3010.8435
3239.1394
3441.2756
2832.6191
3381.0645
3010.8398
3535.5994
3058.8328
2731.2380
2875.2329
3185.5537
3568.1658
2791.2090
3108.3298
2875.2297
3322.8708
3381.0645
3212.1318
2791.2061
4009.9492
3159.4065
2941.5239
3503.6016
2655.0461
3108.3298
3108.3298
3351.7268
3083.3889
3322.8667
2919.1001
3239.1394
3441.2710
3212.1318
3441.2756
5954.4360
2770.9363
3133.6646
3537.4854
3410.9141
2875.2297
3266.5908
2731.2410
2832.6191
4519.9932
2919.1001
6766.6265
2770.9392
3441.2756
2750.9519
2700.0781
2770.9392
3159.4065
3034.6526
3058.8328
3212.1277
2919.1001
2600.5403
3058.8364
2832.6191
2897.0044
3381.0688
2897.0076
2387.2974
2582.8477
2692.6226
2655.0461
3381.0688
2987.3862
2449.2329
2711.7976
2731.2410
2692.6226
3410.9141
3010.8398
3108.3335
2791.2090
2643.2344
2673.7070
3058.8364
2964.2869
3441.2756
3441.2756
2655.0488
3159.4026
3441.2800
2514.3367
3010.8398
2711.7976
2897.0044
2791.2061
3108.3335
3185.5576
2964.2834
3851.3206
2964.2869
2832.6191
2964.2834
3294.4934
2941.5239
2987.3896
2692.6252
2750.9490
2770.9392
2941.5239
2618.4678
3133.6685
2497.7498
2582.8477
2853.7725
2655.0461
2465.2019
2285.8586
2964.2869
3266.5908
5107.5103
3503.5969
2964.2834
2692.6226
2964.2834
3410.9141
3322.8750
2655.0488
2692.6226
2941.5239
2618.4705
2673.7100
3010.8398
3776.5112
3058.8328
2711.8005
2565.3855
3503.6016
2832.6162
3381.0645
2853.7693
2655.0461
3034.6563
2618.4705
3568.1560
2600.5430
2481.3745
2014.7910
2481.3770
2853.7693
3034.6563
3010.8398
2770.9392
2692.6252
4738.3447
2655.0461
2941.5273
2875.2329
2897.0076
2770.9363
2465.2041
2987.3862
2875.2297
2565.3882
2673.7070
2770.9363
2791.2061
2750.9519
2600.5430
2791.2061
2875.2297
4051.6104
2711.7976
2402.4998
2811.7639
2811.7639
3851.3149
2655.0488
3503.5969
3010.8398
3410.9141
2731.2410
2433.4617
2655.0461
3351.7224
2832.6162
3159.4065
2497.7522
2692.6226
2531.1318
2655.0461
2481.3745
4273.2964
2875.2329
3535.5994
2481.3745
2582.8503
2565.3882
3083.3926
2258.3777
2791.2061
2565.3855
2636.6348
2791.2061
2600.5403
2387.2974
2600.5376
2655.0461
2514.3367
2618.4678
2342.7854
2711.7976
2465.2041
2231.5227
2449.2329
2357.4446
2600.5403
2673.7070
2636.6375
2618.4705
2711.8005
2342.7876
2531.1318
2731.2410
2548.1492
2692.6226
2548.1492
2618.4678
2582.8477
2497.7522
2791.2090
2692.6226
2433.4617
2433.4617
2372.2832
2244.8713
2465.2019
2750.9519
2192.3657
2497.7498
2481.3745
2357.4468
2449.2354
2655.0461
2548.1492
9735.1084
2313.9854
2417.8843
2465.2065
2565.3855
2465.2041
2481.3745
2357.4446
2258.3777
2272.0366
2299.8386
2179.6047
2342.7854
2387.2996
2328.3000
2514.3342
2372.2810
2244.8733
2357.4468
2258.3757
2417.8843
2036.8600
1961.5540
2231.5208
2357.4468
2299.8386
2142.1599
2387.2974
2342.7854
2481.3770
2582.8477
2433.4641
2497.7498
1834.9218
2258.3757
2231.5227
2449.2329
2218.3213
2221.7578
2218.3213
2417.8867
2342.7854
2205.2705
3381.0688
3058.8328
2417.8867
2433.4617
2179.6047
2003.9257
2258.3777
2313.9854
2179.6047
2142.1599
2357.4446
2449.2354
2231.5227
2328.3000
2258.3757
2205.2705
2166.9849
2285.8586
2179.6047
2402.4973
1961.5570
2313.9875
2036.8600
2449.2354
2231.5208
2372.2832
2272.0386
2218.3232
2449.2354
1993.1683
2166.9849
2853.7725
2025.7675
2258.3777
2192.3657
2179.6064
2059.3962
1891.3778
2117.8745
2082.4128
1834.9231
2258.3757
2142.1619
2048.0708
1961.5570
2166.9868
2070.8435
1971.9865
1941.0040
2179.6047
2094.1062
2117.8728
1910.9388
1930.8818
1920.8611
2154.5042
2025.7675
1540.3853
2179.6047
2048.0708
2025.7675
1834.9218
1825.8221
1772.9738
1993.1699
2711.7976
2192.3657
1910.9374
1891.3793
2070.8452
2059.3979
2014.7910
2070.8452
1553.6334
2142.1619
1825.8221
1982.5251
2166.9849
1862.7452
1862.7439
1920.8596
1799.0297
1951.2275
2025.7690
1941.0055
1807.8773
1941.0055
1844.1091
1546.9836
1872.1967
2166.9868
1930.8833
1862.7439
1881.7408
1910.9359
1781.5784
1781.5797
1853.3827
1853.3813
1799.0310
1825.8221
1747.6207
1930.8818
1816.8077
1844.1077
1891.3793
1862.7452
1714.8671
1799.0297
1772.9725
1844.1091
1853.3827
1971.9865
1714.8682
1901.1105
1891.3778
1706.8593
1834.9218
1799.0310
1872.1980
1764.4449
1764.4449
1739.3232
1781.5784
1698.9230
1652.7241
1881.7422
1683.2544
1691.0538
1844.1077
1816.8091
1790.2638
1540.3853
1764.4463
1587.7096
1722.9460
1747.6219
1739.3220
1667.8586
1660.2583
1731.0986
1546.9836
1608.8378
1691.0551
1594.6951
1714.8671
1747.6207
1567.0995
1594.6940
1844.1091
1660.2572
1630.5028
1540.3853
1698.9230
1731.0986
2036.8600
1683.2544
1527.3485
1580.7825
1675.5237
1459.1899
1567.0984
1608.8389
1553.6344
1489.4492
1580.7825
1540.3862
1501.8853
1683.2544
1514.5165
1527.3477
1418.7131
1495.6426
1706.8605
1580.7825
1477.2056
1501.8853
1573.9120
1508.1752
1447.4064
1407.5304
1465.1493
1477.2065
1435.7996
1520.9071
1501.8853
1501.8843
1691.0527
1477.2065
1441.5820
1514.5165
1407.5304
1553.6334
1520.9061
1424.3665
1413.1014
1489.4501
1540.3862
1465.1501
1354.0032
1304.1454
1430.0621
1637.8467
1514.5165
1333.6410
1359.1835
1313.8419
1495.6434
1380.2831
1862.7452
1328.6387
1369.6564
1338.6770
1418.7123
1328.6394
1380.2831
1348.8580
1323.6726
1343.7491
1253.1096
1285.1472
1385.6526
1391.0630
1402.0010
1275.8403
1338.6777
1465.1493
1396.5128
1271.2327
1374.9506
1294.5817
1318.7402
1318.7395
1275.8403
1308.9767
1323.6726
1323.6719
1244.2262
1222.5199
1402.0018
1271.2333
1308.9774
1257.5948
1235.4581
1239.8281
1173.1774
1318.7402
1235.4581
1257.5955
1226.8042
1275.8397
961.8812
1248.6526
1177.1470
1218.2625
1098.6428
1244.2262
1308.9774
1142.2776
1120.0702
1231.1171
1239.8281
1161.4108
1185.1638
1222.5199
1244.2262
1189.2104
1157.5377
1157.5377
1112.8431
1343.7499
1173.1769
1120.0707
1127.3839
1185.1632
1146.0576
1004.8566
1201.5021
1109.2616
1181.1432
1095.1445
1165.3083
1231.1171
1134.7858
1091.6671
1116.4464
1081.3533
1142.2781
1051.4573
1061.2526
1105.7012
1235.4581
1048.2286
1084.7712
1061.2526
1098.6433
1161.4114
1074.5764
1054.7041
1077.9551
1074.5769
1054.7041
1064.5560
1045.0176
1071.2174
1071.2174
1029.2299
1112.8431
1004.8562
1064.5560
1032.3529
1041.8250
1045.0172
975.8299
1019.9648
973.0109
1019.9648
984.3763
846.5225
953.6843
995.9856
984.3768
1004.8562
984.3768
948.2896
987.2554
981.5129
993.0597
995.9852
995.9852
935.0416
956.4029
935.0412
907.0419
995.9856
948.2896
940.3008
1029.2303
902.1135
924.6810
967.4171
1016.9105
875.8448
932.4316
917.0463
907.0419
890.0002
917.0463
961.8816
890.0002
887.6125
897.2328
912.0194
924.6815
794.8152
919.5789
857.5894
873.5249
855.3553
871.2160
880.5179
864.3549
887.6125
878.1761
862.0889
840.0043
885.2361
842.1671
848.7154
850.9188
866.6309
806.7027
853.1320
802.7053
823.0533
880.5179
816.8530
794.8154
827.2334
677.5762
837.8516
802.7053
798.7432
823.0533
825.1386
781.3344
802.7053
734.6302
814.8048
736.3348
792.8644
781.3344
792.8644
783.2356
750.2265
781.3344
779.4417
777.5573
738.0466
700.3732
781.3344
744.9632
722.8902
721.2397
726.2107
721.2397
750.2265
729.5581
750.2265
717.9589
738.0463
719.5960
706.6801
717.9592
667.3764
726.2104
639.6553
701.9409
688.0510
691.0956
688.0508
689.5707
709.8704
703.5139
683.5276
706.6801
695.7076
663.0867
658.8445
688.0508
705.0937
676.1027
651.8781
714.7045
667.3764
633.0347
665.9413
653.2611
653.2611
664.5114
651.8778
639.6551
657.4409
649.1270
629.1194
631.7249
608.9235
626.5320
638.3215
620.1437
617.6198
608.9235
618.8795
622.6857
588.6562
588.6559
679.0557
645.0381
599.2394
587.4999
580.6435
588.6561
567.3333
601.6355
590.9801
571.7118
589.8163
582.9139
563.0116
577.2666
571.7120
553.4891
565.1653
560.8716
569.5155
551.4102
557.6873
545.2515
553.4891
573.9227
554.5338
525.5381
541.2100
556.6327
551.4099
549.3443
529.3837
545.2513
534.2580
537.2189
521.7393
528.4180
521.7391
514.2781
504.3064
510.6140
525.5382
508.7986
507.8947
506.9937
495.5182
500.7601
506.9937
482.8051
500.7601
494.6535
506.9936
487.8246
486.9820
481.1510
471.4194
478.6872
482.8051
483.6358
475.4344
474.6268
489.5170
479.5061
462.7810
458.1785
469.0374
452.1574
473.8217
434.8491
444.0875
447.7263
469.8292
452.9029
444.0875
443.3654
445.5370
434.1515
441.2110
440.4966
440.4966
443.3654
434.1515
438.3649
422.5638
430.0035
416.6304
419.2509
421.2335
421.8979
421.8979
419.9101
411.4681
413.3918
410.1937
402.0620
399.6118
399.0031
405.7827
399.0030
403.9154
400.2221
384.8240
385.9748
384.2506
384.2506
381.4043
403.2961
391.2213
380.8390
384.2507
373.0624
367.6598
381.9709
375.2586
400.2221
380.8391
372.5165
362.3794
366.5941
362.9020
365.0046
361.8578
360.3004
355.1839
354.1743
356.1981
351.1720
353.1690
357.2169
351.1719
353.1691
352.1683
350.6754
351.6696
344.3184
339.5492
350.6754
336.2712
342.8767
340.9692
332.1279
332.1278
331.2177
328.5103
327.6153
324.5122
325.8366
327.1692
332.1279
318.0122
312.9538
320.5882
318.4395
312.1226
303.5929
310.8820
306.3966
307.6101
305.5916
305.1902
306.8004
312.5378
303.1955
295.7912
295.7912
297.7132
298.4873
297.3274
289.3931
286.4533
286.0890
293.8877
286.8184
285.7253
285.0000
283.9172
279.6460
287.1841
281.7696
276.8510
275.1249
278.2433
269.7062
268.7075
271.0461
269.3727
274.7816
269.3727
267.7143
264.4417
263.4713
254.6571
258.3818
259.6407
254.6571
251.0091
251.0091
252.2167
255.5810
245.0931
246.8468
244.8026
244.2228
241.9234
245.3842
244.5125
240.2190
242.4954
239.0921
237.1380
231.4081
237.1380
230.0725
231.9454
230.8726
231.6766
230.3388
231.1402
232.4845
225.6109
222.2795
221.2681
219.7629
208.2108
222.5333
220.5137
215.8172
220.0128
214.1214
214.1214
213.1605
210.0778
207.2856
207.7475
207.7475
205.4520
210.7837
205.6800
203.4150
200.9621
200.3000
197.8970
200.9621
199.4217
193.8356
194.2579
194.4695
191.7422
191.1200
190.9132
192.9947
191.7422
185.2393
183.6587
183.6587
182.0955
183.2662
182.8749
181.3203
178.6404
171.0778
176.9443
179.2103
171.0778
171.9780
172.3398
180.3573
171.2573
170.3619
168.7649
168.0612
165.2827
165.1109
165.4546
161.7221
163.5752
161.2213
158.9091
160.3908
157.7682
155.0391
155.1980
154.8803
156.6374
152.9907
153.6175
152.3671
149.7505
152.6785
149.7505
147.3369
147.0385
144.8231
145.7045
142.7909
143.3681
140.9339
140.7922
140.0863
140.9339
138.6870
139.3846
137.8551
137.4413
135.6650
134.5849
133.1160
133.3817
131.7964
131.0118
129.3300
128.6897
129.9740
126.1636
127.5460
125.7895
124.1825
123.5706
122.5983
123.6927
119.9678
119.2611
121.3949
120.4414
119.3786
119.4962
118.6757
117.6297
116.5937
117.6297
114.3265
114.6636
113.7671
113.0996
115.3408
112.1062
112.2161
112.9888
110.3629
111.9964
111.7772
111.6677
114.2144
114.2144
115.1146
118.4424
119.9678
120.4414
119.7317
123.0834
123.2050
126.2886
126.5389
126.1636
129.0734
132.3225
135.1237
135.5294
138.1317
137.0290
140.7922
140.7922
141.9303
144.9695
147.1876
148.5378
150.2083
155.1980
151.4373
154.0896
156.9595
158.5821
157.9306
158.4189
163.7449
162.8983
165.2827
167.5358
168.4126
170.3619
172.3398
172.5210
177.5074
177.5074
177.1318
179.7826
183.4624
184.2494
187.2401
187.4418
190.7067
190.0889
192.5760
206.3661
197.8970
198.1139
195.5321
202.7421
204.9970
216.3051
205.6800
208.6754
206.1370
218.5193
210.5480
215.8172
217.0397
219.2643
223.2972
219.2643
217.7778
225.3522
224.8360
228.4839
231.4082
229.2763
231.6766
233.0252
236.0313
240.7853
244.5124
242.7821
241.3534
247.4354
245.9678
250.4084
254.9645
254.0439
254.9645
255.8900
257.7556
262.8272
254.9645
264.4417
265.0916
265.7437
271.3827
270.3750
273.7554
271.3827
269.7062
283.1987
286.4533
282.8404
281.4140
278.9433
291.2533
287.5506
291.6276
292.0024
297.7132
297.3274
295.4090
306.3966
300.4356
303.9910
298.8754
300.4357
302.7989
307.6102
305.9937
306.8003
310.4701
321.4540
321.8882
319.7260
326.2799
328.0623
324.9528
332.1279
334.4200
338.1383
331.6723
340.0215
341.4445
339.5492
341.9210
365.0046
344.3184
355.1839
355.1840
358.2401
351.6696
379.1512
347.7188
345.7694
350.6754
368.1945
360.3005
362.9020
365.0046
378.0325
369.2677
379.1512
376.3643
378.5911
375.2585
385.9747
389.4598
386.5521
380.8391
385.3986
410.8301
395.9812
396.5825
397.1855
421.8979
415.9793
400.2221
401.4472
414.0363
405.7827
421.8979
417.9373
410.8301
419.2509
420.5710
422.5638
425.9194
436.9531
436.2500
430.0035
446.9947
421.2335
432.0694
444.8113
445.5370
442.6453
445.5370
442.6453
463.5555
454.4001
495.5182
454.4000
466.6750
474.6268
456.6609
472.2180
463.5556
470.6232
486.1419
497.2554
481.1508
473.8217
476.2441
470.6232
487.8247
486.9820
486.9820
489.5172
493.7911
483.6357
475.4344
508.7984
489.5170
494.6534
508.7986
507.8947
508.7984
493.7911
490.3669
505.1993
524.5841
550.3756
518.9200
538.2120
527.4550
524.5840
532.2991
537.2189
547.2914
543.2241
518.9200
551.4100
545.2513
557.6874
564.0866
552.4479
568.4225
547.2914
588.6562
556.6327
555.5816
556.6328
547.2912
586.3477
553.4891
588.6559
590.9801
598.0476
551.4099
586.3477
606.4774
586.3475
587.4998
588.6562
599.2396
590.9801
618.8797
601.6355
588.6562
607.6983
621.4124
616.3646
626.5323
621.4124
626.5320
634.3495
635.6687
638.3217
631.7251
625.2454
643.6851
638.3215
649.1271
658.8445
660.2531
635.6685
653.2611
721.2399
657.4407
656.0425
679.0557
643.6851
668.8171
695.7074
677.5762
673.1721
701.9409
701.9409
703.5144
716.3286
703.5142
724.5471
711.4754
692.6271
739.7651
729.5581
722.8902
736.3348
748.4648
731.2421
743.2233
753.7717
751.9954
783.2356
729.5579
729.5581
743.2233
724.5471
775.6805
779.4417
773.8119
757.3467
783.2356
806.7027
818.9106
743.2233
750.2265
785.1447
792.8644
802.7056
785.1447
798.7432
777.5570
818.9106
917.0463
802.7056
823.0530
818.9103
816.8533
790.9216
787.0618
827.2331
862.0892
871.2160
846.5228
840.0043
848.7157
816.8533
871.2160
917.0467
868.9183
859.8342
878.1758
882.8717
875.8448
871.2163
875.8448
880.5179
875.8452
873.5253
864.3546
866.6309
871.2160
932.4316
882.8717
919.5789
914.5266
919.5789
922.1238
909.5245
914.5270
909.5245
924.6810
919.5789
937.6639
945.6133
987.2559
868.9180
964.6419
927.2519
894.8098
1231.1171
917.0463
984.3768
932.4313
984.3768
924.6810
967.4171
914.5270
970.2071
948.2896
984.3768
990.1498
978.6641
967.4171
1004.8562
1041.8250
1019.9648
1007.8452
1007.8452
1010.8505
1054.7037
995.9856
1127.3844
970.2067
1045.0172
1045.0172
995.9856
1004.8566
995.9852
1074.5769
1064.5560
1032.3524
1095.1450
1038.6500
1001.8833
1123.7167
1032.3529
1057.9689
1109.2621
1077.9551
1205.6519
1112.8431
1051.4573
950.9804
1067.8772
1064.5555
1064.5555
1081.3538
1088.2089
1051.4568
1095.1450
1131.0742
1112.8436
1051.4573
1102.1616
1131.0737
1105.7012
1102.1621
1173.1769
1112.8431
1134.7864
1077.9551
1127.3839
1161.4108
1109.2616
1177.1476
1161.4108
1157.5371
1095.1445
1177.1476
1189.2098
1153.6873
1214.0311
1214.0317
1109.2616
1214.0317
1275.8397
1173.1763
1244.2262
1142.2781
1142.2776
1214.0317
1313.8412
714.7043
1131.0742
1146.0576
1235.4587
1165.3083
1131.0742
1209.8286
1266.6570
1338.6777
1266.6570
1209.8286
1146.0576
1289.8491
1323.6726
1318.7402
1328.6394
1294.5824
1304.1454
1226.8048
1222.5192
1266.6570
1308.9774
1318.7402
1313.8412
1253.1096
1338.6777
1364.4016
1385.6526
1262.1105
1369.6564
1222.5192
1318.7402
1333.6410
1328.6387
1391.0630
1328.6394
1354.0024
1328.6394
1391.0637
1374.9506
1308.9774
1266.6564
1385.6526
1294.5824
1348.8580
1407.5313
1313.8412
1231.1171
1374.9514
1407.5313
1402.0018
1235.4587
1294.5824
1453.2766
1035.4927
1407.5313
1477.2065
1364.4016
1385.6526
1396.5120
1407.5295
1508.1760
1385.6534
1447.4072
1359.1835
1413.1014
1465.1501
1489.4501
1364.4023
1465.1501
1391.0630
1508.1760
1594.6951
1338.6770
1560.3381
1514.5165
1465.1493
1546.9827
1189.2104
1459.1899
1567.0984
1495.6434
1402.0018
1465.1493
1615.9996
1520.9061
1553.6344
1520.9071
1608.8389
1483.3037
1465.1493
1540.3862
1533.8414
1546.9836
2014.7910
1560.3381
1514.5165
1623.2207
1508.1752
1527.3477
1567.0974
1527.3477
1580.7834
1594.6951
1739.3232
1652.7230
1587.7096
1691.0538
1594.6940
1275.8403
1560.3381
1560.3381
1508.1752
1594.6951
1608.8389
1691.0538
1567.0974
1637.8478
1553.6334
1683.2555
1594.6951
1508.1752
1683.2555
1731.0986
1645.2554
1698.9219
1714.8682
1573.9130
1580.7825
1941.0040
1675.5226
1630.5039
1601.7365
1862.7452
1601.7365
1608.8389
1816.8091
1706.8593
1731.0974
1739.3220
1698.9230
1825.8221
1637.8478
1755.9960
1691.0538
1910.9359
1731.0974
1698.9219
1872.1980
1764.4463
1825.8235
1816.8091
1807.8773
1755.9948
1755.9960
1971.9865
1941.0055
1413.1007
1910.9374
1834.9231
1580.7834
2218.3232
1731.0986
1722.9473
2025.7690
1834.9218
1781.5784
1872.1980
1747.6207
2014.7910
1772.9738
859.8339
1853.3813
2094.1079
1844.1077
1781.5784
1951.2306
1853.3827
2059.3962
1930.8833
1495.6426
1961.5555
1872.1967
1853.3813
2154.5059
1772.9725
1862.7452
1910.9359
1872.1980
1971.9865
1862.7439
1834.9218
1594.6940
1971.9865
1853.3813
1844.1077
1853.3813
2003.9225
1941.0040
2094.1079
1910.9374
1872.1980
2154.5059
1951.2275
2285.8586
2025.7675
2142.1619
2179.6047
1862.7452
2192.3657
2036.8617
2094.1079
2036.8617
1872.1980
1546.9836
2192.3677
1881.7408
1891.3778
1910.9359
2142.1619
2014.7910
2313.9854
2025.7690
1891.3793
3212.1318
2372.2832
2048.0708
2082.4146
2070.8435
2048.0708
1993.1699
2059.3962
2082.4128
2036.8617
2166.9868
2105.9255
1834.9218
2272.0386
1853.3813
2129.9502
2417.8843
2357.4446
2048.0708
2154.5042
2154.5042
2129.9502
2059.3979
2166.9868
2014.7910
2142.1619
2655.0488
1993.1683
2070.8435
2166.9849
2129.9502
1901.1091
2154.5059
2328.3000
2258.3757
1951.2290
2218.3232
2154.5059
2105.9255
2272.0386
2231.5208
2166.9849
2117.8728
2070.8435
2105.9272
2154.5059
2205.2705
2342.7854
2258.3777
2142.1619
2258.3757
2014.7877
2258.3777
2357.4468
2192.3657
2299.8406
2048.0691
2342.7876
2272.0386
2192.3657
2299.8406
2205.2705
2218.3213
2231.5208
2179.6047
2192.3657
2402.4973
2313.9854
2218.3213
2433.4641
2655.0461
2465.2041
2205.2705
2328.3000
2750.9519
2449.2329
2433.4641
2166.9849
2154.5042
2481.3745
2673.7100
2387.2974
2465.2041
3083.3926
2231.5227
1961.5555
2465.2019
2231.5227
3034.6526
2258.3777
2465.2041
2231.5208
2402.4973
2497.7522
2465.2041
2205.2705
2272.0386
2811.7668
4227.0918
2205.2705
2497.7498
2402.4998
2244.8713
2372.2832
2481.3770
2192.3677
2433.4641
2636.6348
2244.8713
2465.2065
2166.9868
2372.2832
2770.9363
2357.4446
2244.8733
2142.1599
2964.2869
2582.8503
2417.8867
2258.3777
2731.2380
4009.9492
12843.9785
3669.4617
2313.9854
3159.4065
2497.7522
2514.3342
2328.3000
2655.0461
2218.3213
2433.4641
2417.8843
2417.8867
2299.8386
2531.1343
2299.8386
2402.4973
2357.4446
2218.3232
2433.4617
2417.8843
2964.2869
2565.3855
2218.3213
2791.2090
2481.3745
2875.2297
2154.5042
2433.4641
2673.7070
2497.7522
2636.6348
2941.5239
2673.7070
2731.2410
2357.4446
2481.3745
2750.9490
2770.9392
2897.0076
2449.2354
2673.7070
2497.7498
2433.4663
2832.6191
2655.0461
2531.1318
2387.2974
2433.4641
2514.3367
2497.7498
2673.7100
2636.6348
2636.6375
2514.3367
2636.6375
2673.7070
2750.9490
2731.2410
2231.5208
2731.2410
2791.2090
2548.1492
2655.0488
2387.2974
2673.7100
2636.6375
2832.6191
3058.8328
2655.0461
2731.2410
2372.2810
2731.2380
2692.6226
2811.7668
1881.7422
2711.7976
2770.9392
2875.2329
2897.0044
2692.6252
2582.8477
3294.4934
2875.2329
2791.2090
2731.2380
2692.6252
2655.0461
1971.9865
2179.6047
2514.3367
5243.4214
2417.8867
4468.4521
2770.9392
2750.9519
3058.8328
3083.3926
2832.6191
2964.2869
3083.3926
2750.9490
2731.2410
2655.0461
2832.6191
2548.1516
2791.2061
2531.1367
2811.7668
3776.5056
2711.8005
3266.5908
2692.6226
2811.7639
2531.1343
2750.9490
3159.4065
2750.9519
2731.2410
2987.3896
3108.3335
2941.5273
2897.0076
3503.6062
3410.9141
3159.4026
3034.6563
2618.4705
3133.6685
2897.0044
2548.1516
2711.8005
2372.2810
2770.9392
3568.1658
2636.6375
3239.1394
2531.1343
2987.3862
2987.3862
2832.6191
2875.2297
2673.7070
3266.5908
2372.2810
3239.1353
2582.8503
3083.3889
2875.2297
2636.6348
2618.4678
3185.5576
2711.7976
4626.6445
2711.7976
3083.3889
3212.1318
2919.1033
3266.5908
1853.3813
2964.2834
3503.6016
2987.3896
2433.4617
2964.2869
3239.1353
2875.2329
3034.6526
2919.1001
1652.7241
3108.3298
2770.9363
3503.6062
2897.0044
3083.3889
2811.7639
2770.9363
2731.2410
2919.1033
2481.3770
3083.3926
2711.7976
3185.5576
3266.5908
3851.3149
2750.9490
2941.5239
2636.6348
3010.8398
2770.9392
2832.6191
2941.5239
2770.9363
2853.7693
3010.8398
2750.9519
2731.2410
2811.7668
3704.4766
2964.2834
2750.9519
3266.5869
3381.0645
3159.4065
2875.2329
2791.2061
3294.4934
3034.6526
2832.6191
2770.9363
2964.2869
3410.9097
3108.3335
2919.1033
3159.4026
3266.5908
3351.7224
2875.2329
3381.0688
3108.3335
2832.6191
3108.3335
3108.3335
3058.8328
2770.9363
3381.0645
3159.4026
3381.0688
2987.3896
3083.3926
2449.2354
9504.4697
3083.3889
3159.4065
3266.5908
3535.5994
2987.3862
3010.8398
2711.7976
3133.6685
2941.5239
3034.6526
3108.3335
3601.3206
3381.0645
2531.1318
6045.2930
3159.4026
2791.2090
3010.8398
2941.5273
3108.3335
2811.7639
5042.1104
2692.6226
3266.5908
2711.7976
2964.2869
2673.7100
4916.1445
2582.8477
3322.8750
3294.4976
2919.1001
2582.8503
2875.2329
3010.8435
3889.8127
2731.2380
3381.0645
3159.4026
2770.9363
3410.9097
2711.7976
2791.2061
2129.9521
2731.2380
2919.1001
2750.9490
2655.0461
2770.9392
3929.0684
2218.3232
2692.6226
3239.1353
2919.1001
2673.7070
2565.3855
3185.5537
2655.0461
3083.3926
2875.2297
3159.4065
3381.0688
2897.0076
3266.5908
3503.6062
2731.2410
2692.6226
3010.8435
1407.5313
3083.3889
3351.7224
2014.7877
2565.3855
2514.3367
2832.6162
2497.7522
3212.1318
3239.1394
4796.1855
2673.7070
2964.2834
2636.6375
2770.9392
2811.7668
2941.5273
3010.8435
2919.1033
2711.8005
2875.2329
2731.2410
2731.2410
2832.6162
2811.7668
2692.6226
2481.3770
2692.6226
2750.9490
2919.1001
3058.8364
3294.4934
2692.6252
2531.1343
3740.1587
2964.2869
3010.8435
2600.5403
2531.1343
2636.6348
2791.2061
2636.6375
2791.2090
3034.6563
2711.7976
2875.2329
3058.8364
2618.4705
2600.5403
2919.1001
2531.1367
2258.3777
2673.7100
2548.1492
2770.9392
2791.2061
2750.9490
2750.9519
2731.2410
2853.7693
2465.2065
2655.0461
4273.3032
2655.0488
2618.4705
2832.6162
2531.1318
2600.5403
2449.2354
2449.2329
2750.9490
3058.8364
2548.1467
2328.3000
1722.9473
2272.0366
2565.3855
2711.7976
2231.5227
2692.6252
2636.6348
2692.6226
2618.4705
2832.6162
2636.6375
2449.2354
2497.7522
2433.4663
2497.7498
2433.4617
2231.5208
2655.0461
2673.7100
2832.6191
2655.0461
2853.7725
2582.8477
2465.2041
3083.3889
2770.9363
2811.7668
2059.3979
2272.0366
2481.3745
2750.9519
2357.4468
2565.3882
2673.7070
2600.5430
2497.7498
2531.1318
2514.3367
2514.3367
2636.6375
3034.6563
2750.9519
2875.2329
2636.6375
2465.2019
2531.1318
2465.2019
2618.4678
2313.9854
2548.1467
2094.1079
2449.2354
2154.5059
2218.3232
2449.2354
2636.6375
2387.2996
2433.4617
2673.7100
2449.2354
2600.5430
2582.8452
2387.2974
2582.8477
2655.0461
2357.4468
2582.8503
2582.8503
4916.1353
2655.0461
2465.2019
2272.0366
2465.2041
2618.4705
2402.4998
2313.9854
2372.2810
1380.2831
2342.7854
3381.0688
2548.1516
2497.7498
2417.8867
2433.4641
2357.4446
1881.7408
2465.2041
2218.3232
3212.1277
2449.2329
2342.7876
2258.3757
2205.2705
2402.4998
2328.3000
2179.6047
1993.1699
2218.3213
1951.2290
2166.9849
2497.7522
2003.9257
2244.8733
2636.6348
2357.4446
2481.3770
2673.7100
2179.6047
2357.4446
2014.7877
2417.8867
2003.9241
2244.8733
2372.2810
2372.2832
2003.9241
2154.5059
2313.9854
2166.9849
2636.6375
2313.9875
2179.6064
1971.9880
2105.9272
2497.7522
2166.9849
2082.4128
2129.9502
1891.3793
2987.3896
2166.9849
2048.0691
1834.9231
2372.2810
2328.3000
2731.2410
2059.3979
2299.8406
1772.9738
1910.9359
1807.8773
2036.8600
2048.0708
2244.8713
2105.9255
2059.3979
2565.3882
2218.3232
1872.1967
2048.0708
2105.9255
2094.1079
2192.3657
2117.8745
2036.8617
1941.0040
1901.1091
2166.9849
2082.4146
2025.7675
2313.9875
1993.1715
2059.3979
1930.8818
1790.2650
2142.1619
1901.1105
1881.7437
2070.8452
1901.1105
1739.3220
2272.0386
1844.1077
1951.2290
2105.9272
1961.5540
2036.8617
2218.3232
1755.9960
1790.2638
1781.5784
1799.0297
2142.1599
1660.2583
1862.7452
1872.1967
1881.7408
2094.1079
1910.9374
1993.1715
2166.9849
2036.8617
1853.3813
1901.1105
1920.8596
1799.0310
1667.8574
1930.8818
1872.1980
3159.4026
1971.9865
1807.8773
1920.8611
2059.3962
1825.8235
1781.5784
1722.9473
1747.6219
1772.9725
1920.8611
1755.9960
1637.8478
2003.9257
1807.8773
1910.9374
1683.2544
2003.9257
1781.5797
1862.7452
1790.2650
1683.2544
1772.9725
1971.9865
1920.8611
1731.0986
1587.7096
1747.6207
1853.3827
1739.3232
1920.8596
1731.0974
1781.5797
1807.8785
1706.8593
1675.5226
1747.6219
1691.0538
1594.6940
1772.9738
1706.8593
1834.9231
1714.8671
1652.7241
1706.8593
1637.8467
1527.3477
1623.2218
1799.0310
1594.6951
1667.8574
1637.8478
1825.8221
1594.6940
1601.7365
2192.3677
1645.2554
1637.8478
1630.5028
1615.9996
1982.5236
1630.5039
1630.5028
1706.8605
1872.1980
1731.0986
1594.6951
1630.5028
1489.4492
1374.9514
1391.0621
1520.9061
1601.7375
1540.3862
1714.8682
1501.8853
1853.3827
1594.6951
1630.5028
1601.7375
1407.5304
1465.1501
1477.2065
1560.3381
1396.5120
1459.1899
1374.9514
1527.3477
1489.4492
1520.9071
1495.6434
1540.3862
1477.2056
1402.0018
1594.6951
1477.2065
1594.6951
1407.5304
1527.3485
1508.1760
1374.9498
1567.0984
1413.1014
1407.5313
1514.5156
1396.5120
1380.2831
1391.0630
1424.3665
1308.9767
1385.6526
1407.5304
1520.9071
1424.3665
1553.6344
1527.3477
1489.4501
1441.5820
1338.6777
1418.7131
1318.7402
1374.9514
1323.6726
1333.6410
1441.5820
1407.5313
1424.3665
1323.6726
1385.6526
1313.8419
1318.7395
1359.1835
1396.5128
1289.8491
1304.1454
1299.3472
1266.6570
1262.1105
1359.1827
1318.7402
1294.5824
1447.4064
1299.3472
1262.1105
1318.7402
1161.4108
1348.8580
1391.0637
1313.8419
1402.0010
1275.8397
1262.1105
1266.6564
1231.1171
1239.8281
1683.2555
1304.1461
1209.8293
1323.6726
1266.6570
1266.6570
1116.4459
1248.6533
1248.6533
1214.0317
1222.5199
1218.2625
1197.3788
1169.2307
1231.1171
1239.8275
1257.5955
1142.2776
1177.1476
1169.2301
1205.6519
1112.8431
1218.2625
1081.3533
1169.2307
1127.3839
1173.1769
1142.2776
1149.8613
1235.4587
1134.7864
1105.7012
1091.6666
1123.7167
1081.3538
1153.6877
1051.4573
1088.2089
1131.0742
1116.4464
1098.6428
1088.2089
1222.5199
1105.7012
1109.2616
927.2519
1112.8436
1084.7717
1169.2307
1051.4573
1105.7017
973.0109
1077.9551
1054.7041
1048.2286
1061.2531
1035.4927
1007.8452
975.8295
1001.8837
1081.3538
1064.5560
1054.7041
1013.8720
998.9263
1010.8509
1057.9694
970.2067
978.6637
995.9856
1007.8456
1013.8725
993.0602
993.0597
1109.2616
1023.0362
948.2900
970.2067
978.6641
995.9856
990.1498
981.5125
978.6637
875.8452
967.4171
948.2892
961.8816
919.5786
998.9268
956.4025
956.4025
975.8299
714.7043
917.0463
914.5266
907.0419
935.0412
912.0194
922.1238
932.4321
912.0194
887.6125
924.6815
873.5253
919.5789
897.2328
919.5786
864.3549
914.5270
894.8098
875.8448
894.8098
857.5897
880.5183
846.5228
846.5228
862.0892
855.3557
835.7086
873.5249
857.5894
846.5228
840.0043
873.5249
802.7053
890.0002
810.7360
914.5266
820.9770
873.5253
848.7150
894.8102
808.7147
837.8516
829.3373
787.0618
842.1667
775.6805
808.7147
796.7750
829.3377
787.0618
783.2356
796.7750
840.0040
818.9106
816.8533
779.4417
785.1447
751.9954
777.5570
783.2356
753.7717
744.9632
770.0986
781.3347
783.2353
739.7649
731.2421
729.5579
694.1644
726.2107
731.2421
722.8900
726.2107
706.6801
750.2265
701.9406
708.2720
695.7076
717.9589
685.0294
698.8120
685.0296
692.6268
671.7148
691.0956
674.6344
677.5762
626.5320
897.2328
673.1721
651.8781
661.6674
663.0865
651.8778
649.1270
646.3961
651.8781
670.2632
631.7251
634.3493
668.8171
633.0350
653.2611
617.6199
649.1271
640.9935
642.3369
573.9227
638.3215
705.0941
635.6687
620.1437
618.8797
608.9235
605.2609
620.1437
615.1136
615.1136
610.1531
579.5141
610.1531
593.3199
594.4961
577.2664
566.2476
589.8162
599.2396
606.4774
578.3884
570.6119
561.9399
588.6561
555.5814
554.5336
575.0338
571.7120
568.4225
554.5336
559.8068
554.5338
561.9399
552.4481
533.2771
584.0544
537.2187
569.5155
556.6328
542.2155
521.7391
542.2155
536.2288
505.1996
511.5261
504.3062
520.7967
525.5382
510.6141
524.5841
508.7986
517.9860
506.0951
509.7050
506.9937
506.9936
506.0952
493.7912
492.0741
482.8050
498.1277
484.4687
486.1419
486.9821
488.6696
459.7043
482.8051
492.0742
486.1419
477.0562
483.6358
470.6234
440.4966
510.6143
467.4602
481.9769
470.6231
464.3323
450.6724
441.9272
460.4704
453.6505
457.4187
441.9272
446.9945
439.0736
431.3790
434.1515
439.7843
434.1515
441.2111
419.9100
421.8979
423.2316
433.4556
418.5933
432.0695
429.3185
422.5639
419.9100
414.6824
421.8979
401.4472
411.4681
410.1937
400.8339
395.9811
400.8340
400.8340
400.8340
396.5826
393.5899
393.5898
384.2507
418.5933
383.1081
395.3811
391.8113
390.6328
385.9747
383.1081
384.2507
380.8391
375.2585
368.1945
368.7304
371.9720
370.3456
365.5333
364.4771
351.6696
358.7535
376.9190
365.5333
357.7279
354.1742
360.3005
354.6785
355.6905
343.8369
333.0418
347.7189
346.7421
341.4445
339.5492
348.2089
341.9209
340.4948
337.6701
338.1383
326.7241
332.5844
331.6722
324.0726
321.8882
321.8882
324.9529
326.2799
319.2963
312.9538
315.0465
312.1226
322.7593
311.7083
312.5378
305.1902
306.8003
298.0999
305.1902
303.1955
309.2396
314.6263
301.2203
293.8877
300.4357
298.0999
289.7638
290.8799
287.1841
295.7912
297.3273
287.5506
288.6541
280.3512
288.6541
282.1259
278.5930
282.8404
279.9983
277.8943
281.7696
276.5045
270.7103
277.1982
265.7437
268.3758
264.1177
265.0916
265.4174
266.0707
261.8654
260.2736
260.9086
260.5908
256.1996
259.0102
253.7380
253.7380
247.4355
249.8097
249.5112
251.9141
254.3502
250.7085
241.6382
243.3570
245.9678
240.2190
242.2092
236.5837
235.4808
237.4158
233.5679
231.6766
229.8067
228.4839
227.4333
229.8067
226.6497
226.9105
222.5332
223.5527
222.7876
223.0422
217.2853
218.0246
216.0609
215.5738
215.8172
212.4436
210.7837
210.7837
210.0778
207.9790
209.6089
204.7700
206.1370
205.2243
201.1835
200.9621
202.5185
201.6271
199.6408
198.9845
194.6814
194.8936
193.6249
193.8356
191.3271
193.8356
187.6437
189.0650
188.8611
188.8611
185.8366
181.9012
182.2899
183.4624
182.4846
178.6404
177.1318
178.2616
176.9443
179.5916
171.2573
172.7025
171.0778
170.0054
168.4126
166.3179
171.0778
167.7107
165.9719
164.9394
163.7449
162.7296
162.3930
162.2249
161.0548
160.2253
159.5655
158.9091
158.4189
155.0391
154.4053
153.4605
151.4373
147.9359
149.5983
149.7505
148.8399
150.2083
148.3871
147.1876
147.3369
144.8231
144.2390
142.7909
140.6507
140.3682
139.1050
139.2448
139.5246
135.3940
135.6650
134.7194
137.5791
132.5863
133.2488
132.4543
132.4543
130.2326
128.0529
131.7964
128.9454
127.5460
114.5511
126.4137
123.9374
124.6746
124.1826
122.1154
122.8406
118.3259
119.8497
119.1438
118.9095
118.2096
118.0934
116.5937
116.7084
114.6636
116.9380
114.6636
113.5441
113.0996
112.6570
110.0392
112.7675
113.2106
111.9964
110.4710
109.8239
109.2877
109.3948
