21.6709
22.6181
23.5802
24.5197
26.9517
27.3861
28.0233
29.0725
30.3876
31.0133
32.1549
33.4904
34.1024
35.5675
36.8359
37.3407
38.3149
39.9217
40.4015
42.1561
45.0258
43.6018
43.7025
45.9562
45.9562
48.2280
49.3633
50.6824
52.0814
51.1831
53.2195
54.2003
55.4294
56.8583
57.6433
57.0990
60.4224
61.1801
61.6254
61.4343
63.8238
65.1452
66.2177
67.0313
67.7154
68.8913
69.6610
71.8684
72.6656
73.9861
74.8777
75.8540
75.1769
77.9942
77.6853
80.1872
80.9036
82.3537
82.6791
82.9239
87.1028
86.5063
89.0026
87.8754
88.7413
89.7031
91.3877
92.2863
93.4673
93.3760
93.7419
94.8482
97.8609
98.3400
98.4361
99.1115
100.3781
100.4762
102.6589
101.7603
104.3784
104.7872
106.2311
107.2750
108.6479
109.7165
112.5466
111.4491
113.0996
113.5441
112.9888
113.7671
115.7948
114.4387
117.0529
116.2506
117.5141
117.6297
118.7925
120.7980
120.9171
122.2359
121.8747
123.0834
123.2050
123.9374
125.6650
126.0388
126.6643
127.1673
131.2728
129.5871
122.4774
130.6216
133.2488
131.2728
130.6215
133.6480
133.5148
134.8540
134.8540
137.1663
134.8540
138.4090
137.9933
138.4090
139.3846
139.3846
139.5246
141.6448
141.5023
140.3682
143.9480
141.9303
143.3681
145.8520
144.9695
144.0934
146.1475
144.6768
148.2365
147.3369
147.9359
151.1290
149.4462
150.3613
153.9320
150.6678
152.5227
153.7746
155.9957
154.2473
157.4441
157.6061
156.9595
158.0932
158.5821
158.4189
158.5821
156.9595
158.4189
159.4011
160.7224
160.5565
158.5821
160.2253
161.5550
163.4057
160.3908
161.3880
164.0851
165.2827
164.7681
165.7993
166.6647
167.5358
168.0612
166.8385
169.8275
168.2368
167.3611
168.2368
165.6269
168.9414
167.8858
168.9414
170.0054
171.4372
169.2952
171.2574
172.3398
172.1588
170.1835
172.1588
171.7975
171.7975
172.5210
169.4723
172.5210
171.6172
177.3195
172.8842
172.1588
172.3398
172.3398
171.9780
176.5703
171.9780
172.7025
177.8840
171.2573
176.9443
181.9013
178.6404
177.3194
176.5703
178.6404
179.0200
181.1272
180.7417
178.8301
183.4624
181.9013
180.1655
183.2663
182.0955
182.4846
182.0954
181.7073
181.5137
181.7073
184.0522
182.8749
180.9343
182.0955
181.3203
184.6445
180.1655
181.3203
181.9013
181.3203
182.8749
183.6587
186.6370
184.2494
186.4365
183.2663
185.4382
185.6373
183.6587
184.6445
184.8425
186.8377
186.8377
186.6370
187.0388
186.0363
186.0363
185.8367
189.4737
187.6437
185.2393
187.8459
187.0388
187.8459
184.8425
189.0650
187.2401
189.8835
191.3271
188.0484
189.4737
188.0484
189.2692
189.0650
190.0889
189.2692
190.9132
191.5345
190.0889
190.5005
189.8835
190.9132
191.7422
192.9947
191.7422
190.5005
192.9947
196.8174
191.7422
189.2692
191.9502
190.9132
197.4642
192.1585
192.5760
193.8356
192.5760
193.6249
189.0650
192.3671
194.6814
191.9502
192.7852
191.9502
194.2579
192.7852
193.8356
192.9947
192.5760
194.6814
194.0466
191.9502
192.7852
191.5345
194.2579
194.2579
194.8936
193.6249
192.7852
194.0466
193.6249
194.6814
194.4695
198.1138
195.9593
196.6024
195.5321
197.4642
194.8936
194.8936
195.5321
194.4695
194.2579
194.8936
196.3877
194.2579
195.7456
194.8936
194.4695
194.8936
194.0466
194.8936
197.8970
197.8970
196.6024
200.3000
195.3189
197.6805
197.6805
195.7456
193.6249
193.6249
194.2579
193.6249
197.4642
195.3189
193.6249
193.8356
197.4642
196.6024
195.7455
198.3310
197.8970
196.3877
197.4642
196.3877
197.0327
198.9845
198.7664
199.6408
197.2483
196.8174
198.5485
197.2483
199.6408
199.4217
196.8174
198.9845
197.2483
197.8970
197.0326
201.1835
197.0326
196.6024
200.0800
192.7852
199.4217
197.8970
199.2029
207.2857
200.9621
200.9621
197.6805
198.7663
200.5204
197.8970
200.3000
198.9845
201.1835
200.3000
200.7411
195.3189
198.9845
197.4642
200.3000
205.9084
197.8970
199.6408
200.5204
198.3310
198.5485
199.2029
201.4052
199.6408
200.7411
200.0800
201.6272
199.8602
200.3000
197.4642
198.1139
200.3000
199.4217
200.3000
197.0327
199.8602
202.0722
200.0800
198.9845
200.3000
197.4642
200.3000
202.2952
201.4052
200.3000
194.2579
200.3000
206.3661
202.0722
196.3877
203.1904
200.5204
201.8495
203.6400
199.2029
204.7700
201.4052
200.3000
199.2029
197.0326
201.1835
201.4052
201.1835
199.2029
198.9845
202.7421
200.3000
199.8602
203.8653
202.0722
200.0800
200.5204
200.7411
202.2952
200.0800
201.1835
199.6408
201.6272
200.0799
201.8495
203.4150
203.4151
201.4052
201.4052
201.4052
201.1835
201.8495
201.8495
202.9661
202.7421
202.5184
201.1835
203.6400
201.1835
200.7411
201.4052
201.6272
201.1835
202.7421
201.4052
200.7411
201.4052
201.8495
204.7699
201.1834
200.7411
201.4052
203.6400
201.4052
202.5185
202.9661
204.9969
202.2952
200.5204
203.8653
203.8653
200.9621
201.4052
202.0722
201.6272
201.4052
202.7421
202.2952
201.1835
200.7411
201.6272
201.6272
198.1139
203.4151
201.8495
205.9083
202.5185
202.9661
202.9661
203.8654
201.4052
204.3170
202.0722
204.9970
202.0722
203.6400
206.5955
202.7421
204.0910
206.3661
203.8653
202.2952
202.5185
204.7699
204.7700
208.2108
199.6408
203.4151
202.5185
200.0800
205.9084
202.7421
204.5433
204.7700
205.2243
205.9084
204.9970
203.1904
206.1371
202.0722
204.3170
203.8653
205.2243
198.5485
204.5434
202.0722
205.6800
204.3170
206.8252
205.2243
205.2243
207.7475
203.8653
208.6754
206.8252
205.9084
206.8252
197.2483
208.4429
206.5955
208.4429
209.3750
206.8252
207.7475
207.7475
201.8495
206.1371
207.5164
206.8252
204.7700
208.9083
208.4429
209.1415
206.5955
209.1415
206.1370
205.4520
208.6754
206.3661
207.0552
209.1415
206.5955
206.1370
208.6754
207.0552
207.7475
206.1370
209.3750
208.6754
210.3128
207.0552
209.3750
213.4001
206.1371
207.5164
215.0882
208.4429
206.1371
208.2108
206.1371
207.5164
205.2243
206.8252
207.2857
209.8432
207.7475
210.0778
207.5164
207.7475
208.6754
207.2857
208.9083
207.5164
211.2562
209.8432
207.7475
207.5164
203.4151
212.2054
214.6040
208.9082
210.7838
208.4429
216.3051
207.9790
209.3750
208.2108
209.1415
210.7838
207.5164
208.2107
208.6754
208.9082
207.7475
208.2108
205.4520
207.9790
211.9676
206.8252
209.1415
205.6800
208.4429
209.6089
208.6754
208.6754
208.4429
206.5954
209.6089
210.7838
209.6089
208.6754
206.1371
208.6754
208.6754
208.9083
209.1415
210.0778
207.7475
208.4429
210.5481
210.7838
210.0778
206.3660
210.0778
210.7838
209.8432
208.2108
209.3750
209.8432
209.1414
209.1415
208.2108
205.6800
208.6754
208.4429
208.2108
208.9083
210.0778
210.5481
208.4429
209.6089
209.3750
207.7475
210.5481
210.0778
209.3750
208.9083
208.9083
209.1415
204.7700
207.9790
208.9083
208.2108
210.7838
208.2108
207.7475
214.6040
208.9082
208.6754
207.9790
209.6089
208.6754
209.6089
209.6089
208.2108
208.6754
208.4429
209.8432
209.6089
211.7301
211.0198
204.3170
208.4429
209.1414
207.5164
209.1415
206.5955
207.7475
200.0799
206.1370
209.8432
207.9790
204.3170
207.5164
209.3750
209.3750
207.2857
207.7475
207.5164
208.6754
205.9084
208.4429
207.5164
206.1370
208.9083
208.6754
208.2108
206.3661
207.5164
206.1371
207.7475
208.4429
206.3661
207.9790
208.4429
205.9084
205.4520
210.7838
208.6754
204.5433
206.8252
206.3660
206.8252
207.0552
207.0552
207.5164
208.9083
207.2857
206.8252
207.2856
205.6800
207.9790
209.3750
207.5164
206.3661
208.9083
207.9790
208.6754
209.1415
207.2857
211.0198
205.9084
206.5955
206.3661
207.0552
208.2108
204.3170
206.3660
207.5164
206.1371
206.5955
208.9083
208.2108
207.9789
206.8252
203.8653
208.4429
199.8602
217.2854
204.9970
202.0722
203.6400
205.6800
204.5434
207.5164
206.3661
204.3170
206.8252
190.9132
206.1371
203.8653
204.3170
205.4520
202.5185
202.5184
203.6400
205.9084
201.1835
200.7411
203.4150
204.3170
204.9970
203.1904
206.3661
203.4151
203.8653
203.1904
201.4052
202.5185
204.5433
201.8495
202.0722
202.0722
202.0721
201.6272
200.3000
201.8495
202.0722
201.4051
201.8495
202.5185
200.9621
202.0722
202.9661
202.0722
198.7664
196.6024
203.4150
201.1835
198.3310
201.8495
201.1835
199.2029
200.7411
199.6408
198.3310
199.8602
200.0800
199.2029
200.9621
198.1139
202.9661
197.8970
198.5485
198.9845
200.7411
197.4642
200.7411
199.2029
197.4642
198.9845
197.6805
199.6408
197.6804
196.1733
196.6024
195.1062
199.4217
197.6804
197.0327
201.1835
197.4642
198.3310
198.7664
199.2029
196.6024
196.3877
197.2483
196.3877
198.9845
194.0466
194.2579
193.2045
197.2482
194.8936
194.2579
195.1061
195.1061
192.9947
193.8356
195.9592
195.5321
194.4695
194.4695
189.4737
195.5321
191.7422
189.8835
190.9132
194.4695
193.4145
188.8611
191.9502
191.9502
190.2945
190.0889
191.9502
188.4542
189.0650
191.3271
191.3271
190.7067
186.8378
188.2511
190.0889
187.4418
189.8835
189.2692
188.0484
189.6785
189.0650
186.4365
187.0388
187.6437
185.4382
187.0388
186.2363
188.2511
187.4418
187.4418
187.0388
185.6373
182.6796
185.2394
186.4365
186.4365
184.8425
185.0408
185.0408
183.2663
183.6587
183.0705
184.8425
182.0955
181.3203
179.4008
183.4624
180.1655
180.1655
183.2663
180.3573
181.3203
181.9013
181.1272
178.6404
178.4509
181.3203
180.5493
177.8840
173.0662
178.2616
178.2617
170.1835
178.0727
172.8842
177.6956
172.7025
172.3398
172.1588
171.7975
181.9013
172.7025
171.6172
172.5210
170.3619
170.3619
171.9780
169.4724
170.7194
169.1181
170.8985
170.8985
171.4372
168.5887
166.4912
170.0054
168.2368
166.6647
167.0125
165.7992
162.3929
168.0612
164.7681
164.0851
163.2363
162.5612
163.4057
164.4262
161.2213
160.2253
160.7224
159.2369
158.2560
158.5821
159.0729
157.4442
159.2369
157.6061
154.4053
157.6061
156.3161
155.0391
155.9957
150.5144
153.9320
152.0564
152.0564
153.7747
151.4374
150.8213
150.0555
149.5983
149.9029
148.6888
148.0861
149.5983
148.8399
147.3369
145.2630
146.4438
144.8231
143.9480
144.2390
142.5034
141.2177
141.7874
140.3682
140.9339
143.8028
144.2390
137.9933
137.8551
137.3038
136.7550
135.6650
134.7194
132.5864
133.7814
132.7185
132.1907
131.1422
131.1422
130.8816
126.9155
128.9454
126.6643
127.1673
126.2886
125.2926
126.4137
123.4486
123.5706
123.0834
122.4774
124.4283
119.2611
121.0364
119.4962
117.9772
117.1681
116.4793
118.6757
115.5676
115.1146
114.6636
113.4328
112.9888
111.6677
110.5792
111.2310
109.5019
110.1469
110.5792
107.5902
107.8009
106.2311
105.7131
104.9923
104.1746
103.1617
101.6609
100.9681
100.0844
99.7915
99.3053
97.4792
97.3840
95.4993
95.6862
94.4780
92.9205
92.5576
91.6564
88.3074
89.6153
90.4973
89.4398
87.3596
87.1028
85.1570
85.9980
84.4897
83.8271
82.8422
82.1914
80.9036
79.8706
79.8706
79.0840
80.3459
76.6124
76.6886
74.9524
74.1341
72.4475
73.2500
71.7963
71.7963
71.3650
69.8722
70.1545
68.8217
68.7521
66.6235
66.6235
65.8811
66.3528
64.4818
63.8238
63.4315
61.6892
61.1801
59.9837
59.4852
58.8665
58.7433
57.5827
55.8435
56.0216
53.9684
54.3166
52.8763
52.5346
51.5187
50.6270
50.2401
49.6363
49.0372
48.2280
47.3214
47.1626
46.8986
45.4378
44.4120
44.2086
44.1578
43.6521
42.3538
41.6643
41.0301
40.4978
40.2092
39.0664
39.0192
37.0649
37.7565
36.8359
36.2440
36.0630
34.3224
34.1024
33.4034
32.6687
32.4113
32.4113
31.1812
30.5955
30.1390
28.5457
28.6669
28.5861
27.8634
27.1093
26.7552
26.3641
25.8592
25.2816
25.0521
24.2552
24.0670
23.9168
23.1714
22.2886
21.9608
21.8157
20.8807
20.9164
20.2418
20.3125
19.8547
19.0533
19.0533
18.9495
18.1601
17.7185
17.6509
16.8786
16.9453
16.4134
16.0176
15.7880
15.6245
15.0398
15.0075
14.6533
14.0149
14.0466
13.3208
13.7299
13.3208
12.3569
13.1642
13.2894
14.2694
14.6854
15.8863
16.0505
17.1126
17.8202
18.6394
19.3656
19.7846
21.2386
21.4544
23.3569
23.0973
24.0670
25.1667
25.9753
26.7945
27.5448
28.2639
29.2762
29.9325
31.2653
31.8570
32.0271
33.6647
34.9865
35.2094
38.4084
36.3347
38.6896
39.3503
39.0664
41.1273
41.9590
42.7508
43.8035
44.5650
46.1124
47.5869
47.8533
48.7124
48.0672
50.7379
52.3077
52.8192
53.2195
54.5495
55.5475
57.1593
58.5589
58.3749
59.7964
60.1714
61.3071
62.1374
63.9550
64.1522
65.2785
66.1503
67.3726
66.6913
69.2403
70.1545
73.1767
70.9358
73.6173
73.9861
75.4772
76.1566
76.6886
77.6853
78.9275
79.9497
79.8706
81.5452
83.0056
84.2407
85.5766
85.8292
87.6171
87.3596
89.5275
89.8790
91.1197
91.9259
93.1024
93.8336
93.3760
95.5927
96.2489
97.0042
98.4361
99.7915
100.6727
100.4762
101.9593
104.8897
104.5826
104.5826
106.2311
106.2311
108.3295
109.7165
109.0740
109.3948
111.5583
111.8867
113.3217
112.2161
114.1024
113.9905
114.5511
115.1146
115.1146
119.0266
117.9773
120.6790
119.6139
121.1557
122.9619
122.9619
122.9619
123.4486
123.2050
124.9214
126.5389
128.9454
127.7991
128.5620
127.7991
130.2326
131.1422
131.4035
131.2728
133.1160
133.5148
135.6650
137.1663
136.7550
136.0725
137.4414
137.1663
135.2588
139.8052
139.1051
139.8052
141.2177
141.6448
140.9339
144.2390
144.0934
144.6768
144.8231
147.1876
147.1876
147.6361
148.2365
148.6888
150.6678
149.5983
150.2083
150.0555
152.8345
153.9320
153.6175
152.8345
153.7746
153.6175
156.4767
155.0391
156.6374
157.9306
158.7455
159.0729
159.4011
156.7984
160.2253
158.4189
160.7224
161.7222
162.5612
160.8885
162.3930
160.5565
162.2249
163.9149
164.7681
167.1867
164.4262
166.6647
165.4547
167.5358
162.3930
168.2368
167.0125
169.2952
170.0054
166.3179
169.6498
169.6498
168.4126
169.2952
169.2952
172.1588
169.2952
170.3619
171.9780
172.3398
172.3398
170.1835
180.3573
171.9780
171.9780
178.2617
177.5074
177.8840
172.3398
172.5210
172.7025
177.1318
172.1588
172.3398
178.2617
177.8840
178.6404
180.1655
177.5074
179.0201
180.3573
179.0201
178.8301
178.4509
179.4008
181.9013
181.1272
182.4846
181.1272
182.4846
182.4846
182.6796
181.5137
184.6445
183.0705
184.2494
181.3203
184.4468
184.6445
182.4846
185.6373
182.6796
182.6797
186.4365
184.4468
185.4382
185.6373
184.0522
190.5005
184.8425
184.4468
187.2402
187.4418
187.8459
184.4468
187.8459
186.0363
189.6785
186.8378
191.5345
189.6785
188.6575
191.3271
189.2692
187.2401
192.1585
190.2945
189.2692
189.0650
191.5345
190.5005
194.2579
192.1585
191.9502
193.4145
192.9947
188.4541
194.2579
193.8356
199.4217
195.5321
194.6814
192.5760
192.9947
194.2579
194.0466
194.2579
193.6249
189.2692
195.1061
194.2579
193.6249
195.1061
195.3189
194.4695
194.6814
193.4145
194.4695
193.8356
193.8356
194.8936
194.8936
194.4695
197.4642
193.4145
196.8174
195.5321
198.1139
201.4052
196.8174
199.2029
196.8174
197.6805
197.6805
197.4642
193.4145
195.9593
197.2483
197.4642
197.0326
197.2483
200.7411
197.4642
197.2483
199.8602
198.5485
207.9789
197.4642
201.4052
201.6272
201.1835
198.7664
200.7411
200.7411
197.8970
198.9845
200.0800
205.4520
197.6805
200.3000
200.9621
202.2952
201.8495
201.6272
198.1139
200.3000
201.8495
199.6408
200.0800
200.7411
199.6408
196.6024
197.6805
200.9621
197.4642
200.9621
201.8495
202.5185
201.4051
202.5185
200.9621
202.5185
203.4150
204.7699
199.8602
201.1835
202.5185
202.9661
200.7411
202.5185
202.9661
200.5204
201.8495
203.8653
202.5185
201.4051
200.5204
202.5185
205.9084
201.1835
203.4151
203.1904
205.4520
199.8602
203.8653
205.2243
202.7421
201.4052
202.0722
204.5433
205.2243
204.9970
204.0910
206.8252
202.0722
205.4520
208.2108
204.5433
206.1371
205.2243
190.5005
205.2243
202.5185
201.1835
205.2243
206.8252
206.3661
204.3170
208.2108
204.5434
207.7475
206.8251
202.9661
208.6754
205.9084
204.5433
203.8654
204.7700
208.9083
207.9790
202.9661
206.8252
208.2108
204.7700
204.7700
203.4150
209.3750
208.9083
207.9790
208.4429
204.9969
209.1415
207.7475
206.5955
206.8251
208.2108
206.1370
205.9084
206.8252
208.6754
207.0552
205.6800
208.9083
207.2857
208.6754
208.2108
203.4151
208.4429
208.6754
208.2108
208.9083
207.9790
208.2108
206.5954
207.2857
209.8432
208.2107
209.1415
208.2108
201.8495
209.1415
206.8252
207.9790
204.3170
208.4429
205.6800
206.3660
203.8654
205.4520
207.0552
206.8251
206.8252
206.5955
207.9790
204.3170
209.8432
202.7421
208.6754
201.6272
216.0609
207.2857
209.8432
207.0552
206.3661
209.6089
206.1371
209.8432
209.3750
210.5481
211.4930
209.3750
209.3750
206.5955
209.3750
207.2857
207.7475
210.3128
208.9083
207.2857
209.8432
206.3661
207.9790
208.9083
208.6754
211.0198
211.2562
209.6089
211.2562
206.1371
209.8432
209.3750
209.3750
210.3128
208.2107
210.0778
209.6089
210.3128
207.9790
208.6754
209.8432
210.5481
210.7838
211.2562
213.8805
208.9083
207.5164
209.1415
209.3750
208.4429
208.2108
209.1415
208.6754
207.9790
208.6754
209.8432
209.3750
208.4429
207.7475
208.9083
210.3128
209.8432
206.1371
210.7838
209.3750
208.6754
213.8806
208.9083
211.7301
211.4930
208.9083
205.9083
208.6754
208.4429
213.6401
211.2562
211.2562
212.2054
210.7838
208.4429
211.4930
210.7838
212.6822
209.8432
218.7673
207.7475
209.1415
210.5481
209.8432
210.5481
208.9083
210.0778
209.1415
212.2054
211.9676
208.9082
211.0198
209.1415
210.7838
208.6754
209.6089
209.1415
210.5481
211.7301
206.1370
211.0198
211.4930
210.5481
208.2108
208.9083
210.5481
210.5481
208.6754
212.6822
210.0778
209.6089
214.8459
209.8432
211.7301
212.2054
212.9211
213.1605
209.6089
212.6822
209.6089
211.9676
211.7301
211.2562
210.7838
210.7838
210.7838
207.7475
209.6089
209.6089
208.6754
218.5193
209.8432
211.7301
208.9083
210.0778
208.6754
210.7838
212.9211
209.1415
212.4436
209.8432
209.3750
213.6402
211.7301
211.0198
209.6089
208.2108
216.3051
208.9083
210.7838
209.6089
209.8432
209.3750
211.7301
209.6089
208.4429
211.0198
210.7838
209.3750
211.7301
211.7301
211.7301
213.1604
210.5480
211.2562
212.6822
209.8432
213.1604
211.2562
212.4436
206.3661
208.4429
210.3128
212.4436
210.5481
209.8432
212.6822
213.4001
211.9676
211.9676
211.9676
211.2562
210.7838
211.4929
211.2562
207.0552
211.0198
206.5954
213.6402
210.0778
210.7838
214.1214
209.3750
210.5481
208.4429
211.0198
212.2054
209.8432
210.3128
208.4429
211.4930
211.4930
212.4436
209.8432
211.4930
207.5164
208.9083
209.6089
209.8432
210.0778
208.6754
210.0778
208.6754
208.6754
211.4930
211.2562
212.9211
204.9970
208.4429
210.5481
210.5481
209.1415
210.0778
208.9083
209.1415
213.6401
208.9083
208.6754
211.4930
211.4930
210.7838
210.0778
210.0778
212.4436
210.7838
209.8432
208.9083
209.8432
205.4520
208.9083
208.2108
210.0778
207.7475
209.3750
209.1415
200.7411
208.9083
207.5164
209.3750
206.3660
208.9083
209.1415
209.1415
208.4429
207.5164
208.6754
205.2243
212.2054
207.9789
207.5164
208.2108
206.5955
207.9789
209.1414
205.9084
214.6040
207.0552
208.2108
208.2108
210.7838
207.2857
210.3128
207.2857
209.1415
205.4520
208.6754
207.2857
207.0552
207.2856
208.6754
208.9083
208.9083
209.1415
207.5164
207.2857
207.2856
209.6089
208.4429
212.2054
209.1415
205.9084
198.9845
207.0552
209.8432
210.5481
207.9789
207.7475
204.9970
206.3661
208.6754
211.2562
204.7700
208.6754
206.3661
206.3660
206.3660
207.0552
207.9790
204.5433
207.9790
207.5164
205.2243
205.6800
208.2108
204.3170
207.5164
205.2243
206.8251
207.5164
205.2243
203.6401
207.7475
201.6271
201.4052
204.5434
203.4151
203.6400
204.3170
204.0910
202.0722
198.5485
205.4520
200.5204
202.5185
205.6800
204.7700
204.0910
205.2243
204.0910
205.4520
204.0910
204.7699
205.6800
197.4642
203.8653
203.1904
203.4151
203.4151
205.2243
202.9661
204.7700
202.7421
200.7411
202.9661
200.0799
202.5185
201.4052
200.3000
201.8495
200.9621
200.7411
199.4217
201.6272
199.2029
201.1835
202.5185
199.2029
203.4150
205.2243
200.9621
200.7411
201.4052
198.5485
199.8602
200.7411
198.9845
198.5485
198.7663
198.7664
199.8602
200.7411
197.8970
197.0326
200.5204
196.8174
200.9621
198.5485
198.9845
198.3310
197.6805
198.5485
198.5485
197.4642
197.6805
199.6408
197.6805
199.6408
196.8174
200.3000
195.3190
196.6024
197.2483
195.5321
195.7455
197.8970
193.6249
195.3189
196.1733
195.1061
195.1061
197.6805
198.5485
193.6249
194.4695
194.0466
195.7455
197.2483
194.0466
193.6249
195.5321
192.5760
193.2044
194.8936
194.8936
190.9132
191.1200
191.5345
189.4737
190.7067
192.5760
192.9947
189.6785
188.8611
190.9132
188.0484
190.2945
189.6785
191.1200
188.8611
187.6437
189.8835
190.9132
185.0408
188.0484
187.8459
188.2511
184.0522
186.4365
189.0650
186.4365
188.0484
190.2945
188.0484
187.0388
185.8367
186.0363
184.4468
187.0388
178.6404
185.0408
183.6587
184.0522
185.4382
185.2394
182.8749
181.9013
180.9343
183.0705
182.6797
181.3203
182.0955
181.5137
180.9343
181.5137
181.5137
179.0200
177.6956
178.8301
178.2617
181.3203
178.6404
179.4008
178.2617
171.9780
171.9780
177.1318
172.8842
172.1588
171.4371
172.7025
172.7025
171.0778
172.5210
171.9780
171.4372
170.3619
169.8275
171.6172
170.3619
171.2574
170.8985
169.4724
168.7649
171.9780
173.4308
167.0125
167.7107
168.2368
166.1448
165.2827
165.1109
164.9394
162.0571
164.7681
164.0851
163.4056
161.8895
161.0548
162.3930
160.5565
160.2253
158.5821
159.7301
157.4442
158.5821
160.2253
158.0932
157.1209
156.9595
156.9595
156.4767
155.9957
155.8358
155.3571
152.9907
152.3671
152.0564
152.6785
150.8213
152.3671
150.6678
150.0555
150.8213
149.5983
148.8399
144.0934
147.4864
146.7408
144.2390
145.5571
143.9480
144.5307
143.9480
142.5034
141.5023
140.3682
142.0733
139.2448
140.2272
140.0863
138.2703
136.2087
137.3038
136.3450
134.9888
134.1825
135.3940
131.5343
134.9888
132.0591
131.4035
130.6216
128.9454
129.0734
131.0118
127.5460
128.6897
126.5389
125.2926
124.7979
124.7979
124.9214
123.5706
122.7194
121.1557
120.4414
120.3228
118.6757
119.1438
117.2833
116.9380
117.0530
116.5938
116.9380
115.3409
114.1024
111.8867
112.1062
111.0133
107.5902
110.7960
108.1177
107.2750
106.4391
108.1177
105.5066
104.4805
104.3784
102.6589
101.9593
101.9593
101.6609
100.3781
100.9681
99.3053
96.6258
97.0990
95.6862
95.1267
95.4060
93.9254
92.3767
92.6482
92.3767
90.1435
89.7910
89.6153
89.2647
86.4214
87.0174
87.0174
85.3246
83.9097
82.8422
82.6791
82.1914
80.4254
79.5552
78.8494
78.2266
77.1472
76.3083
76.1566
75.0272
72.5201
72.7384
73.7646
73.3233
71.8684
71.7963
70.7932
69.7313
67.3043
67.2359
66.2852
66.2177
66.7592
64.0864
64.4158
62.0091
61.4343
60.8004
59.8588
59.8588
59.0516
58.7433
58.0693
57.7040
56.1406
55.4294
55.2526
55.6066
53.2768
53.3342
52.2511
50.6270
50.5163
50.4610
49.3634
49.0372
47.9067
47.8000
46.3213
46.1646
45.9042
44.2086
44.3102
44.3102
41.9098
41.9590
41.7624
40.4015
39.8739
38.8307
38.9249
37.9886
37.4790
36.7445
35.3882
35.7022
34.6315
34.2783
33.9270
32.9271
33.0134
32.1549
31.8570
31.2653
31.6874
29.6446
29.7678
29.2354
28.6669
28.1034
27.5051
27.3465
26.5985
25.9366
25.5890
24.8233
24.9757
23.9168
23.7670
22.5814
22.6181
22.5081
21.6709
21.4184
20.9522
20.3832
20.1713
19.5398
19.9601
19.6796
18.2967
18.2625
17.8202
17.6171
17.5159
16.8786
16.5128
16.0176
15.8535
15.8207
15.2341
14.9752
16.1163
14.2057
14.2375
13.8564
13.4463
13.2894
13.1955
12.7280
12.8212
12.7591
12.7901
13.1017
13.7931
14.8785
14.6212
15.2990
16.2482
16.7453
17.4821
17.9899
18.7082
19.1572
20.1360
21.5265
22.0699
23.0603
23.6176
24.3684
25.5120
26.2083
27.0305
27.1488
28.2639
29.2354
30.0150
30.8459
31.5183
32.2830
33.2732
34.7201
36.8359
36.6988
37.2486
38.4084
38.4084
40.0653
39.7784
42.6513
42.3043
43.2000
44.7694
45.2830
46.1646
46.3736
48.4429
48.9288
50.4057
51.0715
51.3507
52.6483
53.7372
54.6663
54.9589
55.9028
57.9473
58.9281
57.9473
59.9212
60.2968
62.1374
63.9550
63.5621
64.5479
65.3452
67.8529
68.3359
69.4504
69.7313
71.6523
72.2299
72.6656
74.1341
74.1341
75.1769
75.2519
77.6853
78.1491
77.8396
81.5452
82.1914
83.0056
83.5799
84.1578
84.9897
86.0825
88.1343
89.3522
90.1435
90.8525
91.7461
93.4673
94.2013
92.8296
94.9409
96.6258
99.4995
98.0522
99.7915
99.2084
101.1656
102.2586
101.7603
103.7682
104.8897
105.3006
107.6955
108.1177
106.6474
107.8009
108.6479
110.4710
111.6677
113.3217
113.3217
114.3265
114.2144
117.3987
114.3265
116.3649
116.7084
120.0860
119.9678
121.9950
122.7194
116.2506
121.0364
122.9619
122.4774
125.0450
124.4283
124.6746
125.2926
127.1673
126.5389
129.8449
129.4585
130.3621
132.5864
129.8449
132.8509
137.4414
134.9888
134.4506
135.5294
134.3165
136.7550
135.5294
137.1663
136.2087
138.2703
139.6648
139.9457
140.0863
141.9303
141.3599
143.9480
145.4100
144.9695
144.6768
147.3369
147.0385
148.6888
146.4438
148.8399
149.2944
149.9029
151.1290
147.3369
150.8213
150.6678
153.3037
155.3571
153.9320
155.5165
158.9091
156.6374
157.1208
154.4053
155.5165
157.7682
159.7301
163.5752
160.5565
161.0548
163.4057
161.0548
161.8895
162.3929
163.0672
163.2363
163.2363
162.7297
161.5550
163.2363
163.9149
163.0672
166.6647
165.4546
163.9149
166.6647
165.9719
163.7449
168.4126
165.1109
168.4126
168.9414
168.7649
168.4126
167.8858
169.2952
170.3619
171.9780
171.2574
171.9780
172.7025
173.4308
171.9780
178.0727
173.0662
176.1972
172.3398
172.3398
178.2617
171.9780
171.4371
176.9444
176.5703
177.8840
177.3195
179.2103
180.3573
183.0705
177.8840
178.2617
180.5494
181.9013
182.6797
181.1272
181.9012
181.1272
172.7025
181.5137
186.4365
181.7073
182.0955
185.0408
184.0522
184.6445
182.8749
185.8367
183.4624
183.4624
185.2394
185.8367
186.2363
187.4418
185.0408
187.4418
186.4365
186.6370
187.6437
187.4418
187.8459
188.0484
188.6575
187.6437
187.6437
187.8459
187.6437
187.8459
188.8611
188.0484
187.4418
190.5005
191.1200
187.6437
191.1200
189.6785
191.3271
189.6785
191.1200
194.4695
192.3671
191.1200
192.1585
192.5760
191.7422
191.3271
191.5345
190.5004
192.3671
193.2045
191.7422
194.8936
192.7852
194.6814
194.2579
194.0466
194.2579
192.1585
192.3671
193.2045
195.1061
194.8936
193.2045
191.5345
194.8936
195.1061
195.7455
197.0327
194.6814
195.7455
195.9593
195.5321
197.8970
196.8174
199.2029
200.0800
195.1062
195.9592
197.8970
197.0327
195.9593
195.9593
196.6024
197.6805
198.9845
199.2029
195.1061
198.9845
194.6814
198.3310
197.2483
196.8174
197.6805
197.2483
199.2029
200.0800
200.0800
197.4642
197.8970
197.0326
200.0800
200.0800
197.2483
201.8495
198.3310
199.4217
200.0800
200.7411
201.8495
200.9621
203.4150
200.7411
200.0800
196.8174
203.1904
202.9661
200.5204
195.1061
196.6024
198.1139
198.5485
200.7411
201.4052
198.7664
203.4150
202.2952
201.4052
201.4052
202.0722
200.7411
203.1904
203.4151
202.0722
202.9661
202.5185
202.0722
204.7700
205.2243
202.7421
202.2951
206.3661
213.8805
205.2243
206.3661
207.2856
202.2952
205.4520
203.4151
205.2243
204.5434
206.8252
203.4151
203.8653
203.1904
204.3170
202.5185
202.5185
206.1371
204.3170
205.4520
204.7700
204.0910
202.9661
204.9969
203.6400
204.0910
203.8653
204.0910
203.4151
206.8252
203.6400
204.9970
206.8252
206.5955
208.4429
207.0552
205.4520
208.6754
201.4052
207.9790
207.9790
208.4429
204.0910
206.5954
207.0552
206.8252
204.9970
204.3170
205.6800
209.3750
205.9084
207.9790
206.3661
209.3750
206.5955
207.5164
208.2108
207.2856
208.2108
207.5164
207.7475
205.9084
207.2856
207.7475
208.2108
207.2857
206.8252
208.2108
207.9790
207.2857
208.6754
208.4429
205.6800
207.9790
207.5164
208.2108
208.6754
208.6754
207.0552
208.2108
208.2108
210.3128
206.5954
207.2857
207.2857
208.9083
208.4429
207.0552
207.2857
209.6089
208.9083
207.7475
207.2856
205.9084
208.6754
208.4429
208.9083
208.6754
208.9083
208.4429
207.7475
209.3750
209.3750
208.4429
207.7475
208.9082
208.9082
209.8432
208.9082
210.5481
206.3661
210.5481
207.9790
216.7945
211.0198
206.8251
208.9083
208.6754
208.9083
207.2856
209.6089
209.1415
206.5955
208.6754
208.9083
208.2108
209.3750
210.3128
209.8432
207.7475
207.7475
206.1371
214.6040
207.5164
208.6754
209.1415
210.3128
209.6089
211.0198
206.5954
207.2856
212.2054
202.9661
210.5481
209.1415
207.5164
210.0778
208.2108
207.7475
206.3661
209.6089
207.0552
207.5164
208.6754
209.8432
208.6754
208.4429
211.2562
205.4520
207.7475
207.0552
208.2107
208.9082
209.8432
206.8252
208.2107
207.2857
210.0778
210.0778
209.3750
209.6089
208.9083
208.2108
210.5481
207.2856
211.9676
207.9790
207.2857
229.8067
208.9083
211.0198
207.5164
210.7837
209.3750
208.6754
210.0778
211.0198
202.7421
211.9676
211.4930
208.4429
210.7838
209.6089
207.7475
209.8432
208.4429
209.3750
210.3128
212.6822
212.4436
212.9211
215.3308
210.5481
211.4930
210.3128
212.2054
208.9083
210.0778
212.4436
211.2562
211.7301
209.3750
209.6089
211.0198
210.0778
208.2107
212.6822
210.0778
211.0198
210.5481
212.4436
210.7837
209.1415
212.2054
212.2054
209.8432
212.6822
210.5481
210.0778
210.3128
212.9211
208.9083
210.3128
211.2562
208.6754
211.4930
208.4429
210.0778
212.6822
211.4930
213.8806
209.3750
212.2054
213.6402
209.6089
214.3625
215.3307
211.2562
211.0198
209.3750
210.0778
211.9676
210.0778
211.2562
209.8431
213.1604
212.6822
211.0198
208.4429
210.0778
211.9676
208.2107
211.2562
209.3750
210.0778
213.6401
211.9676
206.5954
210.7838
213.1604
209.8432
208.4429
209.1415
208.2108
209.6089
213.1604
208.4429
208.6754
210.0778
211.9676
210.7838
216.0609
208.6754
210.3127
209.8432
211.9675
208.6754
211.7301
212.2054
211.0198
209.8431
207.9790
210.3128
210.0778
210.3127
210.0778
207.0552
213.6402
211.0198
208.4429
211.7301
202.0721
210.0778
210.0778
210.3128
210.5481
209.3750
211.2562
210.7838
209.3750
214.8459
212.6822
208.6754
208.4429
211.7301
210.3128
209.1415
212.6822
212.2054
208.6754
211.9676
207.5164
211.2562
209.1415
211.4930
209.3750
207.7475
211.0198
209.8432
205.9084
208.4429
211.2562
219.0156
210.7838
211.0198
211.9676
210.7838
206.5955
217.7778
212.9211
209.1415
209.8432
211.0198
208.4429
207.9790
207.9790
210.3128
209.6089
208.4429
207.2856
209.8432
207.9789
209.3750
207.9790
209.3750
209.3750
207.9790
211.7301
211.2562
206.8251
201.8495
211.7301
210.5481
210.3128
208.4429
207.2856
211.9676
209.6089
209.3750
204.5433
208.6754
213.1604
208.9083
210.3128
211.2562
209.3750
210.7838
208.2108
209.8432
208.6754
213.4002
209.6089
209.6089
208.4429
206.8251
207.2857
207.7475
206.1371
208.9083
209.3750
208.2108
213.4001
208.9083
207.5164
210.3128
207.2857
207.0552
209.8432
207.0552
207.7475
207.7475
209.3750
208.9083
209.3750
208.6754
208.6754
208.4429
205.9083
206.3661
207.0552
202.9661
205.9084
208.9083
205.2243
207.5164
205.9084
208.2108
207.0552
206.1371
206.1371
205.4520
204.7700
202.5185
207.7475
208.2108
207.0552
204.7700
207.0552
206.1370
206.3661
207.7475
205.4520
202.7421
204.9970
204.3170
203.6400
208.4429
207.2857
205.4520
202.9661
204.5433
206.3661
202.9661
204.3170
203.6400
202.5185
203.1904
203.8653
203.6400
199.4217
197.6805
204.9970
203.8653
204.0910
203.6400
200.7411
203.1904
202.9661
203.1904
201.1834
203.1904
203.8653
196.6024
202.9661
197.6804
200.9621
197.8970
200.9621
202.7421
202.9661
200.0799
196.3877
202.2952
200.0800
203.1904
197.8970
198.3310
200.3000
200.0799
200.9621
201.8495
200.3000
201.6272
196.8174
201.4052
198.1139
201.8495
200.3000
199.4217
199.6408
200.0800
196.3877
199.8602
198.3310
198.5485
198.1139
198.1138
198.7664
193.8356
199.4217
198.5485
197.6805
197.4642
198.7664
197.4642
194.2579
197.4642
195.7455
199.8602
195.1062
195.3189
194.0466
195.3189
193.8356
195.1061
194.2579
192.5760
196.3877
197.2483
194.8936
192.5760
192.1585
195.9592
194.2579
194.2579
191.5345
190.7067
193.2044
191.7422
193.6249
191.7422
194.2579
194.2579
192.3671
192.5760
191.3271
193.6249
191.5345
189.0650
191.7422
191.1200
188.8611
188.2511
188.2511
183.6587
188.2511
189.0650
188.6575
185.4382
188.2511
187.2401
185.8367
186.8378
190.0889
188.0483
184.6445
182.6796
187.4418
184.6445
183.8553
178.8301
188.0484
184.0522
183.2662
186.6370
184.0522
185.4382
185.0408
184.8425
184.6445
184.0522
184.0522
183.2663
184.6445
184.2494
186.4364
180.1654
183.6587
180.1655
180.3572
180.9343
180.7417
178.4509
179.0201
182.4846
179.0201
178.8301
179.2103
172.7025
171.4371
178.8301
177.5074
172.3398
172.3398
169.6498
172.3398
177.3195
171.9780
170.5405
171.6172
171.9780
170.0054
173.0662
171.7975
171.4372
172.1588
172.7025
172.3398
170.7194
170.1835
165.7993
170.1835
168.4126
167.1867
167.5358
165.6268
165.4546
168.0612
164.9394
166.8385
166.1448
163.5752
163.9149
163.7449
163.5752
161.0548
160.0600
156.6374
158.7455
161.0548
160.5565
159.4011
160.3908
159.0729
158.7455
159.4011
156.4767
153.6175
156.3161
153.7746
154.4053
153.6175
154.5634
153.3037
153.3037
152.8345
151.9014
151.5918
151.4374
148.5379
150.2083
149.1427
147.1876
148.5379
146.4438
151.7465
145.8520
144.0934
144.3848
144.3848
144.6768
143.9480
141.7874
137.5791
140.3682
138.2703
139.1051
137.5791
136.6182
134.7194
134.7194
135.5294
135.9365
133.3817
132.9833
133.2488
133.2488
131.7964
130.6216
129.5872
127.1673
130.4917
125.5408
129.2017
126.7899
125.9140
125.4166
124.7979
123.4486
122.8406
121.2753
122.5983
122.4774
119.3786
120.2043
118.0934
118.7925
117.3987
117.0530
118.4424
115.6811
115.1146
113.0996
111.6677
112.6570
110.3629
110.6876
110.2549
109.3948
108.3295
106.5432
107.1701
105.9200
104.7872
105.3006
102.5587
101.7603
102.7593
100.1822
100.3781
99.4024
98.7250
99.3053
98.4361
96.9094
95.9671
95.3128
94.0173
95.7797
96.0609
92.2863
91.3877
90.1435
90.5860
88.6544
86.8467
87.0174
86.1671
86.5063
85.0733
85.1570
84.3236
82.7606
81.6257
81.1437
79.2408
80.4254
78.7713
77.8396
77.1472
76.3842
75.7785
73.9861
73.7646
72.9573
72.2299
71.7243
70.2960
69.5205
69.8722
68.6131
67.9217
66.7592
66.7592
65.4789
65.2118
65.7468
63.3012
61.9450
61.6254
61.3706
60.0462
61.3706
58.4975
58.8665
57.4009
57.0388
55.9622
54.7247
54.2584
54.0263
53.2769
52.8763
51.9122
50.3505
50.1300
49.3634
48.7124
48.4967
47.1097
46.6882
47.0569
45.4378
44.5650
44.7182
43.5514
43.2000
42.5024
41.8115
41.1759
40.8360
39.6355
39.8739
38.6427
38.5020
39.0664
36.6988
36.6988
35.4330
35.0310
34.3224
33.9270
32.4970
32.5828
32.2830
31.5183
31.1392
30.2217
29.9737
29.7678
28.5861
28.1435
28.2639
26.9123
26.2083
26.0917
26.1694
25.0139
24.9757
24.4440
23.9919
23.7670
23.1343
22.9126
22.7284
22.1791
21.7794
21.2027
20.9522
20.4541
20.3479
19.8898
19.2961
19.1919
18.4335
17.9219
17.6847
17.6509
17.1125
16.5128
16.8452
16.1163
15.8863
15.7225
15.2665
14.4611
14.1102
14.5571
13.6668
13.6983
13.7931
13.4778
13.3521
13.1642
12.4803
12.6041
11.7742
11.7437
12.1415
12.2337
11.9269
