99.4024
99.6941
102.3585
105.4036
106.0236
108.9673
112.1062
110.9046
115.1146
116.9380
119.1438
120.9171
123.2050
124.6746
125.7895
129.0734
132.0591
134.3165
134.0486
135.8007
139.1050
140.6507
141.9303
143.3681
145.9997
147.4864
148.3871
156.3161
153.1471
154.4053
156.9595
160.0600
159.8950
164.7681
165.6268
170.0054
165.6268
170.8985
173.6135
180.3572
189.0650
180.5493
182.6797
182.6797
184.0522
183.2662
190.0889
191.9502
195.1061
196.3877
196.1733
200.3000
202.9661
203.1904
202.9661
207.9790
211.4930
212.9211
216.3051
217.2854
215.0881
218.7673
221.0163
223.5526
225.6109
227.1717
228.7477
233.5678
232.2148
236.0313
236.8606
241.0691
241.3534
242.7821
243.6451
243.0693
252.5200
252.2168
256.5097
256.5097
257.4432
261.2270
260.2736
262.8272
268.7075
265.0916
272.7348
274.0969
274.4389
278.5930
274.7816
272.7347
283.9171
284.6383
287.1842
287.9177
290.5072
291.6276
297.7132
296.9422
292.0024
303.5929
301.2203
304.7898
306.8004
310.0592
309.6490
313.7883
337.6701
308.8310
322.7593
330.3114
326.2799
329.4089
338.1384
336.7365
339.0779
339.0779
344.8010
346.7420
340.9692
350.1798
350.1798
354.6786
358.2401
358.2401
359.7837
355.1840
371.9719
363.9510
371.9719
368.7305
378.0325
380.8391
378.5912
387.1310
391.8113
382.5389
389.4599
403.9155
388.8756
390.6328
402.0620
409.5588
404.5363
414.6823
407.6637
415.9793
420.5708
424.5721
418.5931
423.2316
435.5487
429.3185
432.0695
438.3650
439.0737
439.0736
459.7043
450.6725
430.6904
449.9328
460.4704
455.1517
470.6232
456.6610
471.4195
463.5556
468.2477
473.0186
482.8051
473.8216
477.0560
537.2189
513.3577
477.8704
499.0027
504.3064
484.4688
501.6429
506.0952
514.2778
520.7967
520.7967
528.4180
525.5382
541.2100
526.4952
531.3245
587.4999
538.2120
543.2243
541.2100
546.2697
556.6328
543.2243
546.2697
561.9399
580.6437
567.3334
560.8716
547.2912
560.8716
563.0116
558.7454
593.3199
611.3867
599.2392
607.6985
600.4352
599.2392
607.6985
613.8670
594.4957
602.8399
600.4352
629.1194
608.9236
620.1439
623.9634
620.1439
627.8235
653.2607
650.4996
625.2455
639.6551
635.6687
661.6674
645.0379
611.3865
654.6488
656.0425
663.0867
691.0958
1041.8250
692.6271
708.2719
688.0510
694.1642
650.5001
677.5764
743.2235
705.0937
694.1642
736.3350
688.0510
703.5139
705.0937
753.7717
722.8902
759.1454
713.0869
708.2719
713.0869
686.5374
755.5555
732.9328
724.5471
762.7656
700.3730
734.6304
796.7750
734.6304
757.3467
792.8644
719.5963
794.8154
755.5555
736.3350
764.5872
760.9517
790.9219
757.3467
790.9219
766.4164
796.7750
792.8644
800.7200
764.5872
806.7030
827.2334
840.0040
853.1313
842.1667
840.0040
829.3377
762.7656
837.8512
848.7150
859.8342
812.7661
878.1761
835.7083
837.8512
868.9183
880.5183
848.7157
873.5253
929.8353
890.0002
878.1761
868.9183
919.5789
873.5253
892.3994
894.8102
892.3994
899.6672
892.3994
927.2519
929.8353
894.8102
899.6672
929.8353
882.8717
892.3994
846.5222
948.2892
907.0423
917.0467
984.3768
981.5129
927.2519
937.6639
956.4029
937.6639
964.6423
950.9804
978.6641
932.4316
935.0412
959.1352
1041.8250
937.6639
998.9268
981.5129
942.9495
904.5719
995.9856
1023.0366
1095.1450
995.9856
998.9268
1010.8509
993.0602
1026.1250
993.0602
1007.8456
1004.8566
1038.6500
917.0467
1051.4568
1019.9652
1032.3529
1023.0366
1081.3538
1095.1450
1026.1245
1035.4927
967.4175
1041.8250
1038.6500
1098.6433
1041.8250
1077.9556
1081.3538
1091.6671
1045.0176
1077.9546
1109.2621
1029.2303
1081.3538
1071.2174
1064.5551
1084.7717
1045.0176
1169.2307
1105.7017
1084.7717
1051.4568
1105.7017
1088.2095
1109.2621
1013.8720
1105.7017
1271.2333
1149.8613
1102.1621
1138.5209
1142.2781
1142.2781
1239.8281
1109.2621
1161.4114
1091.6671
1071.2174
1131.0737
1134.7864
1173.1769
1127.3844
1165.3090
1138.5209
1153.6877
1127.3844
1161.4114
1084.7717
1153.6877
1222.5186
1244.2250
1169.2307
1169.2307
1142.2781
1239.8269
1173.1769
1262.1112
1304.1461
1299.3479
1201.5021
1161.4108
1218.2612
1218.2612
1205.6519
1235.4587
1266.6570
1161.4114
1214.0311
1275.8403
1169.2307
1157.5377
1239.8281
1435.8004
1235.4587
1165.3090
1285.1479
1218.2612
1304.1461
1271.2333
1218.2612
1193.2814
1248.6533
1197.3788
1231.1178
1333.6410
1257.5955
1201.5028
1280.4785
1271.2333
1266.6570
1248.6533
1299.3479
1271.2333
1348.8580
1418.7114
1308.9774
1222.5199
1308.9774
1318.7402
1231.1178
1299.3479
1313.8419
1343.7499
1299.3479
1354.0024
1304.1461
1253.1096
1354.0024
1359.1835
1333.6410
1369.6571
1369.6571
1323.6726
1280.4785
1328.6394
1391.0621
1343.7499
1354.0024
1364.4016
1299.3479
1328.6394
1308.9774
1418.7114
1359.1835
1214.0317
1364.4016
1385.6526
1424.3647
1430.0621
1430.0621
1380.2822
1385.6526
1374.9506
1430.0621
1354.0024
1328.6394
1364.4016
1374.9506
1441.5820
1313.8419
1374.9506
1396.5111
1385.6526
1402.0001
1374.9506
1453.2766
1391.0621
1338.6777
1435.8004
1294.5824
1447.4072
1447.4072
1435.7987
1424.3665
1483.3047
1424.3665
1413.0999
1402.0001
1435.8004
1447.4072
1441.5820
1453.2766
1402.0001
1333.6410
1205.6519
1453.2766
1501.8853
1285.1479
1660.2572
1435.8004
1459.1908
1380.2822
1435.8004
1380.2822
1380.2822
1441.5820
1447.4072
1435.8004
1396.5111
1489.4501
1453.2766
1435.8004
1280.4785
1527.3485
1514.5165
1495.6434
1514.5165
1380.2822
1477.2065
1441.5820
1459.1908
1430.0621
1441.5820
1465.1501
1706.8580
1508.1760
1546.9836
1430.0604
1501.8853
1465.1501
1527.3485
1483.3047
1514.5165
1435.8004
1489.4501
1483.3047
1418.7114
1435.8004
1520.9071
1683.2532
1364.4016
1553.6344
1402.0001
1580.7834
1594.6951
1465.1501
1652.7230
1637.8467
1407.5295
1527.3485
1546.9836
1594.6951
1489.4501
1587.7106
1580.7834
1675.5214
1637.8467
1435.8004
1594.6951
1645.2532
1594.6951
1630.5028
1508.1760
1407.5295
1580.7834
1637.8467
1660.2572
1477.2065
1540.3862
1508.1760
1675.5214
1533.8414
1413.0999
1652.7230
1489.4501
1652.7230
1675.5237
1508.1760
1567.0984
1594.6951
1706.8605
1630.5028
1645.2532
1546.9836
1660.2572
1698.9230
1495.6434
1637.8467
1739.3232
1660.2572
1546.9836
1675.5214
1637.8467
1645.2532
1553.6344
1567.0984
1615.9996
1567.0984
1637.8467
1683.2532
1660.2572
1667.8563
1747.6219
1667.8563
1652.7230
1667.8563
1594.6951
1667.8563
1764.4463
1652.7230
1630.5028
1587.7106
1772.9738
1667.8563
1573.9130
1667.8563
1660.2572
1608.8389
1667.8563
1587.7106
1573.9130
1683.2532
1652.7230
1594.6951
1637.8467
1660.2572
1706.8605
1630.5028
1637.8467
1675.5237
1722.9473
1660.2572
1675.5214
1675.5214
1540.3862
1623.2207
1714.8682
1630.5028
1747.6219
1645.2532
1675.5237
1540.3853
1698.9207
1901.1105
1594.6951
1546.9836
1364.4016
1799.0310
1630.5028
1790.2650
1667.8563
1706.8605
1683.2532
1781.5797
1652.7230
1465.1501
1580.7825
1722.9473
1781.5797
1533.8414
1747.6219
1615.9996
1714.8682
1816.8091
1645.2532
1652.7230
1645.2532
1675.5214
1623.2207
1675.5214
1645.2532
1781.5797
1731.0986
1747.6219
1691.0551
1691.0527
1645.2532
1772.9738
1755.9960
1675.5214
1755.9960
1872.1980
1755.9960
1731.0986
1772.9738
1872.1980
1781.5797
1714.8682
1608.8389
1533.8414
1667.8563
1731.0986
1675.5214
1667.8563
1825.8235
1667.8563
1834.9231
1691.0551
1637.8467
1637.8467
1755.9960
1772.9738
1683.2532
1698.9230
1747.6219
1781.5797
1652.7230
1683.2532
1844.1091
1660.2572
1910.9374
1781.5797
1834.9231
1747.6219
1862.7452
1731.0986
1747.6219
1764.4463
1645.2532
1891.3793
1790.2650
1675.5214
1691.0551
1799.0310
1844.1091
1630.5028
1580.7834
1652.7230
1630.5028
1623.2207
1675.5214
1825.8235
1698.9207
1772.9738
1683.2532
1667.8563
1739.3232
1683.2532
1714.8682
1941.0055
1739.3232
1667.8563
1683.2532
1941.0055
1645.2532
1489.4501
1683.2532
1781.5797
1483.3047
1698.9230
1764.4463
1667.8563
1731.0986
1645.2532
1645.2532
1739.3232
1683.2532
1637.8467
1706.8605
1508.1760
1587.7096
1731.0986
1825.8235
1667.8563
1747.6219
1764.4463
1553.6344
1645.2532
1630.5028
1594.6951
1691.0551
1714.8682
1683.2532
1546.9827
1567.0984
1630.5028
1691.0551
1698.9207
1637.8467
1630.5028
1623.2207
1772.9738
1764.4463
1623.2207
1714.8682
1683.2532
1675.5214
1691.0551
1580.7834
1630.5028
1501.8843
1637.8467
1601.7375
1573.9120
1645.2532
1637.8467
1637.8467
1731.0962
1459.1908
1608.8389
1459.1908
1601.7375
1615.9996
1546.9836
1652.7230
1527.3485
1546.9836
1667.8574
1459.1908
1714.8682
1652.7230
1608.8389
1652.7230
1587.7106
1594.6951
1675.5214
1514.5165
1652.7230
1652.7230
1615.9996
1623.2207
1540.3862
1630.5028
1501.8853
1623.2207
1667.8563
1495.6434
1580.7834
1615.9996
1495.6434
1560.3391
1587.7106
1540.3862
1501.8853
1615.9996
1533.8414
1553.6344
1580.7834
1637.8467
1540.3862
1546.9836
1580.7834
1587.7106
1489.4501
1567.0984
1540.3862
1573.9130
1630.5028
1567.0984
1520.9071
1508.1760
1637.8467
1453.2766
1514.5165
1441.5820
1660.2572
1471.1552
1514.5165
1683.2555
1587.7106
1430.0621
1508.1760
1424.3665
1430.0621
1520.9071
1615.9996
1441.5820
1533.8414
1722.9473
1587.7106
1533.8414
1424.3665
1567.0984
1495.6434
1459.1908
1483.3047
1483.3047
1540.3862
1495.6434
1435.8004
1453.2766
1459.1908
1489.4501
1501.8853
1407.5304
1424.3665
1520.9071
1477.2065
1567.0984
1465.1501
1430.0621
1424.3665
1471.1552
1540.3862
1369.6571
1489.4501
1407.5295
1430.0621
1413.0999
1424.3647
1459.1908
1501.8853
1430.0621
1533.8414
1459.1908
1527.3485
1601.7375
1299.3479
1441.5820
1402.0001
1402.0001
1407.5295
1413.0999
1348.8580
1348.8580
1369.6571
1447.4064
1323.6726
1328.6394
1447.4072
1477.2065
1495.6434
1407.5295
1348.8580
1495.6434
1447.4072
1441.5820
1299.3479
1374.9506
1435.8004
1441.5820
1402.0001
1407.5295
1271.2333
1508.1760
1435.8004
1396.5111
1338.6777
1402.0001
1359.1835
1323.6726
1391.0621
1285.1472
1471.1552
1359.1835
1333.6410
1359.1835
1231.1178
1328.6394
1343.7499
1299.3479
1413.1014
1385.6526
1289.8491
1285.1479
1280.4785
1364.4016
1333.6410
1214.0311
1343.7499
1138.5209
1338.6777
1244.2250
1253.1096
1173.1769
1508.1760
1289.8491
1424.3647
1205.6519
1271.2333
1285.1479
1214.0311
1289.8491
1275.8403
1161.4114
1280.4785
1275.8403
1308.9774
1271.2333
1231.1178
1214.0323
1318.7402
1262.1112
1201.5034
1285.1479
1185.1638
1218.2612
1231.1178
1235.4587
1185.1638
1169.2307
1294.5824
1185.1638
1209.8280
1201.5021
1226.8048
1239.8269
1169.2307
1209.8280
1185.1638
1177.1476
1189.2098
1248.6533
1231.1178
1177.1476
1262.1112
1257.5955
1173.1769
1149.8613
1177.1476
1165.3090
1084.7706
1131.0742
1193.2814
1226.8048
1177.1476
1149.8613
1131.0742
1157.5377
1149.8613
1077.9556
1197.3788
1138.5209
1142.2781
1169.2307
1112.8436
1165.3090
1112.8436
1157.5377
1157.5377
1091.6671
1035.4927
1116.4464
1084.7717
1123.7167
1074.5769
1077.9556
1123.7167
1088.2095
1091.6671
1091.6671
1051.4568
1102.1621
1051.4568
1084.7717
1098.6433
1051.4568
1081.3528
1023.0366
993.0602
1041.8250
1029.2303
1054.7037
1010.8509
998.9268
1029.2303
1032.3529
1026.1250
990.1503
1029.2303
1029.2303
1023.0366
993.0602
1032.3529
945.6125
959.1352
1013.8725
987.2559
940.3000
998.9268
995.9856
995.9856
998.9268
959.1352
993.0602
964.6415
975.8303
942.9495
878.1761
802.7056
981.5129
935.0412
932.4316
967.4175
935.0412
929.8353
935.0412
945.6125
948.2892
937.6639
942.9495
935.0412
798.7432
868.9183
914.5270
1091.6671
909.5249
875.8452
859.8342
917.0467
864.3549
871.2163
880.5183
864.3549
880.5183
862.0892
855.3557
868.9183
862.0892
922.1238
871.2163
857.5890
885.2364
766.4164
842.1667
864.3549
892.3994
842.1667
835.7083
964.6415
850.9181
823.0533
818.9106
812.7661
820.9773
853.1313
842.1667
790.9219
798.7432
909.5249
798.7432
796.7750
759.1454
755.5555
768.2535
759.1454
753.7717
757.3467
757.3467
757.3467
755.5555
739.7651
810.7360
732.9328
741.4908
755.5555
692.6271
732.9328
721.2399
787.0621
727.8810
716.3286
736.3350
706.6796
713.0864
703.5139
717.9592
697.2565
719.5963
705.0937
692.6271
679.0557
689.5705
671.7150
674.6346
682.0312
664.5114
654.6492
677.5764
677.5764
657.4409
663.0867
657.4409
651.8781
645.0379
630.4200
633.0350
615.1136
656.0425
627.8235
656.0425
631.7251
625.2455
617.6199
631.7251
618.8797
617.6199
621.4126
611.3867
596.8594
601.6357
598.0476
592.1480
577.2666
580.6437
585.1992
577.2666
568.4227
570.6119
577.2666
578.3885
568.4227
559.8068
569.5155
548.3160
560.8716
565.1655
544.2362
545.2513
529.3839
542.2155
528.4180
536.2288
532.2993
532.2993
548.3160
515.2006
518.9202
530.3527
524.5841
518.9202
494.6535
501.6429
503.4159
498.1277
502.5281
499.0027
498.1277
493.7912
507.8947
473.8216
486.9821
469.8292
476.2440
471.4195
477.0560
469.8292
460.4703
469.0374
468.2477
466.6750
461.2385
455.1517
458.9404
444.8113
446.9945
444.8113
441.2111
430.0036
426.5958
430.6904
429.3185
421.2336
429.3185
417.9372
417.2829
419.9099
417.9372
412.1078
408.2939
412.1078
408.2939
406.4081
394.7824
407.6637
390.0457
406.4081
405.1587
385.3987
385.9748
384.8240
381.4043
378.5912
383.1081
375.2586
375.2586
373.0623
368.7305
362.3794
362.9021
360.3005
363.9510
367.1265
353.6711
363.4259
357.7279
352.1682
348.2089
348.2089
347.2299
337.2028
340.0215
326.2799
337.6701
332.5842
325.8366
328.9591
326.2799
331.6722
321.0207
324.5123
323.6340
327.1693
315.4676
312.9538
312.1226
308.8310
309.2396
303.9911
301.6138
296.5578
302.0080
290.5072
291.2534
292.7544
300.4356
285.7253
290.5072
286.0890
280.3513
284.2774
284.6383
275.8135
280.3513
277.8943
274.7816
272.7348
272.3959
272.0576
270.7102
266.3983
272.3958
263.1490
262.1855
261.5459
258.0683
257.1315
253.1279
251.6119
250.4084
248.6186
251.9141
244.8025
244.2228
244.5124
239.0922
238.5315
240.5019
231.6766
234.6582
231.4082
231.6766
226.3894
227.6954
224.8360
226.3894
225.8700
223.2972
218.7673
217.2854
215.0882
217.0397
226.1295
211.7301
213.1604
207.7475
213.4001
207.9790
206.8252
205.4520
200.3000
204.0910
203.4151
198.5485
198.5485
195.5321
190.7067
193.2045
193.2045
189.2692
190.0889
188.4541
185.4382
187.0388
188.8611
184.0522
182.8749
173.6135
173.7965
177.8840
169.2952
172.7025
170.7194
173.2484
169.2952
168.0612
166.8384
167.5358
160.2253
163.4057
159.8950
159.7301
161.3880
161.7222
158.5821
157.2824
154.8803
152.0564
148.3871
151.9014
147.7859
145.8520
144.8231
142.3598
143.8028
139.3846
145.1162
139.5246
140.7922
138.2703
136.2087
135.8007
135.9365
133.5148
127.4196
135.3940
130.6216
128.9454
128.5620
126.0387
125.1687
125.4166
124.4283
123.8150
121.7545
118.6757
119.4961
117.5141
118.6757
111.5583
114.7761
115.1146
114.6636
110.4710
112.8781
111.0132
107.9064
108.9673
110.3629
106.8562
105.9200
102.5587
101.1656
103.5656
100.0844
99.8891
95.3128
97.1939
96.2489
97.8608
96.8148
94.5704
95.6862
93.1024
93.0114
90.7636
89.9671
90.6747
88.6544
87.7892
88.4807
90.3203
90.6747
92.0159
95.3128
95.8734
98.9181
99.9867
101.3634
104.8897
108.8607
107.2750
108.8608
110.3629
112.7675
115.1146
115.6811
116.9380
119.6139
122.9619
124.1825
125.5408
128.8174
129.0734
131.9277
131.6653
133.6480
133.9149
137.1663
138.9655
138.6870
140.9339
144.6768
146.7408
145.8520
149.2944
152.0564
153.1471
155.0391
157.4441
158.9091
160.0601
160.8885
162.3930
164.7681
167.1867
168.5887
172.5210
173.4308
173.7965
173.0662
179.5916
180.9343
181.5137
186.0363
186.8377
187.8459
189.0650
191.3271
195.3189
196.1733
199.6408
197.4642
202.7421
206.1371
209.3750
210.7838
212.2054
210.0778
213.1604
215.8171
218.5193
220.7648
222.2794
225.8699
225.0938
229.8067
231.6766
232.7547
235.4807
237.6940
235.4807
240.2190
243.6451
241.0691
244.5124
248.9156
248.0260
253.1279
251.6119
255.5810
258.3817
255.8900
261.5459
263.4713
266.7264
271.0461
267.0551
267.7143
268.3759
276.5045
282.1259
279.6460
283.1986
284.6383
288.2855
283.1986
288.6541
290.5072
293.8877
290.8799
296.1741
303.5929
304.3900
306.3966
307.2049
308.8310
314.6263
313.3706
322.7593
323.1962
324.5123
328.0623
325.3943
322.3233
332.1277
336.7365
336.2712
336.7365
338.6076
343.8369
341.4445
352.1682
352.6680
354.1742
350.6753
354.6786
355.1840
362.3794
362.9021
365.5333
365.0046
370.8864
376.3643
373.0623
387.1310
365.5334
384.2507
386.5522
384.2507
399.0031
394.7824
389.4599
405.1587
399.6119
408.2939
414.0363
404.5363
402.6783
413.3918
419.2507
427.9536
421.2334
427.2739
430.0036
424.5721
432.7617
434.8492
441.2111
438.3650
439.7843
436.2500
440.4967
449.9328
459.7043
458.9404
476.2440
461.2385
465.1111
476.2440
473.0186
473.8216
476.2440
481.9769
478.6870
482.8051
486.9821
492.0742
499.0027
489.5172
499.8802
494.6535
512.4404
515.2009
513.3577
515.2009
512.4404
516.1265
526.4952
517.9861
552.4479
546.2697
548.3160
548.3160
541.2100
550.3753
558.7451
547.2912
558.7454
559.8068
557.6874
561.9399
580.6437
564.0868
575.0338
568.4227
575.0338
567.3334
584.0546
569.5154
592.1480
581.7769
588.6561
613.8670
593.3199
600.4352
621.4126
602.8396
660.2533
618.8797
620.1439
621.4126
613.8670
631.7251
635.6687
640.9935
630.4200
630.4200
638.3217
586.3477
649.1267
670.2634
654.6492
661.6674
673.1721
674.6346
656.0425
680.5406
680.5406
670.2634
691.0958
679.0557
686.5372
688.0510
700.3730
691.0958
694.1642
729.5581
694.1642
688.0510
734.6304
701.9404
716.3286
731.2421
717.9592
732.9328
692.6271
708.2719
762.7656
751.9954
732.9328
744.9634
639.6551
764.5872
751.9954
738.0466
732.9328
762.7656
762.7656
738.0466
759.1454
790.9219
760.9517
794.8154
762.7656
800.7200
814.8051
820.9773
816.8533
798.7432
762.7656
783.2356
816.8533
788.9878
950.9796
818.9106
842.1667
818.9106
855.3557
857.5897
840.0040
816.8533
831.4515
942.9495
816.8533
857.5897
835.7083
859.8342
880.5183
850.9181
871.2163
859.8335
897.2328
859.8342
890.0002
940.3000
868.9183
907.0423
875.8452
907.0423
929.8353
899.6672
890.0002
932.4316
942.9495
956.4021
862.0892
929.8353
907.0423
950.9796
904.5719
924.6815
919.5789
932.4316
927.2519
964.6423
987.2559
1013.8725
935.0412
935.0412
990.1503
993.0602
937.6643
940.3000
1077.9556
993.0602
987.2559
940.3000
970.2071
964.6423
990.1503
993.0602
1016.9105
1023.0366
1029.2303
1010.8509
995.9856
902.1135
1032.3529
1035.4927
1026.1250
1010.8509
987.2559
907.0423
1032.3529
1023.0366
987.2559
1016.9105
1061.2526
1081.3538
1048.2281
1029.2303
1038.6500
1038.6500
1064.5551
1038.6500
1077.9556
1026.1250
1084.7717
1048.2281
1127.3844
1098.6433
1123.7167
1077.9546
1123.7167
993.0602
1081.3538
1088.2095
1084.7717
1051.4568
1123.7167
1109.2621
1081.3538
1173.1769
1161.4114
1109.2621
1157.5377
1105.7017
1098.6433
1127.3844
1131.0742
1123.7167
998.9268
1084.7717
1146.0582
1231.1178
1138.5209
1197.3788
1138.5209
1127.3844
1131.0742
1328.6394
1396.5111
1169.2307
1201.5021
1149.8613
1189.2098
1149.8613
1169.2307
1161.4114
1185.1638
1205.6519
1177.1476
1218.2612
1181.1432
1177.1476
1222.5186
1231.1178
1193.2814
1205.6519
1134.7864
1189.2098
1177.1476
927.2519
1214.0311
1231.1178
1061.2526
1029.2303
1197.3788
1209.8293
1271.2333
1209.8293
1645.2532
1239.8281
1304.1461
1226.8048
1275.8403
1308.9774
1271.2333
1304.1461
1275.8403
1294.5824
1285.1479
1364.4016
1348.8580
1407.5295
1197.3788
1231.1178
1275.8403
1280.4785
1280.4785
1318.7402
1280.4785
1338.6777
1222.5186
1088.2095
1323.6726
1304.1461
1328.6394
1289.8491
1280.4785
1248.6533
1318.7402
1289.8491
1266.6570
1328.6394
1294.5824
1380.2822
1271.2333
1299.3479
1262.1112
1323.6726
1359.1835
1271.2333
1407.5295
1359.1835
1402.0001
1396.5111
1323.6726
1343.7499
1323.6726
1294.5824
1364.4016
1430.0621
1407.5313
1396.5111
1418.7131
1374.9506
1435.8004
1407.5295
1441.5820
1364.4016
1514.5165
1430.0621
1313.8419
1374.9506
1391.0621
1239.8269
1354.0024
1348.8580
1318.7402
1418.7114
1359.1835
1385.6526
1374.9506
1338.6777
1489.4501
1369.6571
1430.0621
1391.0621
1369.6571
1402.0001
1333.6410
1489.4501
1465.1501
1402.0001
1527.3485
1413.0999
1459.1908
1323.6726
1453.2766
1369.6571
1396.5111
1209.8280
1465.1501
1465.1501
1459.1908
1465.1501
1459.1908
1424.3647
1222.5186
1418.7131
1477.2065
1453.2766
1546.9836
1453.2766
1901.1105
1514.5165
1514.5165
1471.1552
1495.6434
1514.5165
1364.4016
1364.4016
1623.2207
1477.2065
1514.5165
1615.9996
1514.5165
1057.9689
1271.2333
1489.4501
1369.6571
1459.1908
1418.7131
1424.3665
1495.6434
1608.8389
1527.3485
1435.8004
1508.1760
1540.3862
1471.1552
1615.9996
1527.3485
1483.3047
1508.1760
1527.3485
1645.2532
1527.3485
1453.2766
1520.9071
1580.7834
1587.7106
1514.5165
1645.2532
1489.4501
1546.9836
1465.1501
1533.8414
1645.2532
1615.9996
1594.6951
1567.0984
1527.3485
1608.8389
1667.8563
1608.8389
1608.8389
1560.3391
1553.6344
1652.7230
1615.9996
1615.9996
1594.6951
1615.9996
1527.3485
1630.5028
1587.7106
1580.7834
1567.0984
1790.2650
1601.7375
1862.7452
1608.8389
1698.9207
1637.8467
1567.0984
1601.7375
1413.1007
1660.2572
1799.0310
1580.7834
1520.9071
1637.8467
1667.8563
1489.4501
1844.1077
1567.0984
1601.7375
1660.2572
1790.2650
1527.3485
1645.2532
1430.0621
1608.8389
1652.7230
1862.7452
1675.5214
1623.2207
1706.8605
1587.7106
1706.8605
1691.0527
1652.7230
1623.2207
1608.8389
1447.4072
1667.8563
1660.2572
1698.9207
1615.9996
1567.0984
1601.7375
1714.8682
1739.3232
1637.8467
1637.8467
1891.3793
1706.8605
1691.0551
1731.0986
1781.5797
1872.1980
1747.6219
1645.2532
1652.7230
1698.9230
1675.5214
1645.2532
1601.7375
1714.8682
1706.8605
1772.9738
2025.7657
1652.7230
1553.6344
1706.8605
1601.7375
1573.9130
1667.8563
1601.7375
1698.9230
1660.2572
1630.5028
1637.8467
1637.8467
1739.3232
1608.8389
1652.7230
1683.2555
1533.8414
1675.5214
1683.2532
1781.5797
1637.8467
1755.9960
1714.8682
1764.4463
1764.4463
1816.8091
1747.6219
1587.7106
1739.3232
1645.2532
1645.2532
1683.2532
1790.2650
1706.8605
1587.7096
1580.7825
1520.9071
1755.9960
1560.3391
1691.0527
1573.9130
1660.2572
1698.9207
1706.8580
1764.4463
1739.3232
1691.0527
1430.0621
1755.9960
1739.3232
1637.8467
1772.9738
1637.8467
1825.8235
1961.5555
1645.2532
1731.0986
1652.7230
1698.9230
1807.8785
1667.8563
1706.8605
1807.8785
1930.8833
1645.2532
1920.8611
1790.2650
1691.0551
1816.8091
1772.9738
1825.8235
1630.5028
1691.0551
1623.2207
1615.9996
1645.2532
1453.2766
2142.1619
1739.3232
1706.8605
1722.9473
1706.8605
1714.8682
1825.8235
1630.5028
1731.0986
1790.2650
1447.4072
1553.6344
1722.9473
1844.1091
1714.8682
1608.8389
1772.9738
1573.9130
1691.0551
1825.8235
1706.8580
1747.6219
1755.9960
1691.0551
1637.8467
1514.5165
1739.3232
1790.2650
1706.8580
1623.2207
1781.5797
1667.8563
1683.2532
1567.0974
1637.8467
1637.8467
1722.9473
1667.8563
1594.6951
1580.7834
1573.9130
1645.2532
1747.6219
1645.2532
1501.8853
1675.5214
1209.8280
1683.2532
1652.7230
1667.8563
1645.2532
1501.8853
1834.9231
2285.8586
1540.3862
1660.2572
1706.8605
1683.2532
1683.2532
1652.7230
1764.4463
1683.2532
1645.2532
1660.2572
1706.8580
1573.9130
1573.9130
1615.9996
1573.9130
1683.2532
1691.0527
1567.0984
1667.8563
1623.2207
1471.1543
1587.7106
1594.6951
1567.0984
1623.2207
1630.5028
1594.6951
1501.8853
1364.4016
1459.1908
1567.0984
1573.9130
2231.5227
1881.7422
1580.7834
1594.6951
1683.2532
1637.8467
1441.5820
1623.2207
1637.8467
1608.8389
1573.9130
1546.9836
1691.0551
1489.4501
1652.7230
1630.5028
1489.4501
1424.3665
1527.3485
1623.2207
1608.8389
1553.6344
1391.0621
1645.2532
1471.1543
1508.1760
1459.1908
1637.8467
1560.3391
1533.8414
1508.1760
1514.5165
1435.8004
1471.1543
1645.2532
1546.9836
1514.5165
1501.8853
1495.6434
1391.0630
1533.8414
1527.3485
1533.8414
1540.3862
1594.6951
1601.7375
1546.9836
1477.2065
1385.6526
1546.9836
1489.4501
1374.9506
1508.1760
1477.2065
1514.5165
1465.1501
1418.7131
1424.3665
1435.8004
1447.4072
1477.2065
1418.7131
1667.8563
1587.7106
1520.9071
1514.5165
1623.2207
1540.3862
1514.5165
1435.8004
1527.3485
1453.2766
1459.1908
1520.9071
1391.0621
1520.9071
1501.8853
1508.1760
1471.1552
1430.0621
1533.8414
1369.6571
1333.6410
1483.3047
1435.8004
1424.3665
1453.2766
1435.8004
1418.7131
1396.5111
1418.7131
1477.2065
1385.6526
1430.0621
1453.2766
1546.9836
1508.1760
1354.0024
1385.6526
1447.4072
1430.0621
1441.5820
1354.0024
1364.4016
1407.5295
1343.7499
1441.5820
1364.4016
1354.0024
1459.1908
1338.6777
1435.8004
1391.0621
1441.5820
1354.0024
1374.9506
1380.2822
1299.3479
1338.6777
1483.3047
1374.9506
1447.4072
1380.2822
1407.5295
1304.1461
1313.8419
1369.6571
1348.8580
1338.6777
1348.8580
1271.2333
1275.8403
1253.1096
1359.1835
1266.6570
1280.4785
1308.9774
1138.5209
1308.9774
1313.8419
1289.8491
1323.6726
1380.2822
1359.1835
1266.6570
1231.1165
1348.8580
1354.0024
1313.8419
1323.6726
1374.9506
1364.4016
1380.2831
1244.2262
1280.4785
1280.4785
1214.0311
1205.6519
1271.2333
1271.2333
1323.6726
1333.6417
1205.6519
1266.6570
1424.3656
1257.5955
1280.4785
1218.2612
1285.1479
1218.2612
1266.6570
1235.4587
1231.1178
1257.5955
1029.2303
1218.2612
1197.3788
1205.6519
1193.2814
1214.0311
1271.2333
1169.2307
1185.1638
1189.2098
1222.5186
1189.2098
1271.2333
1205.6519
1209.8280
1181.1432
1123.7167
1201.5021
1127.3844
1209.8280
1161.4114
1231.1165
1271.2333
1146.0582
1201.5021
1244.2262
1127.3844
1095.1450
1205.6519
1231.1165
1138.5209
1197.3788
1112.8436
1127.3844
1177.1476
1142.2781
1173.1769
1131.0742
1138.5209
1098.6433
1257.5955
1051.4568
1084.7717
1153.6877
1120.0707
1161.4114
1035.4927
1169.2307
1173.1774
970.2071
1084.7717
1026.1250
1061.2535
1134.7864
1064.5551
1064.5551
1038.6500
1112.8436
1061.2526
1084.7717
1102.1621
1023.0366
1091.6671
1001.8837
1098.6433
1032.3529
1088.2095
1054.7037
1102.1621
1023.0366
987.2559
990.1503
1134.7864
1026.1250
1032.3529
967.4171
987.2559
942.9495
990.1503
975.8299
1019.9656
970.2071
978.6641
990.1503
964.6423
967.4175
981.5129
961.8816
945.6125
937.6639
932.4321
981.5129
956.4021
909.5249
912.0198
902.1135
970.2071
935.0412
927.2519
927.2519
864.3549
914.5270
899.6672
924.6815
862.0892
899.6672
892.3994
924.6815
890.0002
875.8452
924.6815
892.3994
904.5719
904.5719
912.0198
897.2328
846.5222
882.8717
868.9183
873.5253
868.9183
862.0892
859.8335
848.7150
897.2328
806.7030
864.3549
812.7661
827.2334
812.7661
1035.4927
827.2334
844.3395
835.7083
823.0533
855.3550
810.7360
840.0040
802.7056
768.2535
866.6312
818.9106
790.9219
760.9517
825.1389
788.9878
796.7750
855.3557
757.3467
753.7717
827.2334
802.7056
753.7717
734.6304
753.7717
796.7750
736.3350
750.2265
743.2235
734.6304
734.6304
726.2107
726.2107
743.2235
727.8810
706.6796
685.0296
732.9328
706.6796
703.5139
706.6796
677.5764
679.0557
677.5764
692.6271
688.0510
689.5705
694.1644
686.5374
680.5406
674.6346
680.5406
635.6685
677.5764
671.7150
661.6674
639.6551
685.0296
650.4996
653.2611
665.9413
642.3367
638.3215
640.9935
639.6551
640.9935
636.9927
621.4126
595.6755
658.8445
625.2455
622.6857
601.6357
606.4775
605.2609
589.8162
585.1992
564.0868
605.2609
590.9801
581.7769
576.1483
566.2477
536.2288
559.8068
568.4227
580.6437
560.8716
576.1483
557.6871
554.5338
540.2075
557.6874
542.2155
558.7454
523.6329
547.2912
527.4551
515.2009
533.2771
520.7967
516.1265
517.9861
519.8570
503.4159
503.4159
502.5281
505.1995
515.2006
503.4159
453.6505
504.3064
495.5183
498.1277
484.4688
475.4343
458.1785
451.4140
452.1575
478.6870
469.8292
474.6268
465.8920
458.9404
452.9030
455.9053
460.4704
458.1785
451.4138
450.6725
461.2385
437.6581
436.9532
440.4967
427.9536
425.2450
427.2739
430.0036
439.0737
416.6303
419.2507
417.9372
408.2939
405.7827
410.8301
414.0363
405.1587
394.7824
405.1587
394.7824
401.4472
391.8113
391.2213
388.8756
384.2507
376.3643
384.2507
378.5912
373.0623
373.6094
368.1945
368.7305
371.4285
361.3376
354.1743
367.1264
360.3005
378.0325
354.6786
348.2089
355.1840
349.6855
347.7189
340.4948
352.1682
338.6076
338.1384
333.0417
326.7242
328.0623
328.0623
309.2396
316.3123
323.1962
343.3563
321.8882
318.8673
312.5378
311.7083
302.7990
311.7083
304.7898
311.7083
301.6138
301.6138
295.0276
299.2643
296.1741
295.0276
291.2534
291.6276
288.6541
285.0000
283.5575
285.3623
278.9434
284.2774
273.0744
277.8943
274.0969
275.8135
270.0402
273.0744
265.7437
263.7942
265.0916
261.8654
259.0101
260.5908
258.0683
258.0683
256.1996
255.2725
254.9645
249.5112
246.5533
253.7380
244.2228
245.0931
244.2228
242.2092
234.6582
237.6940
236.8606
232.2148
233.5678
229.2763
231.4082
233.5678
230.0726
226.3894
225.6109
221.2681
217.5314
218.0246
215.5738
215.0881
214.3625
212.6822
213.6401
210.7838
207.7475
207.9790
206.5954
205.2243
202.9661
202.7421
200.3000
198.1139
198.5485
198.7663
195.1061
191.1200
192.3671
191.9502
188.8611
182.2899
186.4365
188.4541
183.8553
182.0954
181.9013
182.6797
180.1654
179.0201
181.9013
165.9719
171.2574
171.2574
167.8858
169.6498
167.5358
166.6647
163.2363
164.0851
164.4262
159.8950
160.3908
159.5655
158.4189
158.7455
154.0896
154.4053
151.5918
148.6888
150.0555
147.3369
147.3369
146.1475
145.2630
142.6470
143.6577
143.6577
139.5246
139.6648
137.3038
136.8919
135.9365
134.7194
134.1825
132.1907
131.7964
129.5872
130.3621
127.5460
124.4283
126.9155
125.4166
124.0599
123.4486
122.2359
119.1438
119.0265
119.9678
117.0529
115.9085
114.5511
113.9905
114.1024
112.4363
110.6876
110.4710
109.3948
107.4850
105.9200
105.6098
104.7872
102.4585
101.6609
101.9593
101.1656
99.3053
99.5968
97.3840
97.9565
96.3429
96.3429
96.9094
94.2013
94.1093
93.4673
92.3767
90.9415
89.6153
89.6152
87.1883
88.1343
85.2408
87.6171
89.2647
90.4088
91.0305
94.7555
93.4673
95.5927
99.3053
100.1822
102.4585
103.5656
105.0949
108.7543
108.0120
110.4710
112.5466
112.5466
116.0224
117.9773
120.0860
121.5146
123.2050
123.5706
126.2886
128.9454
128.8174
131.2728
127.5460
134.9888
137.0290
140.0863
140.7922
142.0733
143.8028
145.5571
146.7408
149.1427
152.6785
152.2117
153.7746
155.8358
156.6374
160.7224
160.8885
168.5886
164.5970
165.6268
167.0125
170.7194
170.5405
172.8842
173.7965
173.2484
179.7826
179.5916
186.2363
186.2363
188.2511
183.0705
186.2363
190.0889
194.8936
195.1061
199.6408
197.2483
204.5433
202.9661
219.7629
214.8459
211.0198
209.6089
211.9676
214.3625
217.5314
218.7673
220.2631
222.7875
225.0939
226.9105
227.4333
231.1402
231.4082
237.1380
235.7558
237.9727
239.0922
243.6451
243.3569
245.6757
249.2132
251.9141
248.6186
253.7380
252.8237
259.6408
258.6956
258.6957
264.4418
267.3844
267.7142
264.4418
273.0744
274.7816
274.4389
277.5459
281.0591
284.2774
284.6383
283.5575
285.0000
287.1842
296.1741
298.8754
291.6276
298.8754
301.2203
302.7990
307.6102
306.8004
309.6490
311.2947
315.0465
324.5123
314.2068
310.0592
325.3943
321.4540
318.8674
332.1279
335.3437
347.2299
340.4948
339.0779
335.3437
341.4445
355.6905
309.2396
352.1682
351.1718
351.1718
360.8185
351.6695
363.9510
365.5333
363.9509
369.2676
368.7305
377.4752
370.8864
375.8108
376.9191
380.8391
385.3987
389.4599
385.9748
400.8340
394.1854
394.1854
403.2961
412.1078
405.1587
406.4081
410.8301
417.9372
419.9099
428.6352
408.9256
426.5958
425.9195
426.5956
425.9195
436.9532
448.4597
440.4967
454.3999
444.0874
448.4597
456.6610
448.4597
455.9053
467.4603
458.9404
471.4195
465.1111
485.3042
476.2440
463.5556
482.8049
480.3274
462.7811
480.3271
485.3042
487.8247
503.4159
499.8802
507.8947
496.3856
517.0549
514.2781
520.7967
487.8247
520.7967
530.3527
518.9202
532.2993
529.3839
531.3243
532.2993
546.2697
576.1483
543.2241
554.5338
557.6874
554.5338
548.3160
565.1655
557.6874
561.9399
581.7769
501.6429
582.9139
575.0338
578.3885
576.1483
601.6353
600.4356
615.1136
599.2392
599.2396
612.6247
599.2392
615.1136
605.2609
617.6199
617.6199
639.6551
622.6857
589.8162
639.6551
633.0350
625.2455
647.7588
651.8776
508.7984
634.3495
664.5114
647.7588
679.0557
660.2533
705.0937
682.0312
679.0557
649.1271
677.5764
682.0312
674.6346
680.5406
671.7150
695.7074
676.1027
711.4752
686.5374
722.8902
703.5139
691.0958
726.2107
729.5581
744.9634
734.6304
700.3730
731.2421
700.3730
722.8902
759.1454
820.9773
719.5963
711.4756
732.9328
743.2235
714.7043
743.2235
823.0533
741.4908
757.3467
757.3467
762.7656
757.3467
759.1454
790.9219
816.8533
792.8644
800.7200
808.7150
800.7200
783.2356
806.7030
812.7661
808.7150
823.0533
827.2334
750.2265
835.7083
866.6312
831.4515
875.8452
927.2519
844.3395
831.4515
864.3549
820.9773
859.8342
885.2364
850.9188
887.6125
897.2328
853.1320
868.9183
871.2163
894.8102
864.3549
887.6125
899.6672
862.0892
890.0002
907.0423
914.5270
929.8353
887.6125
914.5270
922.1238
904.5719
894.8102
1041.8250
875.8452
937.6639
924.6815
924.6815
935.0412
942.9495
990.1503
967.4175
987.2559
959.1343
940.3000
998.9268
981.5129
935.0412
975.8303
975.8303
948.2892
964.6423
967.4166
993.0602
964.6423
967.4175
975.8303
984.3768
1035.4927
987.2559
1010.8509
1026.1250
1001.8837
1019.9652
1010.8509
987.2559
1004.8566
1032.3529
1294.5824
1029.2303
1035.4927
1029.2303
998.9268
1041.8250
1026.1250
1074.5769
1116.4464
1077.9556
1081.3538
1041.8250
1218.2612
1109.2621
1105.7017
1098.6433
1127.3844
1084.7717
1074.5759
1134.7864
1077.9546
1029.2303
1142.2781
1127.3844
1102.1621
1149.8613
1095.1450
1131.0742
1081.3538
1091.6671
1169.2307
1127.3844
1095.1450
1123.7167
1120.0707
1157.5377
1134.7864
1177.1476
1131.0742
1084.7717
1138.5209
1149.8613
1471.1552
1134.7864
1169.2307
1123.7167
1308.9774
1138.5209
1131.0742
1142.2781
1157.5377
1134.7864
1189.2098
1201.5021
1142.2781
1235.4587
1299.3479
1173.1769
1165.3090
1193.2814
1257.5955
1173.1769
1262.1112
1201.5021
1165.3090
1177.1476
1169.2307
1231.1178
1285.1479
1275.8403
1209.8280
1615.9996
1262.1112
1280.4785
1257.5955
1231.1178
1262.1112
1257.5955
1253.1096
1318.7402
1157.5377
1285.1479
1271.2333
1205.6519
1248.6533
1262.1112
1275.8403
1244.2262
1285.1479
1266.6570
1253.1096
1540.3862
1257.5955
1280.4785
1289.8491
1294.5824
1266.6570
1138.5209
1294.5824
1271.2333
1275.8403
1328.6394
1294.5824
1248.6533
1313.8419
1299.3479
1177.1482
1262.1112
1271.2333
1185.1638
1280.4785
1266.6570
1380.2822
1294.5824
1244.2262
1275.8403
1413.0999
1343.7499
1271.2333
1364.4016
1374.9506
1459.1908
1280.4785
1359.1835
1275.8403
1348.8580
1285.1479
1343.7499
1348.8580
1471.1552
1369.6571
1567.0984
1253.1096
1338.6777
1465.1501
1266.6570
1430.0604
1338.6777
1441.5820
1369.6571
1402.0001
1430.0621
1369.6571
1424.3665
1354.0024
1430.0621
1294.5824
1413.0999
1471.1552
1253.1096
1262.1112
1364.4016
1465.1501
1441.5820
1338.6777
1396.5111
1465.1501
1338.6777
1441.5820
1313.8419
1430.0621
1418.7131
1396.5111
1396.5111
1435.7987
1501.8853
1459.1908
1430.0621
1430.0621
1514.5165
1453.2766
1483.3047
1691.0527
1533.8414
1637.8467
1489.4501
1413.0999
1447.4072
1391.0637
1402.0001
1430.0621
1546.9836
1465.1501
1430.0621
1580.7834
1520.9071
1343.7499
1430.0621
1514.5165
1447.4072
1527.3485
1424.3647
1471.1552
1396.5111
1369.6571
1489.4501
1430.0621
1495.6434
1580.7834
1527.3485
1533.8414
1424.3665
1418.7131
1477.2065
1660.2572
1660.2572
1501.8853
1508.1760
1573.9130
1546.9836
1764.4463
1508.1760
1594.6951
1560.3391
1608.8389
1435.8004
1615.9996
1615.9996
1587.7106
1573.9130
1447.4072
1495.6434
1573.9130
1601.7375
1553.6344
1527.3485
1601.7375
1667.8563
1623.2207
1453.2766
1533.8414
1540.3862
1471.1552
1573.9130
1587.7106
1424.3665
1567.0984
1533.8414
1560.3391
1706.8605
1489.4501
1560.3391
1683.2555
1674.1309
1615.9996
1520.9071
1573.9130
1667.8563
1580.7834
1580.7834
1514.5165
1477.2065
1630.5028
1747.6219
1546.9836
1645.2532
1501.8853
1637.8467
1781.5797
1573.9130
1601.7375
1567.0984
1560.3391
1580.7834
1471.1552
1567.0984
1630.5028
1667.8563
1615.9996
1630.5028
1580.7834
1660.2572
1637.8467
1637.8467
1587.7106
1714.8682
1755.9960
1630.5028
1667.8563
1645.2532
1533.8414
1630.5028
1615.9996
1594.6951
1630.5028
1630.5028
1608.8389
1714.8658
1580.7834
1540.3862
1495.6434
1660.2572
1755.9960
1764.4463
1637.8467
1645.2532
1807.8785
1714.8682
1660.2572
1739.3232
1660.2572
1683.2532
1675.5237
1652.7230
1755.9960
1691.0527
1594.6940
1637.8467
1714.8682
1615.9996
1722.9473
1573.9130
1645.2532
1714.8682
1698.9230
1623.2207
1652.7230
1816.8091
1714.8682
1630.5028
1675.5214
1594.6951
1489.4501
1630.5028
1731.0986
1714.8682
1645.2532
1764.4463
1645.2532
1698.9230
1807.8785
1807.8785
1790.2650
1615.9996
1623.2207
1739.3232
1739.3232
1764.4463
1781.5797
1601.7375
1722.9473
1637.8467
1691.0527
1465.1501
1567.0984
1630.5028
1594.6951
1675.5214
1567.0984
1781.5797
1747.6219
1764.4463
1691.0527
1764.4463
1881.7422
1764.4463
1755.9960
1645.2532
1807.8785
1660.2572
1615.9996
1722.9473
1844.1091
1807.8785
1623.2207
1652.7230
1675.5214
1772.9738
1807.8785
1825.8235
1706.8580
1430.0621
1764.4463
1731.0986
1747.6219
1772.9738
1862.7452
1660.2572
1781.5797
1781.5797
1951.2290
1920.8611
1764.4463
1755.9960
1637.8467
1790.2650
1755.9960
1660.2572
1807.8785
1755.9960
1772.9738
1667.8563
2048.0708
1608.8389
1881.7422
1781.5797
1764.4463
1739.3232
1706.8605
1623.2207
1660.2572
1630.5028
1354.0024
1731.0986
1560.3391
1706.8605
1714.8682
1514.5156
1714.8682
1714.8682
1660.2572
1435.8004
1514.5165
1645.2532
1660.2572
1560.3391
1573.9130
1691.0527
1637.8467
1630.5028
1637.8467
1637.8467
1772.9738
1714.8682
1739.3232
1706.8580
1755.9960
1652.7230
1567.0974
1637.8467
1615.9996
1675.5214
1881.7422
1739.3232
1587.7106
1608.8389
1637.8467
1608.8389
1615.9996
1706.8605
1615.9996
1608.8389
1615.9996
1755.9960
1447.4072
1747.6219
1645.2532
1560.3391
1645.2532
1520.9071
1615.9996
1573.9120
1722.9473
1660.2572
1645.2532
1645.2532
1660.2572
1660.2572
1660.2572
1683.2555
1747.6219
1477.2065
1698.9230
1495.6434
1608.8389
1540.3862
1573.9130
1580.7834
1560.3391
1608.8389
1608.8389
1489.4501
1533.8414
1747.6219
1573.9130
1675.5237
1533.8414
1573.9130
1501.8853
1540.3862
1540.3862
1483.3047
1601.7375
1489.4501
1447.4072
1424.3665
1594.6951
1660.2572
1520.9071
1508.1760
1520.9071
1652.7241
1471.1552
1573.9130
1489.4501
1471.1552
1594.6951
1546.9836
1527.3485
1508.1760
1435.8004
1424.3647
1540.3862
1587.7106
1660.2572
1540.3862
1501.8853
1637.8467
1343.7499
1447.4072
1540.3862
1483.3047
1453.2766
1615.9996
1553.6344
1424.3665
1489.4501
1338.6777
1495.6434
1508.1760
1667.8563
1483.3047
1772.9738
1501.8853
1587.7106
1424.3665
1447.4072
1533.8414
1424.3665
1471.1552
1435.8004
1630.5028
1533.8414
1359.1842
1495.6434
1380.2822
1601.7375
1407.5295
1374.9506
1280.4785
1546.9836
1483.3037
1447.4072
1413.1014
1495.6434
1407.5295
1465.1501
1495.6434
1459.1908
1459.1908
1430.0621
1374.9506
1396.5111
1453.2766
1514.5165
1441.5820
1453.2766
1527.3485
1318.7402
1459.1908
1615.9996
1424.3647
1280.4785
1348.8580
1447.4072
1385.6526
1580.7834
1435.8004
1477.2065
1413.1014
1369.6571
1546.9836
1489.4501
1501.8853
1424.3647
1374.9506
1369.6571
1418.7131
1318.7402
1459.1908
1369.6571
1441.5820
1294.5824
1385.6526
1441.5820
1424.3665
1280.4785
1418.7114
1396.5111
1418.7114
1413.1014
1354.0024
1299.3479
1402.0001
1391.0621
1430.0621
1391.0621
1402.0001
1418.7131
1359.1835
1253.1096
1338.6777
1645.2532
1369.6571
1299.3479
1359.1835
1527.3485
1354.0024
1328.6394
1289.8491
1359.1835
1318.7402
1289.8491
1275.8403
1266.6564
1294.5824
1294.5824
1318.7402
1299.3479
1197.3788
1323.6726
1359.1835
1271.2333
1323.6726
1226.8048
1348.8580
1328.6394
1328.6394
1257.5955
1185.1638
1294.5824
1081.3538
1239.8281
1343.7499
1289.8491
1304.1461
1235.4587
1280.4785
1262.1112
1253.1096
1218.2625
1253.1096
1285.1479
1205.6519
1222.5186
1275.8403
1262.1112
1181.1432
1235.4587
1253.1096
1165.3090
1222.5186
1161.4114
1253.1096
1074.5769
1218.2612
1035.4927
1201.5021
1262.1112
1239.8281
1197.3788
1205.6519
1214.0311
1177.1476
1088.2095
1205.6519
1161.4114
1131.0742
1161.4114
1123.7167
1222.5186
1149.8613
1169.2307
1161.4114
1149.8613
1077.9556
1177.1476
1091.6671
1084.7717
1095.1450
1165.3090
1102.1621
1142.2781
1235.4587
1071.2164
1123.7167
1248.6533
1105.7017
1127.3844
1084.7717
1102.1621
1074.5769
1067.8772
1077.9556
1051.4568
1064.5551
1109.2621
1165.3090
1032.3529
1067.8762
1019.9652
1057.9689
1081.3538
1032.3529
1116.4464
1013.8725
1013.8725
1048.2281
1032.3529
1032.3529
1067.8762
1013.8725
984.3768
1035.4927
1032.3529
1013.8725
1016.9105
1026.1250
984.3768
990.1503
948.2892
1032.3529
995.9856
1004.8566
1077.9546
975.8303
956.4029
909.5249
970.2071
984.3768
1013.8725
942.9495
981.5129
887.6125
935.0412
907.0423
961.8808
759.1454
914.5270
1004.8566
907.0423
937.6639
917.0467
914.5270
956.4021
953.6847
907.0423
937.6639
899.6672
864.3549
929.8353
866.6312
890.0002
945.6130
959.1343
890.0002
868.9183
892.3994
887.6125
902.1135
894.8102
859.8342
866.6312
890.0002
833.5751
880.5183
859.8342
859.8342
820.9773
855.3550
875.8452
825.1383
873.5253
850.9181
855.3557
844.3395
804.6999
823.0533
796.7750
837.8512
833.5751
785.1447
835.7083
759.1454
760.9517
816.8533
798.7432
757.3467
792.8644
768.2535
762.7656
755.5555
739.7651
751.9954
762.7656
859.8342
744.9634
762.7656
736.3350
771.9510
722.8902
760.9517
734.6304
724.5471
714.7045
729.5581
739.7651
738.0466
738.0466
726.2107
721.2399
663.0867
695.7074
694.1642
689.5705
679.0557
688.0510
679.0557
683.5276
674.6346
682.0312
673.1721
651.8776
664.5114
660.2533
653.2611
651.8776
656.0425
649.1267
670.2634
650.5001
651.8776
647.7592
650.4996
656.0425
636.9927
635.6687
636.9927
636.9927
636.9927
615.1136
625.2455
610.1531
615.1136
639.6551
595.6755
599.2396
595.6755
600.4352
544.2362
581.7769
604.0480
584.0546
581.7769
581.7769
594.4957
560.8716
557.6874
576.1483
558.7454
549.3440
551.4099
548.3160
559.8068
549.3440
542.2155
545.2513
519.8570
541.2100
539.2081
528.4180
526.4952
537.2189
517.0549
515.2006
532.2994
492.9315
507.8947
529.3839
503.4159
506.0952
507.8947
501.6429
506.0952
485.3040
486.1419
486.9821
490.3670
483.6358
468.2477
477.8704
467.4603
464.3323
469.0374
469.8292
464.3323
447.7261
464.3323
444.8113
450.6723
449.1952
449.9330
452.1573
439.0737
425.9195
427.2739
471.4195
436.2500
436.2500
430.0036
420.5710
425.9195
415.9793
425.2450
415.9793
407.0352
408.9256
403.9155
394.7824
411.4682
379.7125
399.6119
391.8113
395.9810
362.9021
387.1310
387.1310
385.3987
380.2751
383.6787
365.5333
373.6096
365.0046
372.5165
368.1945
355.1840
360.3005
368.1945
356.1982
358.2401
357.7279
349.1922
352.1682
351.1718
350.6753
344.3184
348.2089
346.7420
337.2028
334.4200
338.6076
332.1277
325.3943
332.1277
325.8366
329.8597
314.6263
322.7593
321.8882
321.4540
310.8820
312.5378
305.5916
305.9937
306.3966
308.0163
299.6539
294.6469
297.3273
297.3273
295.0276
290.5072
290.1351
286.4534
284.2774
286.0890
283.1986
276.8510
279.2944
278.5930
285.7253
296.9422
277.5459
270.3749
273.0744
270.0402
268.3759
270.0402
262.5061
264.4418
263.1490
261.5459
261.2270
258.0683
257.7555
253.4327
251.6119
247.4355
247.7305
244.8025
241.3534
246.5533
242.4954
241.9235
242.4954
238.2519
237.9727
239.6547
229.5413
232.4845
233.8398
229.2763
226.1295
224.5784
222.2794
225.6109
221.5203
218.2718
217.0397
214.8459
213.4001
215.3308
210.3128
207.5164
204.9969
203.1904
207.0552
209.6089
201.1835
202.7421
198.5485
198.1139
197.8970
195.7455
193.8356
193.2045
189.4737
189.2692
189.2692
186.0363
187.6437
187.8459
184.6445
182.8749
181.5137
173.7965
174.1631
173.7965
173.4308
173.0662
173.6135
170.5405
170.5405
168.2368
165.6268
164.4262
167.1867
162.0571
159.8950
159.7301
158.9091
157.6061
156.4767
156.9595
154.5634
150.9750
150.6678
151.7465
150.0555
147.9359
146.8896
145.2630
142.6470
137.3038
144.8231
141.6448
140.5094
138.4090
136.2087
136.2087
136.3450
134.4506
135.3940
132.5864
133.9149
131.5343
130.1032
125.4166
133.3817
127.7991
123.8150
123.8150
121.8747
121.3949
121.6345
119.4961
119.3786
117.6297
116.3649
115.7948
115.0017
112.5466
113.4328
110.9046
110.7960
109.3948
107.1701
107.1701
108.1177
106.3350
105.6098
102.0589
103.0609
99.7915
98.9181
98.7250
98.4361
96.8148
99.7915
95.5927
95.9671
94.2013
91.9259
93.3760
91.4772
90.6747
90.4973
89.0899
88.9155
87.5312
87.3596
86.5063
86.0825
84.8228
84.6561
