22.7284
23.6549
24.9376
25.7432
26.5985
28.2639
28.7883
29.8089
30.8041
32.3257
32.7978
34.6758
35.2987
36.3802
36.7902
38.1282
39.3978
40.6909
41.3709
42.4528
43.7025
44.4120
45.5412
46.2690
47.7467
48.2280
50.6270
51.0715
52.1945
53.1622
54.4329
54.3747
55.9028
55.9028
57.9473
59.1752
59.9837
61.4979
62.0732
62.0091
64.2839
65.7468
66.4880
68.1285
68.8913
70.0132
70.5088
70.8645
72.1575
73.2500
75.8540
75.0272
76.5363
81.4648
78.2266
79.3978
81.3041
81.3844
83.1693
84.8228
82.9239
87.0174
89.0026
89.0899
88.2208
90.5860
91.2089
92.1961
92.8296
94.1093
94.2935
95.1267
96.6258
96.6258
97.3840
99.4024
101.0668
104.3784
101.6609
102.9603
103.8697
105.7131
106.5432
106.4391
106.9607
109.8239
109.2877
108.9673
111.9964
111.5583
111.9964
112.7675
111.6677
114.3265
115.7948
116.9380
117.8613
117.6297
119.1438
122.9619
120.4414
120.2043
121.1558
122.8406
124.3054
120.9171
123.3267
127.1673
125.0450
126.2886
126.7899
127.4196
128.5620
130.3621
132.8509
131.1423
131.1423
131.1423
132.9834
134.5849
135.1237
134.3165
136.0725
134.3165
139.3846
135.3940
137.7170
139.3846
140.2272
141.3599
141.3599
141.3599
140.7922
143.3681
142.9350
144.2390
144.3848
145.9997
145.1162
148.3871
147.0385
149.1427
149.5983
150.0555
149.4462
150.5144
152.5227
150.0555
151.1290
153.4605
152.3671
155.1980
153.7746
154.0896
156.9595
156.3161
154.2473
159.2369
156.7984
158.5821
158.7455
157.4442
158.5821
158.9091
161.5550
160.8885
160.3908
159.8950
161.8895
160.8885
162.7297
161.5550
163.9149
167.0125
164.0851
166.3179
163.9149
165.1109
162.8983
167.5358
165.7993
165.2827
167.8858
165.6268
167.3611
168.4126
170.1835
169.2952
170.7194
171.4372
169.4724
170.3619
170.0054
170.7194
169.1181
170.7194
171.2573
170.8985
169.2952
171.9780
171.9780
173.0662
172.3398
172.3398
172.5210
172.8842
172.8842
171.6172
171.9780
170.7194
170.0054
168.7649
168.5887
169.2952
169.4724
169.6498
170.3619
169.2952
167.3611
168.9414
169.6498
167.5358
166.8385
165.2827
165.2827
163.2363
165.1109
165.4546
163.9149
165.2827
162.8983
162.7297
168.0612
162.5612
160.8884
162.3930
161.2213
159.4011
159.4011
158.4189
159.2369
158.0932
155.8358
157.1209
155.6760
155.3571
158.4189
155.3571
157.1208
153.6175
152.2117
152.3671
150.8213
150.3613
150.8213
149.7505
147.1876
148.6888
148.2365
147.1876
145.2630
146.2956
143.9480
144.0934
144.2390
146.5922
143.8028
142.7909
141.2177
141.6448
139.5246
140.0863
136.2087
137.9933
134.8540
135.5294
134.8540
133.5148
132.5864
132.4543
135.1237
129.7160
127.1673
126.6643
125.1687
126.1636
125.2926
125.2926
122.9619
121.8747
121.2752
120.5602
120.0860
117.7454
119.2611
117.7455
117.3987
116.1365
114.6636
114.7762
113.6556
114.1024
111.8867
109.8239
110.1469
108.6479
108.0120
108.2236
106.8562
106.0236
104.5826
102.6589
102.5587
99.5968
101.4625
99.0148
98.3400
97.1939
96.3429
94.2935
94.2013
91.7461
92.9205
90.8525
91.2089
89.7910
88.0479
87.6171
85.1570
84.5728
84.5728
82.5976
82.3537
81.7063
80.5049
79.1624
77.5312
78.1491
76.1566
75.6277
74.1341
74.2823
72.2299
72.4475
71.1501
70.0838
69.7313
68.3359
67.3726
65.6797
65.9483
64.4158
61.6254
61.9450
61.0533
61.1801
59.1134
58.3749
57.1593
55.4884
55.3115
55.4294
53.4492
53.3917
51.5187
50.9045
49.3089
49.1458
48.3891
47.2155
45.7484
45.0771
43.5011
43.5514
42.2055
42.0575
40.5943
40.2572
38.5957
38.1749
37.6176
36.9732
36.2894
35.8373
34.2343
33.4034
32.9271
32.3685
31.2653
30.4707
29.5215
29.3579
28.2237
27.9433
26.9517
26.8337
25.8979
24.6334
24.8995
24.0294
23.4312
23.2084
22.4715
22.1427
21.6348
20.6315
20.2066
19.7146
19.0187
18.8805
18.5021
18.0579
17.0122
17.0791
18.4678
18.9495
19.6796
20.8451
21.7432
22.1063
24.0670
25.0521
26.1694
26.4421
27.9833
30.3046
29.6035
31.3917
31.9845
32.9702
34.0146
34.8088
36.7902
37.3868
38.5957
40.0653
39.8739
41.1759
41.8115
43.4006
44.5140
44.6671
46.3213
47.0569
48.4967
49.7457
50.5716
50.9045
51.7996
54.0843
55.1938
55.8435
57.1593
58.1303
59.4852
59.5473
61.1167
61.7531
63.8238
64.6141
65.1452
66.2852
68.1976
68.8913
69.8722
70.7220
71.7243
73.6909
73.2500
74.7285
76.7649
76.7649
78.3042
79.9497
80.5049
81.0636
82.7606
83.3333
84.5728
84.9897
87.5312
87.5312
88.5675
90.8525
89.7031
92.4671
91.0305
93.1935
93.4673
95.4060
96.9094
95.4993
99.0148
98.3400
99.8891
101.8597
100.5744
102.3585
103.3634
101.8597
105.6098
105.8165
106.7517
106.7517
109.1808
109.6091
110.1469
111.7772
110.2549
113.9905
113.5441
111.6677
114.2144
114.7762
117.1681
116.7084
116.4792
119.1438
120.6790
120.2043
120.6790
120.3228
121.9950
122.8406
124.0599
125.7895
122.9619
126.7899
126.9155
126.0387
127.0413
129.9740
126.4137
129.9740
129.9740
132.0592
133.7814
133.6480
135.3940
136.6182
135.9365
135.9365
136.6182
135.9365
137.8551
138.1317
139.6648
138.4090
143.5128
143.5128
141.9303
147.6361
144.5307
145.1162
143.9480
143.0791
145.8520
146.2956
143.9480
147.3369
150.9750
149.7505
149.1427
150.5144
151.5918
151.1290
155.0391
153.1471
152.9907
154.4053
156.7984
152.5227
154.4053
158.0932
156.3161
155.6760
153.3037
156.1558
159.4011
159.5656
161.0548
159.5656
162.2249
159.5656
162.5612
160.7224
162.7297
161.7222
163.9149
166.1448
165.1109
163.9149
164.7681
164.2555
163.4056
164.5970
165.6268
163.9149
165.9719
165.1109
164.4262
165.9719
167.7107
170.1835
166.8385
169.1182
168.7649
167.8858
168.9414
177.1318
169.6498
170.5405
169.8275
170.1835
169.2952
172.1588
169.2951
171.4371
172.3398
172.3398
179.5916
171.6172
172.5210
170.8985
172.3398
170.1835
169.4723
169.2952
169.1182
171.2574
169.4724
169.6498
167.3611
167.7107
166.4911
167.7107
167.0125
165.7993
165.6269
167.3611
164.0851
165.1109
164.0851
164.2555
164.2555
163.4057
163.0672
164.7681
156.7984
161.5550
159.5656
161.0548
160.8885
161.2213
156.9595
158.9091
154.2473
157.1208
155.9957
156.1558
156.6374
155.9957
154.8803
155.9957
153.1471
148.9912
152.8345
151.5918
150.9751
149.7505
150.3613
148.3871
148.6888
147.4864
148.6888
149.1427
145.9997
147.0385
146.7408
145.9997
143.9480
138.1317
142.7909
140.5094
140.2272
140.6507
138.8262
139.2448
136.7550
136.7550
135.1237
133.9149
135.3940
133.9149
132.7185
131.0118
129.3300
130.3621
130.1032
127.9259
125.5408
126.5389
125.0450
124.9214
123.8150
120.9171
120.4414
120.9171
121.0364
119.7317
117.1681
118.0934
117.8613
117.1681
116.8231
114.2144
112.9888
111.9964
111.2310
109.7165
110.9046
108.9673
108.4355
106.3350
105.5066
104.4805
104.7872
102.8597
101.4625
100.4762
101.2645
99.6941
96.8148
97.0990
95.5927
95.1267
94.4780
95.3128
92.7389
91.4772
90.3203
90.3203
87.8754
87.0174
85.9980
84.5728
83.4155
83.5799
82.1104
81.3844
79.9497
79.1624
76.8412
77.1472
76.0808
75.0272
74.1341
74.3565
72.7384
71.7963
71.7243
69.7313
68.6131
68.7521
68.2667
66.2852
65.4120
63.1711
61.7531
62.1374
62.0091
59.2371
59.2371
59.9212
57.0990
56.3194
54.9589
54.9003
53.3917
51.4627
51.2948
50.9602
50.0750
48.9288
47.9067
46.3736
45.5929
45.3346
43.7530
43.6018
42.3043
41.7133
41.0786
40.0653
39.2556
38.3616
37.2026
36.7445
36.1082
35.3882
34.1463
34.5430
32.7978
32.9702
31.9420
31.0133
30.0563
29.1132
28.3443
27.4654
27.5845
26.1694
26.3251
25.5120
24.9757
24.3307
23.7670
22.6181
22.1063
22.0335
21.6709
20.7026
20.3479
20.2066
19.5747
18.8805
18.0579
17.9899
17.9559
17.4821
17.4148
17.9559
19.2961
19.8197
21.1669
21.8519
22.5814
24.2552
24.9757
25.7819
26.6376
27.3861
28.6265
29.3170
30.2632
31.6874
32.8408
33.7083
34.6758
35.8824
36.6076
38.0351
38.5957
39.3029
41.1759
42.0575
43.2000
44.2594
45.1286
45.5412
47.1626
48.0672
49.0914
51.4627
50.7934
51.5748
52.9334
53.5067
55.1938
57.2800
57.1593
58.1303
58.9281
61.7531
61.3071
62.7172
64.0864
64.5479
66.1503
66.3528
67.3043
68.4051
70.1545
71.6523
72.3023
72.1575
74.2081
75.3270
75.1769
76.9176
78.0716
79.1624
79.6339
80.9836
82.1914
82.7606
84.3236
84.4897
86.5913
87.9616
87.6171
90.3203
91.2089
90.7636
92.4671
92.5576
93.3760
95.2197
97.0042
97.0042
98.0522
99.1115
98.5323
100.0844
101.3634
102.0590
103.0609
104.8897
105.3006
109.6091
107.9064
109.8239
108.8608
106.9607
109.7165
111.6677
111.4491
111.9964
114.4387
112.6570
113.4328
121.3949
116.0224
116.2506
117.7455
118.7925
120.2043
119.3786
119.4962
122.7194
121.1557
123.8150
123.5706
125.7895
124.6746
126.2886
126.9155
126.1636
126.7899
130.7515
130.3621
131.0118
130.3621
131.7964
132.8509
134.8540
135.5294
135.1237
135.2588
137.9933
135.1237
137.1663
137.3038
139.2448
141.2177
138.9655
142.6470
142.6471
140.2272
143.6577
143.8028
141.7875
143.6577
143.9480
146.4438
146.5922
147.1876
147.0385
149.1427
149.5983
150.3613
148.8399
149.5983
150.9750
151.4374
152.0564
153.9320
155.1980
154.7218
155.0391
155.8358
153.9320
155.5165
156.9595
156.6374
156.9595
157.1208
158.0932
158.5821
158.9091
161.3880
161.3880
162.5612
161.7222
161.8895
163.9149
163.9149
164.2555
164.5970
163.9149
166.4911
164.5970
164.0851
164.0851
163.9149
164.5970
164.0851
167.7107
166.4911
166.3179
167.5358
167.7107
170.1835
168.0612
167.3611
166.3179
169.8275
170.5405
170.3619
171.0778
169.6498
169.8275
168.9414
170.0054
170.8985
171.9780
172.3398
172.3398
172.3398
171.6172
170.7194
171.6172
169.6498
169.1182
172.3398
168.7649
169.6498
168.7649
167.8858
167.1867
166.3179
167.1867
166.4912
166.1448
165.4547
166.3179
165.4546
164.2555
163.5752
164.2555
161.8895
164.2555
163.9149
161.8895
164.4262
162.8983
158.5821
160.5565
159.5656
160.0600
153.6175
158.5821
158.7455
158.2560
159.2369
158.9091
158.9091
154.5634
155.8358
154.4053
153.4605
153.3037
151.2831
151.2831
151.2831
150.9750
150.3613
150.5144
149.1427
147.3369
147.7859
143.3681
147.0385
143.6577
143.2235
144.5307
141.3599
142.2165
140.6507
140.6507
142.3598
139.3846
139.5246
138.2703
136.7550
136.7550
135.9365
134.7194
134.8540
131.4035
132.5864
131.9277
130.1032
130.3621
128.1799
128.9454
127.1673
127.1673
126.0387
124.9214
122.7194
122.9619
121.7546
120.3228
118.9095
118.7925
117.5141
118.7925
117.1681
115.7948
114.8889
115.5676
115.5676
113.5441
112.6570
110.0392
109.6091
108.6479
107.2750
107.1701
106.1273
103.0609
104.9923
103.0609
101.9593
101.6609
99.4024
100.0844
97.4792
96.8148
95.8734
95.9671
93.0114
92.8296
93.2847
92.1961
90.8525
90.1435
89.4398
87.1028
85.5766
86.3366
84.4066
83.2513
81.8677
80.8237
79.4765
78.7713
78.6933
76.3083
76.2324
74.9524
74.5795
74.2081
73.9122
71.7963
71.1501
69.5907
68.6131
67.5096
67.5781
66.3528
65.8139
63.4968
63.4968
61.9450
61.6892
59.6095
60.9267
57.6433
57.2800
57.0990
55.3705
54.0263
53.5642
52.3077
51.0715
50.6824
48.9288
49.3634
47.8533
47.6934
46.2168
45.0771
44.7182
43.5514
42.7508
40.3533
40.9330
40.0653
39.5403
38.4084
37.8029
37.4329
36.4256
35.9726
34.4105
33.8832
33.1432
32.0271
31.3074
31.5605
30.5539
28.7478
28.7883
28.0233
27.7836
26.2861
26.7945
25.8592
25.9366
24.5197
23.6549
23.2455
22.5814
21.9245
22.8388
20.9522
20.9521
20.3832
19.7146
19.5398
18.7082
18.2283
17.6847
17.3811
18.2625
17.4484
16.8119
16.9119
