268.0447
269.3727
273.4146
279.6460
281.7696
282.8404
286.8184
287.9177
293.8877
297.3273
296.5578
303.5929
302.4031
305.1903
326.2799
310.0591
312.1226
308.4232
318.4395
316.7361
321.0207
328.9591
312.1226
328.9591
330.3114
328.0623
330.7640
331.6724
335.3436
340.9692
333.0417
338.6076
340.0215
342.8768
337.2028
346.7420
349.1922
345.2847
354.1743
351.1720
375.8108
353.6711
358.7534
360.3005
357.7279
351.6696
367.1264
365.0046
365.5333
365.5333
370.8866
374.1580
373.0625
375.8108
387.1309
370.3457
376.3643
382.5389
377.4752
387.1310
384.2507
387.7111
380.8390
392.9955
381.9709
386.5522
391.8113
394.7826
385.3986
389.4599
404.5363
402.6783
399.0031
403.2961
403.2961
400.8340
402.6783
412.7490
412.7490
414.6823
412.7490
423.9010
417.2829
418.5933
418.5931
421.8979
423.9010
418.5933
430.6904
431.3790
415.9793
427.9536
422.5639
435.5487
442.6454
423.2316
434.1516
445.5370
441.9273
441.9273
462.7811
443.3654
445.5370
451.4140
446.9947
446.9945
453.6505
445.5370
457.4187
452.1575
460.4704
456.6610
452.1575
446.9947
465.8920
480.3273
458.9403
468.2477
468.2477
483.6358
461.2385
469.0374
483.6358
475.4343
485.3042
480.3274
467.4602
480.3273
473.8216
481.1510
476.2441
489.5172
493.7912
492.0742
494.6535
496.3856
502.5281
489.5172
499.0027
494.6535
506.9936
495.5183
510.6143
507.8947
508.7986
465.8918
496.3856
514.2781
521.7393
515.2009
496.3854
522.6846
513.3579
481.9767
513.3580
518.9202
571.7118
524.5841
526.4952
549.3442
520.7966
528.4180
524.5841
522.6846
516.1265
533.2771
531.3245
541.2100
518.9200
544.2362
533.2771
538.2120
547.2912
540.2073
543.2243
540.2075
541.2098
542.2155
539.2081
552.4481
549.3443
544.2362
546.2697
557.6874
559.8066
550.3756
553.4893
559.8066
545.2515
530.3527
557.6874
557.6874
555.5816
561.9399
579.5143
567.3334
556.6328
539.2080
561.9399
565.1653
556.6327
536.2288
571.7120
569.5155
567.3334
587.4998
563.0116
573.9229
573.9229
563.0114
567.3333
569.5154
569.5155
557.6874
572.8156
577.2664
584.0546
567.3333
576.1483
575.0338
575.0338
593.3199
581.7769
589.8162
589.8162
596.8597
592.1482
579.5144
593.3203
588.6561
590.9801
604.0482
579.5141
592.1480
606.4775
590.9801
579.5143
589.8162
592.1480
600.4356
593.3203
588.6562
590.9801
610.1529
615.1136
590.9801
617.6199
607.6983
580.6439
599.2396
598.0476
598.0476
616.3646
620.1439
594.4961
611.3867
620.1439
607.6985
615.1134
615.1136
615.1136
642.3367
613.8670
615.1136
621.4126
593.3201
610.1531
618.8797
627.8235
596.8597
601.6355
596.8597
612.6247
608.9236
599.2394
615.1134
617.6198
620.1437
636.9927
633.0350
630.4200
604.0483
627.8234
653.2611
640.9937
618.8797
626.5320
613.8668
626.5320
616.3646
650.5001
629.1194
633.0347
634.3495
647.7592
613.8670
617.6198
650.5001
625.2454
626.5320
622.6857
633.0350
635.6687
646.3961
587.4998
645.0383
671.7148
631.7251
635.6685
653.2611
645.0381
635.6687
657.4409
653.2611
650.5001
620.1437
630.4200
646.3961
656.0425
650.5001
653.2611
677.5764
649.1270
645.0383
653.2611
639.6551
665.9413
646.3961
649.1270
643.6851
556.6327
650.5001
633.0347
643.6851
645.0381
643.6851
638.3215
642.3367
640.9935
653.2611
633.0347
625.2455
645.0383
667.3766
645.0383
663.0867
661.6674
640.9935
642.3367
658.8445
640.9935
717.9589
656.0425
634.3493
639.6553
748.4648
653.2609
645.0381
645.0383
657.4407
658.8445
660.2533
667.3766
654.6490
673.1721
636.9929
650.5001
658.8445
649.1270
657.4407
643.6851
665.9413
663.0867
673.1721
634.3495
654.6490
663.0867
685.0296
674.6346
654.6492
650.4999
642.3369
627.8234
677.5764
645.0383
647.7590
679.0555
665.9411
671.7150
643.6849
658.8445
694.1640
647.7590
691.0958
677.5764
676.1027
680.5406
661.6674
649.1270
645.0383
671.7150
676.1027
664.5111
677.5764
671.7150
649.1270
660.2533
670.2634
674.6346
649.1270
674.6346
650.5001
663.0867
654.6492
671.7150
647.7590
691.0961
661.6674
679.0555
658.8445
663.0865
676.1025
663.0867
667.3764
664.5111
676.1027
640.9935
695.7076
668.8173
676.1025
688.0508
665.9413
661.6672
700.3730
679.0557
676.1027
663.0865
674.6346
709.8708
716.3286
692.6268
654.6492
673.1718
667.3764
719.5963
697.2565
673.1721
671.7150
703.5142
661.6672
661.6672
683.5276
676.1027
663.0867
679.0557
701.9404
680.5406
671.7150
533.2771
691.0958
695.7074
679.0557
654.6492
683.5276
656.0425
671.7148
671.7150
670.2634
694.1642
668.8173
688.0510
670.2634
680.5404
680.5406
686.5374
674.6346
689.5705
673.1721
673.1721
674.6346
688.0508
703.5144
685.0294
671.7148
691.0958
706.6799
683.5276
676.1027
673.1721
685.0296
680.5406
692.6271
686.5372
692.6268
680.5404
688.0510
677.5764
685.0296
692.6268
692.6271
688.0510
688.0508
677.5764
708.2723
703.5144
691.0958
698.8120
683.5276
694.1644
708.2723
673.1718
683.5273
691.0958
703.5144
694.1640
703.5144
682.0312
685.0296
695.7074
683.5276
686.5374
743.2235
695.7074
697.2565
683.5276
695.7074
692.6271
694.1642
698.8117
680.5406
695.7074
695.7074
664.5111
679.0557
706.6799
668.8173
671.7150
689.5705
700.3730
685.0296
713.0869
708.2723
664.5111
697.2568
717.9592
705.0941
671.7150
685.0296
636.9926
674.6344
677.5764
691.0958
676.1027
676.1027
679.0557
677.5764
682.0312
679.0557
674.6346
680.5404
598.0476
709.8708
697.2568
671.7150
674.6346
674.6346
639.6553
670.2634
701.9409
677.5762
649.1270
668.8171
683.5273
682.0310
676.1027
554.5336
670.2632
671.7150
660.2531
664.5114
697.2565
660.2533
663.0867
686.5374
677.5762
658.8445
670.2632
653.2611
676.1027
674.6344
680.5406
682.0312
685.0296
671.7150
682.0312
665.9413
692.6271
658.8443
701.9404
685.0296
673.1718
647.7590
671.7148
680.5406
673.1721
667.3766
676.1027
656.0423
668.8173
667.3764
674.6346
724.5471
663.0867
654.6492
653.2611
645.0383
682.0312
654.6492
700.3730
653.2611
651.8778
657.4407
658.8445
665.9413
674.6344
642.3369
664.5114
654.6490
631.7249
663.0865
610.1531
656.0423
671.7148
651.8778
657.4407
664.5114
660.2533
661.6674
676.1027
651.8781
653.2609
656.0425
679.0557
629.1193
647.7590
657.4409
646.3961
651.8778
650.5001
661.6674
664.5114
647.7592
643.6852
651.8781
647.7590
634.3493
656.0425
665.9411
649.1270
657.4407
647.7590
635.6685
631.7249
634.3495
657.4409
635.6685
639.6551
634.3495
651.8781
646.3963
642.3369
642.3367
646.3963
646.3961
645.0383
646.3963
651.8781
642.3369
638.3215
645.0381
633.0350
618.8797
647.7588
673.1718
651.8781
643.6852
617.6199
636.9927
621.4124
642.3369
639.6551
653.2609
626.5320
634.3493
640.9935
618.8795
631.7249
647.7592
642.3372
638.3215
627.8234
623.9634
668.8171
636.9927
634.3495
625.2454
625.2454
633.0350
635.6687
634.3495
620.1437
635.6687
604.0482
613.8668
631.7251
613.8670
608.9236
629.1194
617.6199
599.2396
599.2396
612.6247
613.8670
627.8235
611.3867
622.6857
621.4126
606.4775
611.3865
611.3865
606.4775
625.2455
612.6247
610.1531
605.2609
621.4124
590.9803
594.4961
589.8163
590.9801
604.0482
592.1480
600.4354
618.8797
594.4961
601.6357
594.4959
587.4998
594.4961
593.3199
589.8162
610.1531
596.8597
589.8162
567.3333
588.6561
546.2697
586.3475
575.0338
584.0544
578.3885
593.3199
569.5154
572.8156
575.0336
585.1992
584.0546
568.4227
550.3754
557.6873
578.3885
578.3884
567.3334
573.9229
578.3885
569.5155
586.3477
567.3333
556.6328
566.2477
565.1653
587.4998
569.5155
555.5816
560.8716
540.2075
557.6874
550.3754
552.4479
555.5816
546.2697
560.8716
558.7454
551.4100
554.5338
560.8716
555.5816
546.2697
552.4479
547.2914
533.2771
546.2698
537.2189
550.3756
536.2287
531.3245
524.5841
528.4180
552.4481
541.2100
535.2419
523.6329
538.2120
534.2580
528.4180
529.3839
525.5381
526.4952
518.9200
518.9200
517.9861
521.7391
517.9861
509.7049
511.5261
516.1265
508.7986
492.0741
517.0549
502.5281
523.6329
503.4159
501.6429
500.7601
515.2009
501.6429
524.5841
501.6429
492.0741
500.7602
484.4687
494.6535
487.8247
505.1995
490.3669
489.5172
492.0741
473.0186
483.6358
457.4186
483.6358
479.5061
470.6232
478.6872
478.6872
460.4703
473.8216
473.8216
479.5061
473.0186
467.4602
472.2180
455.9052
473.8217
460.4704
453.6504
465.8918
466.6750
458.9404
455.9053
452.9029
453.6505
455.9053
447.7263
461.2385
456.6610
444.8113
441.2110
443.3654
432.7616
446.2649
435.5487
434.8492
442.6453
439.0737
432.0695
438.3650
457.4187
415.9794
419.9100
417.9373
432.0695
428.6352
420.5709
421.8978
415.3300
419.2509
410.1936
414.6823
403.2961
415.9794
418.5931
388.8755
420.5709
410.8301
407.6637
423.9010
403.2961
401.4471
396.5825
397.7898
401.4472
402.0620
392.4028
393.5897
397.7899
390.0456
388.2926
392.9955
387.1310
384.2507
379.7125
374.1579
383.1081
376.3643
379.1512
370.3456
380.2751
371.4286
370.8866
361.8579
365.0046
366.0631
366.5941
358.2401
361.8578
356.1982
361.3375
357.2169
362.3793
357.2169
359.7837
348.7000
353.1691
349.1922
347.7188
348.2089
344.8010
339.0779
342.8767
335.3437
347.2299
340.0215
340.9692
328.5102
339.0779
340.0215
332.5843
329.4089
335.8069
336.2712
333.5002
333.5002
327.6153
324.0726
323.6340
308.0163
318.0122
312.1226
316.7361
318.4395
313.7883
315.4677
317.5860
310.0592
309.6490
306.3966
309.2396
306.8004
309.2396
302.7989
301.2203
300.8275
299.6541
295.0276
293.1314
295.4091
292.0024
294.2670
266.3982
293.1314
285.3624
286.0890
285.7253
285.3623
286.0890
287.5506
283.5576
279.2944
282.8404
281.7696
280.3513
278.5930
273.0744
281.0591
272.3959
270.7103
271.3827
270.0402
266.7263
269.3727
265.4174
266.3983
261.2270
259.9568
266.0707
259.0101
260.2736
258.0684
253.1279
253.4327
256.5097
254.9645
252.2168
249.2132
249.2132
249.5112
248.9156
246.2603
247.7305
245.3842
242.7821
238.8116
240.5019
241.0691
240.2190
234.1122
237.4158
233.2964
238.2519
237.9727
237.4157
240.2190
241.9235
239.6547
244.8025
245.6758
248.0260
246.5533
250.7085
257.1315
254.3502
255.8900
252.2168
254.9646
260.2736
260.5908
269.3727
264.7663
269.3727
271.7198
274.0969
271.3827
270.0403
283.5575
279.6460
279.6460
282.1259
284.2775
288.6541
288.2855
289.3931
289.0232
292.3781
289.3931
293.8877
299.2643
294.6469
300.8276
305.9937
303.5929
300.8276
304.3900
308.8310
306.8003
309.6490
312.1226
312.5378
310.4701
322.7593
322.7593
318.4394
325.3943
328.5102
333.5001
331.6724
335.3437
331.2177
337.6701
343.8369
340.4948
340.9692
340.0215
346.7419
351.1720
349.1922
365.5333
353.6711
349.6856
353.1691
361.8578
350.6754
355.6904
360.3005
375.8108
363.4259
360.8184
367.1264
371.4286
375.2586
378.0325
371.4286
383.1081
379.1512
376.3643
371.9720
379.7124
385.3987
387.1310
380.8391
378.5911
391.2213
392.9956
392.9956
390.0456
399.0031
397.1855
419.9099
399.6119
398.3958
407.0351
408.2939
408.2939
415.3300
416.6303
419.9101
410.8300
414.0362
405.7827
424.5721
421.8979
423.2316
423.2316
423.2316
442.6454
428.6352
439.0737
434.1516
425.9194
445.5370
434.8492
434.8491
444.0874
451.4140
437.6581
445.5370
440.4966
455.9053
465.1111
451.4139
455.1517
451.4139
454.4001
457.4187
449.9329
471.4195
473.8216
465.8918
458.1784
456.6609
468.2477
483.6358
469.8292
465.1111
473.0186
496.3856
473.8217
495.5183
486.9820
471.4194
493.7912
491.2194
493.7912
485.3042
495.5182
499.0027
499.8802
601.6357
492.0742
531.3245
495.5182
499.0027
497.2552
504.3062
500.7602
510.6141
500.7601
508.7986
510.6140
515.2009
518.9202
523.6329
521.7393
523.6329
522.6846
524.5841
494.6534
525.5382
534.2580
513.3579
526.4951
542.2155
510.6141
546.2697
505.1995
531.3243
544.2362
542.2155
616.3646
538.2118
526.4951
539.2080
538.2120
545.2513
553.4891
552.4481
608.9235
568.4227
550.3754
549.3440
541.2100
538.2118
536.2287
547.2912
547.2914
553.4893
563.0116
563.0116
557.6874
555.5816
555.5816
567.3333
556.6328
550.3756
554.5338
563.0116
561.9399
578.3885
556.6328
525.5382
563.0114
572.8156
564.0868
573.9229
569.5155
584.0546
573.9227
584.0546
571.7120
585.1990
577.2664
592.1480
572.8156
578.3884
593.3199
582.9139
579.5143
589.8162
590.9801
590.9801
598.0474
592.1482
595.6755
589.8162
582.9139
595.6755
599.2394
607.6985
604.0483
589.8162
585.1992
585.1994
611.3867
602.8399
595.6759
593.3199
596.8594
602.8399
610.1531
595.6755
605.2609
615.1136
590.9801
612.6247
630.4200
617.6199
611.3867
623.9632
618.8797
602.8399
618.8797
606.4774
616.3646
610.1529
629.1194
534.2578
608.9236
615.1136
625.2454
607.6983
634.3495
631.7251
642.3369
627.8234
618.8797
625.2455
618.8797
627.8234
626.5320
744.9634
630.4200
622.6857
630.4200
635.6687
627.8235
645.0383
631.7251
649.1271
634.3495
642.3367
593.3199
625.2454
615.1136
580.6435
633.0350
657.4409
654.6490
664.5111
629.1193
642.3367
638.3215
647.7588
638.3215
646.3959
657.4409
626.5320
633.0350
654.6492
650.5001
627.8235
658.8441
660.2531
664.5111
634.3495
700.3735
646.3961
649.1270
576.1483
650.5001
653.2611
640.9937
639.6551
642.3369
645.0379
656.0425
667.3766
665.9411
654.6492
665.9413
647.7592
636.9927
653.2609
751.9954
746.7103
660.2533
638.3215
680.5406
668.8173
645.0381
645.0381
640.9937
594.4959
657.4409
667.3766
650.5001
654.6492
653.2611
729.5581
605.2607
657.4409
651.8781
647.7590
680.5406
673.1721
676.1027
665.9413
656.0423
674.6346
676.1027
676.1027
660.2533
670.2632
674.6346
661.6674
651.8778
665.9411
653.2611
658.8443
657.4407
658.8443
660.2533
682.0312
657.4409
692.6271
653.2609
673.1721
601.6357
650.4999
661.6672
671.7150
692.6271
656.0423
664.5114
657.4409
682.0310
663.0865
668.8171
676.1027
676.1025
667.3766
627.8234
656.0425
709.8704
679.0557
674.6346
670.2634
670.2632
668.8173
685.0296
664.5111
685.0296
673.1721
689.5703
683.5276
694.1642
646.3963
676.1027
674.6346
676.1025
682.0312
661.6674
671.7148
667.3766
667.3764
691.0958
674.6344
679.0555
729.5581
674.6346
683.5273
676.1027
667.3766
673.1721
667.3766
698.8122
673.1721
680.5406
689.5707
679.0557
677.5764
679.0557
691.0958
679.0557
685.0296
692.6268
677.5764
673.1718
674.6346
676.1027
674.6346
650.5001
674.6346
682.0312
630.4197
677.5764
706.6801
671.7148
680.5406
697.2565
677.5764
661.6674
685.0296
700.3730
680.5406
629.1194
671.7150
668.8171
721.2399
691.0958
679.0555
689.5705
701.9409
674.6346
695.7076
697.2565
676.1025
703.5144
688.0510
682.0310
717.9592
680.5406
705.0939
706.6799
688.0508
697.2565
700.3730
691.0958
700.3730
717.9592
689.5703
700.3730
674.6344
717.9592
691.0958
679.0557
691.0958
691.0958
674.6346
691.0956
721.2399
688.0510
692.6271
682.0310
685.0296
697.2565
683.5276
677.5764
692.6268
667.3764
691.0958
708.2719
695.7074
711.4756
694.1642
688.0508
700.3732
676.1027
700.3732
691.0956
694.1644
671.7148
692.6271
686.5374
685.0296
691.0958
706.6801
686.5372
711.4756
685.0296
717.9589
677.5762
698.8117
779.4420
692.6268
691.0958
691.0958
709.8708
673.1718
698.8117
697.2565
692.6271
683.5276
685.0296
668.8173
686.5374
685.0294
714.7045
717.9589
679.0555
674.6346
677.5764
682.0312
679.0557
692.6271
676.1025
677.5762
671.7148
673.1718
673.1721
658.8443
705.0941
673.1718
680.5404
721.2399
670.2632
686.5374
674.6346
692.6271
685.0296
676.1025
682.0312
705.0939
653.2611
673.1721
679.0557
680.5406
703.5144
679.0555
694.1642
656.0425
661.6674
661.6672
636.9927
668.8173
706.6801
654.6490
671.7148
714.7043
700.3735
664.5114
667.3766
677.5764
647.7590
679.0557
685.0296
665.9411
663.0865
682.0312
677.5764
671.7150
670.2632
670.2634
818.9106
674.6344
677.5764
660.2533
676.1027
663.0867
680.5406
645.0379
616.3644
660.2533
649.1270
676.1027
656.0423
677.5764
653.2611
653.2611
653.2611
668.8173
665.9413
671.7150
674.6344
668.8173
658.8443
650.5001
677.5764
656.0425
650.5001
676.1027
661.6672
606.4774
671.7150
651.8778
650.5001
660.2533
650.4999
658.8445
656.0425
660.2533
647.7592
657.4409
647.7590
650.5001
649.1271
657.4409
634.3495
654.6492
647.7592
647.7592
674.6346
622.6857
634.3493
649.1270
650.5001
651.8781
653.2611
631.7251
642.3369
633.0350
645.0383
631.7251
661.6674
677.5762
647.7592
654.6490
639.6551
640.9935
639.6551
665.9413
642.3369
649.1270
635.6687
639.6551
647.7592
750.2265
640.9937
608.9235
640.9935
630.4197
650.5001
654.6492
635.6685
743.2235
660.2533
642.3369
631.7251
635.6687
649.1271
633.0350
634.3493
629.1194
638.3217
677.5764
636.9927
636.9927
633.0350
623.9634
612.6245
638.3215
629.1193
634.3495
630.4200
646.3963
631.7251
630.4197
629.1193
677.5764
625.2455
626.5320
611.3865
627.8235
630.4200
592.1482
623.9634
622.6857
625.2454
629.1194
625.2454
638.3215
613.8670
615.1136
598.0476
604.0482
616.3646
630.4200
620.1439
631.7251
601.6357
611.3865
618.8797
613.8670
630.4197
618.8797
633.0350
585.1994
602.8398
613.8670
588.6562
620.1437
613.8670
596.8597
599.2396
595.6755
612.6247
607.6985
581.7767
596.8597
572.8156
593.3203
585.1992
580.6437
590.9803
593.3199
594.4961
588.6561
592.1480
593.3199
573.9227
590.9801
570.6118
585.1992
587.4999
572.8154
554.5336
567.3333
584.0546
590.9801
548.3161
579.5143
576.1483
578.3885
570.6119
558.7452
566.2477
580.6437
572.8156
530.3527
552.4479
557.6874
563.0114
539.2081
558.7452
593.3203
570.6118
555.5816
556.6328
545.2513
564.0868
555.5816
559.8066
544.2362
549.3443
544.2361
538.2118
542.2155
559.8068
544.2362
555.5816
542.2155
545.2513
523.6328
542.2155
541.2100
539.2081
534.2580
468.2477
537.2189
540.2075
535.2419
533.2771
537.2187
523.6328
523.6329
527.4551
520.7966
521.7391
534.2580
521.7393
517.0548
507.8947
517.9861
520.7966
518.9202
504.3064
512.4407
519.8570
509.7050
503.4159
517.9861
511.5260
503.4158
494.6535
492.9313
488.6696
500.7602
560.8716
491.2193
493.7912
486.9821
484.4687
486.1419
486.9820
491.2193
489.5172
490.3670
485.3042
487.8247
486.9821
466.6750
474.6268
469.0373
471.4195
480.3274
471.4195
466.6750
473.0186
468.2477
469.0374
462.0088
483.6358
470.6231
459.7042
465.1109
465.8920
467.4603
454.4001
455.1517
448.4599
465.1111
457.4187
454.4001
453.6505
441.2110
444.0874
449.1954
446.2650
471.4194
439.0737
427.9536
436.9531
441.2111
434.8492
439.7842
432.7616
431.3791
425.2450
427.2739
436.2500
418.5933
423.2316
414.0362
423.9010
415.3300
420.5710
407.6637
403.2961
407.6637
407.0352
402.6783
402.0620
411.4681
402.6783
402.0620
405.7827
390.6327
397.1855
403.9155
400.8340
400.2222
396.5826
400.2221
386.5522
388.8755
384.8240
384.2507
382.5389
381.9709
374.7076
383.1081
381.9709
380.8391
373.6096
374.1580
374.7076
354.6786
370.8866
362.9020
365.5333
369.8061
367.1263
359.7836
361.3375
364.4772
366.0631
354.1742
350.1800
352.6682
351.6695
354.6786
350.6754
350.1800
345.7693
340.4948
344.8010
355.1839
342.8768
341.9210
335.8069
343.3562
339.0779
333.5002
335.3437
332.1278
333.9596
333.5002
331.6723
329.4089
332.1279
329.4089
331.2178
325.8366
325.3943
319.2963
320.5883
339.5492
319.2963
320.1567
319.2963
310.4701
312.9538
307.6102
301.2203
306.3966
308.0163
305.1903
299.2643
299.6541
303.1955
297.3273
298.4873
294.6469
306.8004
295.4091
291.6275
293.8877
287.9177
293.5092
289.3932
291.6276
286.4534
283.1987
281.7696
281.0591
280.3513
280.7048
278.5930
277.5459
278.5930
276.8510
273.0744
271.0462
264.7663
269.7062
271.0462
267.3844
274.4389
265.7437
265.0916
264.1177
261.8654
257.1316
260.2736
246.5534
257.4433
254.6571
256.8203
258.0684
248.6185
251.0091
257.7555
251.3103
250.4084
250.7085
248.9156
247.1409
245.0931
241.9234
243.3569
246.2603
240.2190
241.9235
241.6382
236.8606
237.4158
235.2062
237.4157
234.9320
232.4845
232.7546
229.2763
231.9455
232.2147
232.7546
235.4808
229.5413
238.2519
239.6547
241.6382
242.2092
247.4355
245.6757
245.0931
251.3103
251.3103
251.6119
257.1315
254.6571
259.9569
260.9086
260.5908
264.1177
265.7437
268.3759
268.0448
272.3958
270.7103
273.7554
275.4689
274.0969
280.3513
277.8943
282.4828
282.8404
282.8404
293.1314
288.2855
295.7912
307.6102
295.7912
292.7544
300.0445
296.9422
309.2396
306.8004
305.5916
300.8275
309.2396
308.8310
313.7883
318.4395
312.5378
309.6489
318.4395
321.4540
323.1961
320.5882
323.1962
323.1961
327.1693
330.7640
356.1982
333.9596
333.0417
338.6076
341.9210
338.1384
339.0779
342.3984
342.3984
344.3184
347.7189
350.6753
346.2552
352.1683
355.6904
351.6695
360.3005
365.0046
357.7278
364.4771
366.0631
366.5941
367.6599
374.7076
367.6599
368.1945
370.8864
381.9709
375.2586
381.4043
376.9191
381.4043
385.3987
393.5899
397.1854
387.7110
387.7110
391.8113
387.7110
391.8113
399.0030
394.7825
401.4471
411.4681
380.8391
402.0620
405.7826
408.9256
417.2829
406.4081
415.9793
422.5639
417.9372
419.9100
426.5958
412.1078
415.9793
425.2450
434.1515
427.9536
434.1516
428.6352
432.0695
438.3650
444.0874
442.6454
446.2648
436.2500
442.6454
454.4001
440.4967
446.2648
444.8113
442.6455
465.1109
455.1517
450.6724
455.1516
458.9404
467.4603
443.3656
464.3323
452.9030
473.8216
467.4603
465.8920
465.8918
474.6269
480.3274
483.6358
469.8292
470.6232
491.2194
479.5060
485.3042
482.8051
484.4688
492.0741
484.4687
493.7912
494.6535
488.6696
492.0742
506.9936
502.5280
500.7602
503.4159
492.9315
508.7984
510.6141
519.8570
510.6143
509.7049
513.3579
517.9860
515.2009
516.1265
506.9936
519.8570
552.4479
515.2009
518.9200
511.5260
511.5261
523.6329
538.2120
507.8948
523.6329
538.2118
532.2993
517.0548
542.2155
532.2993
545.2513
538.2118
545.2513
539.2081
535.2419
535.2417
554.5338
527.4550
543.2241
556.6328
543.2243
540.2075
559.8068
547.2912
559.8068
564.0868
560.8716
522.6845
593.3199
557.6874
557.6874
553.4893
548.3160
548.3160
556.6328
571.7120
589.8162
581.7769
561.9399
559.8068
563.0116
575.0338
579.5141
573.9229
573.9229
577.2666
573.9229
576.1483
571.7118
580.6437
575.0338
584.0546
586.3477
582.9137
578.3885
588.6561
549.3443
594.4961
592.1480
575.0338
594.4961
590.9801
587.4999
626.5323
588.6561
598.0476
588.6559
561.9397
596.8597
590.9803
606.4775
611.3867
607.6985
590.9803
594.4961
616.3646
604.0483
625.2455
593.3201
606.4774
587.4998
612.6245
622.6857
554.5336
613.8668
602.8399
601.6355
616.3646
606.4775
569.5154
586.3477
616.3644
625.2455
626.5320
622.6857
645.0383
627.8234
645.0381
625.2454
615.1136
631.7251
618.8797
491.2194
613.8670
618.8795
622.6855
639.6551
639.6553
623.9634
713.0869
616.3646
649.1271
616.3646
631.7251
623.9634
649.1271
631.7251
635.6685
633.0347
625.2455
639.6551
622.6855
631.7249
651.8781
630.4200
633.0347
621.4126
627.8234
645.0383
639.6551
612.6245
631.7251
645.0381
645.0381
642.3372
630.4197
643.6851
633.0350
649.1271
627.8234
645.0381
647.7592
649.1271
639.6551
633.0350
634.3495
630.4200
636.9927
640.9935
631.7251
651.8781
673.1721
640.9937
651.8781
639.6551
646.3963
650.5001
663.0867
639.6553
657.4409
653.2611
631.7249
650.5001
680.5404
646.3961
651.8781
653.2611
663.0867
664.5114
788.9878
658.8443
677.5764
668.8173
653.2611
647.7590
665.9413
667.3764
661.6672
657.4409
674.6346
670.2634
677.5764
674.6346
656.0425
673.1721
656.0425
634.3495
653.2611
667.3766
665.9413
653.2609
667.3764
661.6674
663.0865
647.7592
671.7148
625.2455
689.5705
683.5276
670.2634
653.2609
650.4999
663.0865
629.1193
650.4999
682.0310
667.3766
667.3766
650.5001
674.6346
647.7592
682.0312
674.6346
664.5114
653.2611
680.5406
673.1718
668.8173
651.8778
668.8171
670.2632
709.8708
850.9181
677.5762
674.6344
673.1721
680.5406
677.5764
677.5764
673.1721
639.6553
646.3961
682.0312
674.6346
676.1027
697.2565
686.5374
682.0312
688.0510
717.9587
679.0557
656.0425
671.7148
674.6344
680.5404
683.5276
674.6346
682.0312
679.0557
683.5276
691.0958
664.5114
676.1025
668.8173
671.7148
670.2632
680.5406
679.0557
682.0310
694.1642
670.2634
682.0310
665.9411
656.0423
683.5273
679.0557
680.5406
682.0310
664.5114
671.7148
701.9409
682.0310
692.6271
668.8171
689.5705
700.3735
688.0508
685.0294
676.1027
670.2634
673.1718
711.4756
703.5144
679.0557
668.8171
680.5404
663.0865
698.8122
724.5471
671.7148
695.7074
694.1642
679.0555
692.6271
703.5144
703.5139
691.0958
716.3281
674.6344
677.5764
664.5111
677.5764
701.9409
703.5144
691.0958
706.6801
689.5705
700.3730
680.5406
701.9409
692.6271
698.8117
682.0312
700.3732
683.5273
716.3286
686.5374
700.3730
685.0296
683.5276
697.2565
739.7651
703.5144
697.2568
685.0294
682.0312
649.1271
686.5374
670.2632
922.1238
701.9404
713.0869
688.0510
694.1642
682.0312
686.5372
691.0958
682.0312
695.7074
694.1644
676.1027
698.8120
705.0941
686.5372
701.9409
700.3735
694.1644
676.1027
711.4756
688.0508
671.7148
673.1718
685.0296
663.0867
694.1642
703.5144
691.0956
705.0941
688.0508
670.2632
664.5111
674.6346
694.1642
670.2634
688.0510
674.6346
679.0557
668.8171
689.5705
661.6674
703.5144
673.1718
670.2634
679.0557
683.5276
689.5705
665.9411
664.5111
692.6271
670.2632
716.3284
680.5406
671.7148
682.0312
694.1642
670.2634
677.5764
677.5764
671.7148
857.5897
657.4407
700.3730
660.2533
671.7148
663.0865
663.0867
703.5139
717.9592
680.5404
673.1718
671.7150
691.0958
676.1027
679.0557
667.3766
664.5111
691.0958
673.1721
657.4407
694.1640
677.5764
679.0557
665.9413
668.8173
670.2632
670.2634
646.3961
677.5764
656.0425
651.8781
665.9413
650.5001
665.9413
665.9411
674.6346
651.8781
695.7074
670.2632
606.4775
664.5114
631.7249
668.8173
661.6672
674.6346
673.1721
647.7592
668.8173
542.2155
643.6852
658.8443
656.0425
664.5114
645.0381
674.6346
643.6852
676.1025
668.8173
656.0425
677.5764
656.0425
658.8443
697.2568
629.1194
657.4407
653.2611
663.0865
680.5406
668.8173
650.5001
639.6553
651.8778
668.8173
750.2265
654.6492
649.1271
646.3963
646.3961
660.2533
658.8445
660.2533
642.3372
656.0423
651.8781
642.3369
694.1642
651.8781
646.3963
657.4409
642.3369
654.6492
635.6685
631.7249
636.9926
629.1194
642.3369
646.3959
639.6551
633.0350
626.5320
651.8781
645.0379
638.3215
634.3493
663.0867
647.7592
622.6857
653.2611
625.2454
618.8797
639.6553
653.2609
638.3215
629.1193
638.3215
623.9632
631.7251
647.7592
634.3495
639.6551
640.9935
658.8445
627.8235
633.0350
613.8670
630.4200
622.6857
625.2455
620.1439
626.5323
612.6245
621.4126
621.4126
638.3215
611.3867
618.8795
585.1990
634.3495
620.1439
627.8234
608.9236
581.7769
612.6245
633.0350
610.1531
633.0350
615.1136
615.1134
616.3646
613.8670
613.8668
633.0350
600.4356
612.6247
611.3865
618.8797
593.3199
602.8399
605.2607
610.1531
623.9634
606.4775
605.2609
604.0483
590.9801
599.2396
569.5154
694.1642
616.3646
600.4356
598.0476
593.3199
590.9801
585.1992
610.1531
618.8797
586.3477
605.2609
596.8596
686.5374
602.8399
590.9801
593.3199
658.8445
606.4775
573.9229
589.8163
592.1480
595.6759
576.1483
568.4227
585.1992
588.6561
579.5143
611.3867
543.2243
575.0338
561.9397
563.0116
578.3884
559.8068
554.5336
560.8715
567.3334
582.9139
572.8156
572.8156
561.9397
553.4891
563.0116
555.5816
551.4100
568.4227
550.3754
567.3334
552.4479
555.5816
542.2154
542.2154
536.2288
556.6328
517.0549
522.6845
552.4479
556.6328
550.3756
540.2073
542.2154
510.6140
543.2243
551.4102
542.2155
539.2081
523.6328
539.2081
520.7966
523.6329
550.3756
534.2580
525.5381
547.2912
525.5381
514.2780
524.5841
514.2780
523.6329
520.7967
515.2008
510.6140
523.6329
486.1419
490.3670
509.7050
491.2194
499.8802
473.0186
502.5280
494.6535
492.9313
504.3064
494.6535
504.3064
502.5281
497.2554
498.1277
481.1508
482.8051
473.0186
483.6358
490.3670
495.5182
474.6269
481.9769
491.2194
469.0374
472.2181
475.4343
469.0374
468.2477
479.5061
488.6696
475.4344
470.6232
461.2385
480.3273
487.8246
461.2385
441.9272
462.0088
462.7810
443.3654
454.4001
461.2385
455.1517
455.9053
455.1517
456.6610
446.2649
444.0875
449.1953
444.8113
448.4598
446.9945
440.4967
444.0874
439.7843
444.0874
469.8292
442.6453
434.1515
423.9009
444.0875
449.9330
425.2449
429.3184
418.5932
392.9956
415.3300
414.0363
419.9101
411.4681
408.2938
423.2316
419.2509
414.6823
413.3918
409.5587
401.4472
402.0620
403.9155
406.4081
395.9812
402.0620
399.0031
414.0363
396.5826
394.7826
395.3812
398.3958
389.4598
386.5521
384.8239
384.2507
382.5389
382.5389
385.3986
381.4043
374.7076
371.9720
370.3456
370.8864
373.0625
375.8108
373.0625
366.5941
362.9020
367.1264
362.3794
365.0046
363.4259
356.7069
354.6785
348.7000
356.1981
352.6681
348.7000
359.2680
351.6695
350.1798
346.7420
345.2846
348.2089
344.3183
339.0779
348.7000
337.6701
340.4948
339.0779
334.4199
334.4200
333.0418
332.1279
336.7365
332.1279
325.8366
338.1384
324.0727
328.5103
321.8882
323.6339
320.5882
320.5883
318.4394
318.0123
318.8675
311.2947
312.1226
312.1226
302.7990
305.9937
303.5929
308.4232
305.1902
302.7990
300.8275
297.7132
295.0276
300.0445
298.0999
298.8754
294.2670
291.6275
289.3932
287.1842
287.5506
286.8184
290.8799
290.5072
287.5506
283.9172
278.5930
287.9177
278.9434
279.9983
277.8943
276.5045
275.1249
271.0462
278.9434
271.0461
269.0398
270.3749
268.3759
261.2270
264.7663
261.5459
259.9569
261.8654
260.9086
259.9569
256.8204
257.4433
261.2270
254.6571
254.9645
253.7380
254.0439
248.3220
251.3103
250.7085
253.1279
246.8468
248.0260
249.5112
241.0691
243.6451
245.6758
235.2062
239.9366
235.7559
236.3073
236.5837
237.9727
238.8116
236.0313
231.6766
227.1717
229.8067
233.0253
228.2206
232.7547
233.5678
