10.6566
10.8364
11.6219
11.2579
11.6827
12.5731
12.7280
12.9768
14.0466
13.2581
14.6533
15.2665
16.2152
16.4465
16.7786
17.7863
18.6738
18.8805
18.8460
20.0304
20.6315
20.7382
21.8157
22.1063
22.6181
22.2886
23.3569
24.7093
25.0903
26.7160
25.1285
25.4735
27.3465
28.4651
29.0318
29.0725
30.2632
30.5123
31.3074
31.6028
32.7978
33.8394
34.2343
35.3434
35.8373
36.2894
37.2486
37.9421
38.4552
39.2082
40.1612
41.4197
41.5664
42.2549
42.4033
43.9551
43.6521
46.6356
45.6447
47.0569
47.5869
49.4724
49.5270
50.6824
50.0750
51.9686
52.2511
54.5495
54.0263
55.4884
55.5475
57.5220
56.9786
58.9898
60.1088
60.1088
61.8170
63.4968
61.7531
64.8792
64.5479
66.9632
67.1677
68.4744
68.4051
69.3103
69.8722
71.5085
71.2933
73.1035
73.2500
74.8031
75.3269
75.7785
77.8396
77.8396
80.2665
79.7917
81.9485
83.0056
83.4976
84.7394
86.5913
86.8467
86.4214
87.5312
89.3522
90.6747
90.7636
90.3203
92.5576
92.5576
95.1267
94.4780
95.4060
96.7202
97.5745
98.9181
99.7915
100.8696
100.6727
103.7682
103.9712
106.1273
107.4850
108.1177
108.3295
108.4355
109.6091
111.4491
112.2162
105.4036
113.6556
114.6636
119.1438
117.3986
117.9772
118.6757
119.8497
121.3949
120.7980
124.7979
123.4486
124.4283
128.1799
126.9155
126.9155
129.7160
131.9277
131.5343
133.6480
125.7895
135.1237
134.4506
137.0290
136.8919
139.2447
139.5246
141.0757
139.2447
141.7875
143.0791
143.3681
146.8896
145.5571
145.8520
153.4605
150.5144
149.5983
151.1290
152.0564
153.6175
154.5634
156.9595
154.4053
155.0391
158.5821
158.9091
159.8950
160.2253
162.3929
165.2827
163.7449
167.0125
167.5358
169.2952
170.1835
170.1835
170.3619
163.0672
187.8459
171.4371
175.8251
172.7025
177.5074
178.2617
181.3203
184.0522
183.0705
183.2662
187.8459
188.6575
186.8378
188.4542
189.8835
191.1200
192.1585
194.0466
192.3671
196.3877
195.7456
197.6805
198.9845
199.6408
200.0799
197.8970
200.3000
202.0722
209.1415
202.2952
207.9789
207.7475
208.9083
208.6754
212.4436
209.3750
223.5527
214.6040
215.5738
219.5134
216.3051
220.5137
220.7648
223.2972
222.2794
222.5333
224.8360
227.6954
226.9105
228.2206
232.2148
230.3388
233.0253
232.4845
235.4808
233.2963
237.1380
235.4808
247.7304
239.9366
240.2190
241.6382
241.0691
241.3534
247.1409
246.8469
247.4355
245.3842
250.1088
250.1088
251.3103
254.9645
253.1279
256.8203
257.4433
260.9086
267.7143
260.5908
262.1855
263.1490
268.0447
265.7437
268.0448
267.0550
267.0550
268.3759
288.6541
270.0403
271.3827
271.0462
269.0399
271.0461
282.1259
275.8135
279.6460
275.1249
278.9434
281.0591
279.2943
281.4140
285.7253
288.2855
284.2775
290.1351
293.1314
292.7543
295.7912
299.6541
297.7132
292.7543
289.7638
293.1314
297.3274
298.8755
295.0276
300.8275
305.5916
299.2643
298.4872
306.8004
307.6102
306.3966
308.0163
309.2395
306.8003
333.9596
306.8003
310.8820
318.0123
314.6263
312.5378
318.0122
314.6263
322.7592
321.4539
321.0207
328.5102
327.6153
320.5883
331.6723
322.3232
326.7242
332.1279
342.8767
326.2799
336.7365
327.6153
333.0418
370.3456
330.7641
335.8069
334.4200
339.5492
336.7365
343.3563
344.8010
342.3984
350.1799
355.1840
355.6905
349.1922
353.1691
348.2090
348.7000
353.6711
353.6711
360.8185
362.9021
360.8184
361.8578
359.7836
363.9510
363.4259
364.4772
366.0631
365.5333
362.3793
365.0046
364.4771
372.5166
370.3456
375.2585
375.8108
376.9191
371.4286
372.5165
379.7125
385.3987
372.5165
375.8108
382.5389
385.3987
386.5522
390.0457
384.2507
399.6118
394.7824
394.7826
392.4027
390.0456
389.4599
388.8757
441.9273
397.1855
399.0031
386.5522
400.2222
401.4472
397.7899
396.5825
393.5899
403.9155
403.9154
405.1587
400.8340
402.0620
394.7825
411.4681
402.6783
410.8300
406.4081
411.4681
402.6783
403.2961
417.9373
412.7490
412.1077
414.6823
421.8979
420.5709
418.5931
423.9010
418.5933
415.9794
421.2335
423.9010
420.5710
455.9053
421.8979
421.2335
422.5639
415.9794
442.6454
439.7843
423.9010
424.5721
433.4557
436.2500
434.8492
434.8492
436.9532
436.2499
440.4967
433.4556
441.9273
440.4967
456.6610
444.0874
448.4599
444.0875
456.6610
441.9272
445.5373
452.9030
462.0088
432.0694
449.9330
452.1575
449.9330
458.9404
445.5370
462.7811
453.6504
451.4140
455.1517
451.4139
466.6750
462.7810
456.6610
468.2477
462.7810
450.6725
478.6872
478.6872
465.1109
468.2477
465.8920
483.6358
455.1516
486.9821
486.1419
466.6750
478.6872
470.6231
486.9821
516.1265
485.3042
459.7042
486.1419
488.6697
482.8050
484.4688
495.5183
480.3273
441.9273
494.6535
492.9315
473.0186
499.8802
485.3042
504.3064
509.7051
498.1276
508.7986
513.3580
504.3064
507.8947
515.2008
517.9860
511.5260
517.0549
510.6141
502.5280
513.3580
524.5841
532.2993
539.2081
516.1264
517.0548
537.2187
521.7391
541.2098
534.2580
556.6328
543.2243
537.2187
548.3163
557.6874
542.2155
552.4481
634.3493
545.2513
537.2189
569.5154
610.1531
555.5816
560.8716
556.6328
556.6327
555.5816
556.6328
572.8156
573.9229
567.3333
571.7120
572.8156
532.2991
573.9227
567.3333
575.0338
575.0338
594.4957
580.6437
579.5143
582.9139
580.6437
570.6119
589.8162
585.1992
573.9229
584.0544
577.2666
600.4352
594.4961
610.1531
599.2394
592.1480
617.6199
592.1482
611.3867
590.9803
585.1992
579.5141
601.6357
611.3867
620.1439
668.8173
607.6983
612.6247
606.4774
627.8234
622.6855
625.2455
613.8668
610.1531
622.6855
631.7251
626.5320
613.8668
626.5320
621.4126
605.2607
623.9632
639.6551
613.8670
611.3865
625.2455
630.4200
630.4200
651.8778
635.6685
610.1531
625.2454
623.9632
573.9229
631.7251
633.0347
683.5273
616.3646
630.4200
642.3367
639.6553
640.9937
627.8234
642.3369
646.3961
660.2533
639.6553
645.0379
634.3493
673.1721
661.6674
646.3959
656.0425
635.6687
668.8173
668.8171
657.4409
651.8778
664.5114
653.2611
665.9413
677.5764
674.6346
680.5406
667.3766
673.1721
661.6672
667.3766
673.1721
668.8173
642.3367
680.5406
646.3961
665.9413
649.1271
682.0312
680.5406
663.0867
688.0510
673.1718
683.5276
665.9411
671.7148
689.5705
677.5764
668.8171
685.0296
664.5114
695.7076
670.2632
664.5111
651.8778
705.0939
703.5144
691.0956
708.2720
642.3372
716.3286
708.2720
679.0557
692.6271
719.5963
695.7074
706.6801
686.5374
713.0869
734.6304
736.3350
717.9589
709.8708
724.5469
627.8235
750.2265
729.5581
703.5142
716.3286
727.8810
719.5963
714.7043
739.7651
727.8810
751.9954
729.5579
734.6304
855.3557
719.5963
727.8808
721.2399
717.9589
746.7103
743.2235
726.2104
726.2107
738.0466
734.6304
748.4648
724.5469
855.3553
753.7717
783.2356
777.5570
734.6304
736.3350
753.7717
750.2265
746.7103
744.9632
746.7103
739.7649
787.0621
750.2265
741.4905
732.9326
798.7432
751.9954
773.8119
750.2265
798.7429
777.5570
751.9954
755.5555
790.9219
750.2265
779.4420
909.5245
751.9954
835.7083
823.0533
773.8119
810.7357
837.8512
802.7056
783.2356
820.9773
777.5570
785.1447
808.7147
820.9773
827.2334
753.7717
818.9103
835.7079
816.8530
800.7197
855.3557
846.5228
875.8452
818.9103
940.3000
825.1389
823.0530
880.5183
846.5228
835.7083
833.5751
850.9184
857.5897
864.3546
848.7157
880.5183
864.3549
855.3553
814.8051
844.3401
885.2364
875.8452
892.3990
850.9188
894.8102
848.7150
857.5897
853.1320
894.8102
882.8717
887.6125
846.5225
864.3549
922.1235
873.5253
878.1758
868.9180
880.5183
844.3398
919.5786
866.6312
894.8098
894.8098
848.7157
887.6125
862.0889
866.6309
892.3990
914.5270
937.6643
889.9998
914.5270
922.1235
837.8512
892.3990
885.2364
889.9998
848.7157
855.3557
917.0463
924.6815
866.6312
907.0423
914.5266
914.5270
894.8098
919.5789
917.0463
909.5245
912.0194
880.5179
932.4316
924.6815
909.5249
892.3994
967.4171
927.2515
953.6843
922.1235
897.2324
937.6639
919.5789
937.6643
1007.8456
1026.1245
961.8816
953.6847
646.3963
940.3004
922.1238
922.1235
945.6130
945.6133
927.2519
904.5719
995.9856
975.8303
993.0602
993.0602
882.8713
932.4321
953.6847
995.9856
953.6843
950.9800
990.1503
967.4175
987.2554
959.1352
956.4029
940.3008
1007.8456
1116.4464
1057.9689
937.6643
990.1498
937.6639
993.0602
990.1503
998.9263
1001.8833
1007.8452
981.5125
1244.2262
993.0602
1007.8456
995.9852
1007.8452
973.0113
816.8533
1013.8720
1045.0176
1004.8566
1054.7037
1007.8452
1064.5551
1032.3529
1013.8725
978.6641
1048.2278
1041.8254
1057.9698
1109.2621
1054.7041
1051.4568
1051.4568
1116.4464
1105.7017
1061.2535
1120.0707
1067.8767
1102.1616
1112.8431
1131.0742
1123.7167
1071.2174
1109.2616
1095.1445
1098.6433
1134.7864
1032.3529
1061.2531
1134.7858
1051.4573
1120.0707
1112.8436
1061.2531
1116.4464
1084.7712
1088.2089
1074.5769
1109.2616
1127.3844
1102.1616
1157.5371
1084.7717
1109.2616
1185.1638
1209.8293
1134.7864
1385.6534
1161.4108
1105.7017
1134.7864
1231.1178
1218.2625
1123.7167
1177.1476
1131.0737
929.8353
1714.8682
1161.4114
1173.1769
1098.6433
1134.7864
1169.2307
1214.0323
1161.4108
1149.8613
1181.1432
1157.5371
1197.3788
1127.3839
1116.4459
1193.2814
1271.2333
1214.0323
1197.3788
1189.2098
1209.8293
1193.2814
1214.0317
1181.1432
1169.2307
1189.2104
1218.2625
1127.3844
1275.8397
1222.5192
1253.1096
1222.5192
1189.2104
1218.2618
1193.2820
1161.4114
1244.2262
1248.6533
1235.4587
1257.5955
1209.8286
1285.1479
1280.4785
1214.0317
1239.8275
1262.1105
1294.5824
1226.8042
1222.5192
1161.4108
1280.4785
1465.1501
1280.4778
1313.8412
1239.8275
1248.6533
1374.9506
1231.1171
1308.9767
1354.0024
1364.4016
1257.5955
1197.3794
1239.8275
1364.4016
1289.8491
1364.4016
1318.7402
1369.6571
1328.6394
1299.3479
1239.8275
1374.9506
1299.3479
1364.4016
1189.2104
1266.6570
1359.1835
1343.7499
1323.6719
1308.9767
1308.9774
1354.0024
1359.1835
1304.1454
1275.8403
1435.7996
1364.4009
1313.8419
1396.5111
1354.0024
1407.5313
1396.5128
1402.0018
1430.0621
1435.8004
1333.6410
1285.1472
1313.8419
1396.5111
1299.3472
1318.7402
1402.0018
1380.2822
1343.7499
1343.7499
1257.5955
1304.1461
1266.6564
1623.2207
1364.4016
1304.1454
1308.9774
1285.1472
1323.6726
1435.8004
1289.8484
1308.9774
1402.0018
959.1348
1333.6403
1285.1472
1189.2092
1299.3479
1333.6410
1289.8491
1218.2618
1253.1096
1418.7123
1364.4016
1275.8403
1920.8611
1304.1454
1226.8048
1226.8048
1248.6533
1266.6570
1193.2814
1218.2625
1218.2612
1630.5028
1299.3479
1197.3788
1209.8280
1271.2333
1074.5769
1201.5021
1244.2262
1146.0582
1189.2098
1134.7864
1081.3538
1153.6877
1177.1476
1153.6877
1173.1769
1161.4114
1161.4114
1077.9546
1161.4114
1081.3538
1120.0707
1157.5377
1138.5209
1010.8509
1077.9546
1112.8436
1205.6519
1197.3788
1169.2307
1149.8613
1157.5377
1091.6671
1123.7167
1102.1621
1091.6671
1161.4114
1181.1432
1161.4114
998.9268
1105.7017
1109.2621
1146.0582
1102.1611
1105.7006
1205.6525
1102.1621
1051.4568
1102.1611
1088.2095
1142.2781
1071.2164
1091.6661
1169.2307
1091.6661
1071.2164
1067.8762
1109.2621
1041.8250
1054.7037
1138.5209
1127.3844
1098.6433
1127.3844
1146.0582
1071.2174
1608.8389
1123.7167
1102.1621
1051.4568
1127.3844
1057.9689
1061.2526
1064.5560
1054.7037
1081.3538
1098.6428
1127.3844
1048.2281
1134.7864
1120.0707
1077.9556
1041.8250
1074.5769
1074.5769
1045.0176
1131.0742
1048.2281
993.0602
1035.4927
1004.8566
1157.5377
1032.3529
1051.4568
1112.8436
1045.0176
942.9495
1013.8725
1051.4568
1054.7037
993.0597
1061.2526
1023.0366
1054.7037
1057.9689
1081.3538
1081.3538
1054.7037
917.0467
1001.8837
1038.6500
940.3000
1010.8509
1016.9105
1010.8509
995.9856
1029.2303
1051.4568
1064.5551
1054.7037
1051.4568
1016.9105
1016.9101
1016.9105
990.1498
1023.0366
1077.9556
987.2559
987.2559
998.9268
1010.8509
1016.9101
1026.1250
973.0113
981.5129
978.6641
890.0002
967.4175
981.5129
932.4316
995.9856
981.5129
995.9856
973.0113
1038.6500
932.4316
1007.8456
924.6815
950.9796
981.5129
978.6641
959.1352
973.0113
1010.8509
1016.9105
945.6125
894.8102
945.6125
937.6639
1007.8456
935.0412
932.4316
940.3000
959.1352
919.5786
914.5270
857.5894
940.3000
917.0467
922.1242
827.2334
899.6672
880.5183
912.0198
873.5249
964.6423
917.0463
927.2519
929.8353
917.0467
885.2361
892.3994
818.9106
912.0198
924.6815
850.9188
885.2364
907.0423
950.9804
917.0463
1007.8456
887.6125
862.0892
912.0198
902.1135
927.2519
927.2519
917.0467
1077.9556
897.2328
871.2163
842.1671
751.9954
850.9188
818.9106
885.2361
829.3373
864.3549
894.8102
859.8342
846.5222
873.5253
812.7657
816.8533
829.3377
846.5222
855.3557
885.2364
833.5751
848.7157
837.8512
862.0892
885.2364
790.9219
818.9106
840.0040
810.7360
812.7661
842.1667
831.4515
831.4515
818.9106
750.2265
859.8342
757.3467
790.9219
808.7150
785.1447
726.2104
823.0533
806.7030
792.8644
792.8644
757.3467
741.4908
744.9634
792.8644
792.8644
726.2107
755.5555
746.7105
757.3467
794.8154
853.1320
759.1454
783.2353
764.5872
785.1447
734.6302
750.2265
653.2611
750.2265
727.8810
738.0466
721.2399
654.6492
714.7045
721.2399
724.5471
739.7651
732.9328
743.2235
738.0466
722.8902
751.9954
709.8705
721.2399
635.6687
731.2421
676.1025
670.2634
701.9404
682.0312
689.5705
677.5764
680.5406
706.6801
676.1027
663.0867
688.0510
689.5705
680.5406
677.5764
654.6492
670.2634
665.9413
658.8445
682.0312
664.5114
674.6346
654.6490
697.2565
688.0510
660.2533
623.9634
635.6687
658.8445
653.2611
663.0867
642.3372
646.3959
676.1027
683.5276
645.0383
636.9927
627.8235
638.3215
661.6674
598.0476
594.4961
601.6355
621.4126
646.3963
568.4227
615.1136
590.9801
626.5323
615.1136
634.3495
599.2394
596.8596
621.4126
608.9236
600.4356
617.6199
601.6357
615.1136
605.2609
612.6247
592.1480
572.8156
610.1531
593.3203
578.3885
565.1655
585.1992
601.6357
594.4957
573.9229
622.6857
587.4999
573.9227
572.8156
554.5336
580.6437
586.3477
561.9399
571.7120
548.3163
561.9399
555.5816
553.4893
555.5816
548.3160
550.3756
557.6874
558.7454
532.2993
577.2666
551.4102
571.7120
538.2120
543.2243
549.3440
541.2098
557.6874
537.2187
523.6329
545.2513
554.5338
524.5841
506.9936
524.5841
553.4893
563.0116
506.0952
522.6845
549.3443
510.6143
500.7602
508.7984
521.7393
510.6140
526.4952
537.2189
511.5258
523.6329
513.3580
514.2781
546.2697
492.0742
497.2554
500.7602
488.6697
477.0563
481.1510
499.0027
502.5281
474.6268
520.7967
495.5183
498.1277
498.1277
498.1277
481.9769
478.6872
489.5170
482.8051
470.6232
455.9053
465.8920
473.8216
462.7810
452.9030
450.6725
458.9404
458.9404
459.7043
451.4139
536.2288
461.2385
454.4001
449.9330
457.4187
458.1785
457.4187
516.1265
445.5370
446.2648
443.3654
446.2648
446.2648
441.9273
429.3185
444.8113
441.9273
436.9532
432.0695
441.2111
427.2739
419.2508
423.9010
417.9372
421.8979
400.8340
425.2450
414.6823
414.0363
414.6823
420.5710
419.9101
412.7490
412.1078
400.8339
405.1586
391.8113
403.9155
404.5363
402.0620
400.8340
407.0352
395.9812
397.1855
395.3812
390.6328
391.8113
393.5897
395.3810
401.4472
388.2927
363.9509
387.1310
380.2751
380.2751
377.4752
382.5389
376.3643
380.8391
380.8391
375.2586
374.1580
374.1580
367.1264
381.9709
370.8864
358.2401
363.9510
365.5333
365.5333
350.6754
355.1840
356.1982
355.6905
357.2169
348.2089
363.4259
354.1743
360.3005
355.6905
348.7000
348.2089
343.8369
338.1383
343.3563
338.6076
341.4445
338.1384
341.4445
338.6076
334.4200
355.6905
328.9591
325.3943
328.9591
328.9591
321.0207
324.0727
323.1962
326.2799
320.1567
326.2799
317.5861
318.0123
295.0276
312.9538
312.5378
320.5883
312.1226
310.0592
307.6102
306.3966
309.2396
301.2203
304.3900
300.0445
298.4873
300.8276
296.1741
287.5505
292.3781
296.9422
295.7912
297.3273
292.3781
286.0890
279.2943
290.1351
284.6384
289.7638
280.7049
281.0591
281.0591
277.1982
282.8404
275.8135
277.8943
276.5045
271.3827
276.8510
272.3959
269.7061
269.0398
271.3827
267.3844
266.7264
265.4174
263.7942
260.5908
263.1490
262.5061
257.4433
259.6408
257.1315
258.6957
255.8900
252.5200
252.8237
251.9141
249.8098
251.0091
251.6119
247.4355
243.9337
240.2190
243.9337
251.6119
243.0693
230.0726
241.0691
239.6547
236.0314
237.9727
233.0253
232.2148
231.6766
231.9455
235.7559
228.2207
228.7477
229.8067
229.8067
222.5333
225.6109
225.6109
223.2972
221.7730
221.7730
216.3051
220.5137
216.3051
217.7778
215.3308
212.4436
211.0198
212.9211
211.7301
211.7301
210.5481
208.2108
204.3170
201.4052
206.3661
200.0800
203.4151
201.1835
197.0327
201.4052
201.1835
198.3310
195.7456
196.1734
194.4695
192.7852
194.6814
192.9947
188.6575
179.7826
183.6587
188.4542
188.2511
195.9592
185.4382
189.8835
182.2899
181.9013
178.2617
176.7572
178.2617
177.6956
173.0662
172.1588
172.3398
174.1631
170.5405
168.5887
165.6268
169.6498
167.5358
167.5358
163.7449
164.7681
161.3880
163.4057
161.3880
160.3908
160.5565
160.2253
156.7984
156.9595
152.3671
155.1980
153.4605
154.8803
150.9750
149.9029
151.5918
144.8231
148.0861
147.6361
144.2390
147.1876
144.5307
144.8231
143.3681
143.5128
142.5034
142.3598
139.3846
138.2703
137.7170
136.0725
136.2087
136.2087
131.1422
132.7185
131.5343
132.7185
130.6216
130.3621
129.7160
130.2326
126.1636
125.5408
127.0413
125.1687
125.0450
123.6927
122.4774
121.0364
119.8497
120.4414
119.0265
117.9773
118.2096
116.9380
115.5676
115.0017
113.9905
113.6556
113.6555
111.8867
111.1221
110.3629
109.9315
109.6091
108.5417
106.3350
106.6474
104.7872
104.9923
104.1746
104.3784
101.4625
100.0844
99.9867
100.3781
98.5323
96.9094
97.0041
96.7202
95.8734
95.0338
94.2013
93.2847
93.1935
93.5588
91.5667
92.0159
89.7031
89.5275
88.0479
87.6171
88.0479
85.4925
86.0825
84.4897
84.8228
84.7394
83.0874
81.9485
82.2725
81.0636
82.0294
80.0288
78.2266
78.0716
76.8412
76.6886
76.6886
75.6277
75.4772
74.5795
73.8384
73.5437
72.5201
72.1575
71.2217
70.8645
70.4378
69.8722
68.5437
67.4411
67.2359
67.8529
67.3043
67.1677
65.4120
64.7465
64.2839
64.4818
61.7531
61.9450
61.6892
61.1167
60.4853
60.3596
59.7341
58.8665
58.1914
57.2800
57.9473
57.2800
56.3791
55.1938
54.9589
55.6657
53.4492
54.4912
53.6219
52.9905
52.1379
51.9122
51.9122
50.7934
49.9650
49.3634
48.6045
48.9288
48.0672
47.9067
48.1207
47.5869
46.8460
45.3346
46.1646
45.2315
44.9744
43.1500
42.9501
41.6153
42.9002
43.2000
42.2549
41.8606
40.8360
41.4197
40.4978
39.9217
39.3029
40.2092
38.4084
37.6639
37.7102
36.6532
37.2486
36.6988
36.3801
36.1534
35.3882
34.6315
34.2343
34.6315
34.0146
34.0146
33.3600
32.9271
32.7117
32.2830
32.0697
31.7722
31.3495
31.4338
31.0133
30.1390
30.3876
30.6372
29.4397
29.6035
28.9912
28.3845
28.1836
27.9033
27.3861
27.0305
27.1883
26.1694
26.0529
25.8205
26.0529
25.4351
25.3583
25.0139
23.8044
23.9543
22.3982
24.3684
23.7670
23.3569
22.5814
22.8388
22.7652
22.3982
22.4715
22.1427
21.6348
21.3105
22.8757
20.8451
20.1713
21.1310
19.6097
20.1713
19.7496
18.8115
19.0879
19.4701
18.8460
18.5707
18.3308
18.3993
17.6509
17.6847
17.8202
17.6171
17.5833
17.7185
16.3142
16.8786
16.9453
16.5128
16.1163
16.0176
15.3639
15.2341
15.3639
14.6533
14.6854
14.2057
15.0722
14.4291
13.9197
13.9514
13.7615
13.4149
13.8564
13.2268
12.9145
13.2894
13.2894
12.8212
12.9457
12.5422
12.5731
12.2953
12.1415
11.0769
11.7132
11.5610
11.8964
12.3569
11.3790
11.4699
10.7165
10.9565
10.9565
10.6566
10.6566
10.3882
10.3584
10.2693
8.8622
9.8551
10.0618
9.6786
9.9141
9.5905
9.5319
9.4441
10.2396
9.3856
8.8911
8.9781
8.6888
8.2578
8.3724
8.4873
8.6312
8.9781
8.6312
8.0579
8.1435
7.8870
7.8018
7.7168
7.6601
7.6318
8.4873
7.2934
8.0864
7.8302
8.1149
7.9439
8.2006
8.3438
8.8043
9.0942
9.1233
9.7080
9.3272
9.5026
10.4179
10.2099
9.6199
10.4477
10.9865
11.0467
11.0467
11.5610
11.9269
12.5422
12.7280
12.8523
13.2581
13.7615
13.5407
14.2375
14.1420
15.3639
14.6854
15.0398
16.0834
16.2812
16.0834
17.2803
17.4484
17.8202
18.3650
18.1601
19.1572
19.1225
19.9249
20.2772
20.7738
21.3105
21.8882
21.5625
22.7284
23.5802
23.2455
23.8793
23.7296
24.5576
24.4440
25.8592
26.2472
27.1093
27.7039
28.6265
28.1435
28.6265
29.8501
29.6446
30.2632
31.1812
31.6451
32.9271
33.2298
33.6211
34.0146
34.6315
35.6573
36.3347
36.5165
38.1749
37.8029
38.9249
39.5879
40.8360
40.9815
41.1273
42.7010
43.2501
43.3002
44.8206
44.8206
46.0603
46.6882
46.8986
48.4429
49.9101
49.3089
49.8553
51.9686
51.6309
52.5346
53.9684
54.6663
55.0763
56.0216
56.7382
58.3137
59.0516
59.2991
60.4853
61.2436
61.1167
62.0732
63.7583
64.2180
65.8139
65.7468
67.3726
68.6826
67.7841
69.4504
71.5804
71.0072
74.3565
73.4702
74.3565
74.8777
76.7649
77.4543
78.2266
78.4597
78.9275
80.5845
80.4254
82.7606
82.3537
84.9062
83.0874
85.6607
87.2739
89.4398
88.3940
89.5275
90.2318
91.7461
93.1935
93.1935
95.4060
95.4060
96.1548
99.1115
100.0844
101.3634
100.5744
102.8597
104.6849
106.0236
106.4391
108.4355
108.4355
110.4710
110.3629
112.2161
113.4328
114.7762
115.4542
115.2277
117.3987
119.0265
118.7925
120.4414
122.9619
124.9214
122.2359
124.9214
125.4166
125.2926
127.6725
129.4585
129.0734
131.0118
130.8816
131.5343
134.7194
135.2588
136.2087
136.7550
137.9933
139.3846
142.0733
144.5307
143.8028
144.6768
144.8231
145.5571
148.2365
149.2944
149.2944
151.1290
158.7455
151.5918
156.3161
152.8345
156.7984
158.0932
158.5821
158.4189
159.2369
162.2249
162.0571
164.4262
165.6268
165.9719
168.4126
168.0612
172.5210
171.9780
173.4308
172.1588
172.1588
172.1588
178.2617
180.9343
181.7073
183.8553
182.4846
181.7073
185.4382
187.0388
189.8835
188.0484
190.0889
191.3271
192.9947
194.2579
194.2579
200.0800
200.3000
199.4217
200.3000
201.1835
202.5184
221.5203
208.4429
205.4520
212.2054
211.9676
211.9676
214.3625
212.6822
217.0397
215.3308
219.2643
225.6109
221.2681
222.5333
223.5527
224.5785
227.4333
228.4839
227.1717
232.4845
232.4845
232.7547
237.4158
233.2963
237.9727
241.0691
241.0691
245.0931
241.0691
247.4355
245.6758
247.4355
253.4327
253.1279
251.6119
251.0091
249.8098
254.6571
253.1279
260.2736
259.9569
260.5908
259.3252
267.7143
264.7664
262.8272
266.7264
268.0448
267.0551
270.3749
273.0744
279.2944
272.0576
275.4689
279.2944
281.7696
286.0890
276.1587
281.7696
286.4534
265.7437
290.8799
293.1314
293.5092
290.1351
290.1351
290.1351
298.4872
292.0024
292.3781
303.5929
302.7990
303.1955
303.5929
302.7990
308.8310
312.5378
306.8004
335.8069
318.0123
310.8820
312.9538
312.5378
325.8366
324.9529
323.6340
324.9529
324.5123
325.8366
329.4089
333.9596
332.1279
336.2712
339.5492
340.9692
339.5492
336.2712
341.4445
338.1384
285.0001
347.7189
350.1798
350.6753
350.1798
351.6696
348.2089
349.6855
348.7000
358.7535
352.1683
363.9510
362.9021
359.7837
361.8579
370.3456
373.6096
379.1512
373.6096
373.6096
374.1580
375.2586
379.1512
378.5912
381.4043
383.1081
392.9955
384.8240
384.2507
396.5826
392.9955
388.2927
391.8113
386.5522
414.6823
404.5363
397.1855
405.7827
403.2961
397.7899
415.3300
397.1855
401.4472
408.2939
414.6823
417.9372
405.1587
427.2739
419.9099
407.6637
427.2739
429.3185
414.6823
435.5487
423.2316
438.3650
424.5721
430.0036
434.1516
440.4967
435.5487
445.5370
438.3650
430.0036
451.4138
509.7049
447.7261
445.5370
448.4597
458.1785
463.5556
449.1954
457.4187
455.9053
462.0088
459.7043
482.8051
457.4187
477.0560
462.0088
474.6268
469.8292
471.4195
472.2180
472.2180
485.3042
471.4195
481.9769
488.6697
474.6268
484.4688
488.6697
486.1419
497.2554
495.5183
481.9769
548.3160
498.1277
496.3856
497.2554
499.8802
497.2554
515.2006
515.2009
498.1277
514.2778
499.8802
517.0549
709.8708
494.6535
527.4551
514.2778
516.1265
531.3245
425.2450
529.3839
501.6429
529.3839
525.5382
535.2419
593.3199
528.4180
528.4180
542.2155
548.3160
550.3753
539.2081
558.7454
559.8068
529.3839
560.8716
550.3753
554.5338
567.3334
576.1483
554.5338
561.9399
563.0116
590.9801
573.9229
570.6119
568.4227
571.7120
579.5143
602.8399
590.9801
596.8594
586.3477
584.0546
594.4957
596.8597
582.9139
590.9801
579.5143
582.9139
576.1483
621.4126
593.3203
611.3867
592.1480
602.8399
587.4998
622.6857
610.1531
611.3867
608.9236
620.1439
475.4343
620.1439
620.1439
602.8399
673.1721
615.1136
629.1194
638.3215
636.9927
623.9634
616.3646
633.0350
622.6857
636.9927
607.6985
658.8445
638.3217
654.6492
642.3367
683.5276
653.2611
664.5114
653.2611
656.0425
663.0867
671.7150
658.8445
660.2533
653.2611
680.5406
671.7150
645.0379
674.6346
657.4409
651.8781
663.0867
676.1027
626.5323
676.1027
673.1721
688.0510
680.5406
676.1027
682.0312
706.6796
676.1027
697.2565
711.4752
703.5139
731.2421
714.7045
709.8704
691.0958
705.0937
703.5139
724.5471
731.2421
697.2565
734.6304
717.9592
701.9409
688.0510
732.9328
698.8117
750.2265
729.5581
719.5963
717.9592
722.8902
736.3350
729.5581
759.1454
751.9954
753.7717
711.4756
727.8810
732.9328
759.1454
757.3467
768.2535
736.3350
796.7750
760.9517
751.9954
743.2235
686.5374
753.7717
764.5872
796.7750
764.5872
790.9219
796.7750
806.7030
829.3377
792.8644
831.4515
820.9773
794.8154
792.8644
785.1447
823.0533
757.3467
812.7661
764.5872
792.8644
792.8644
816.8533
800.7200
785.1447
804.6999
823.0533
816.8533
820.9773
829.3377
823.0533
831.4515
818.9106
835.7083
873.5253
829.3377
844.3395
859.8342
848.7150
820.9773
796.7747
846.5222
835.7083
812.7661
837.8512
859.8342
875.8452
848.7150
853.1320
857.5890
857.5897
868.9183
873.5253
850.9181
864.3549
902.1135
961.8816
848.7150
885.2364
862.0892
866.6312
859.8342
892.3994
820.9773
897.2328
887.6125
899.6672
927.2519
862.0892
914.5270
859.8342
880.5183
904.5719
885.2364
612.6247
890.0002
894.8102
932.4316
922.1238
927.2519
964.6423
967.4175
932.4316
919.5789
892.3994
919.5789
956.4029
964.6423
927.2519
975.8303
984.3768
956.4029
940.3000
929.8349
945.6125
961.8816
984.3768
990.1503
987.2559
973.0113
942.9503
990.1503
987.2559
959.1352
940.3004
927.2519
967.4175
1026.1250
964.6423
967.4175
990.1503
1004.8566
987.2559
953.6847
1013.8725
948.2896
1023.0366
1041.8250
1004.8566
998.9263
975.8303
978.6641
1038.6500
1013.8725
1116.4464
887.6125
1001.8837
1088.2089
1032.3529
1035.4927
1038.6495
1032.3529
1016.9105
935.0412
1016.9105
1045.0176
1048.2286
1032.3529
1032.3529
1010.8509
1054.7037
1077.9546
1023.0366
904.5719
1038.6495
1064.5560
1023.0366
1084.7712
998.9268
1834.9231
1077.9556
1396.5120
1035.4927
1067.8772
1048.2281
1045.0176
1067.8772
1035.4927
919.5789
1142.2781
1102.1621
1061.2526
1023.0366
1081.3538
1061.2535
1120.0707
1057.9698
1127.3844
1041.8250
1077.9556
1091.6671
1112.8436
1061.2535
1385.6526
1098.6428
1084.7717
1116.4464
1084.7717
1131.0742
1149.8607
1041.8245
1091.6671
1091.6671
1131.0742
1102.1621
1102.1621
1146.0582
1109.2621
1112.8436
1131.0742
1127.3844
875.8452
1146.0582
1109.2621
1105.7017
1131.0742
1131.0742
1149.8613
1161.4114
1142.2781
1127.3844
1095.1450
1116.4464
1142.2781
1165.3090
1149.8613
1091.6671
1127.3844
1189.2098
1153.6877
1226.8048
1116.4464
1165.3083
1169.2307
1189.2098
1257.5955
1177.1476
1197.3788
1146.0582
1177.1476
1197.3788
1177.1476
1131.0742
1134.7864
987.2559
1138.5209
1374.9506
1177.1476
1088.2089
1201.5021
1181.1432
1157.5377
1146.0582
1161.4114
1153.6877
1271.2333
1209.8280
1193.2814
1153.6877
1257.5955
1560.3391
1054.7037
1218.2625
1262.1112
1169.2301
1222.5199
1181.1432
1244.2262
1134.7864
1235.4574
1197.3788
1205.6531
1275.8403
1214.0323
1226.8048
1189.2098
1181.1432
1226.8048
1239.8281
1181.1432
1181.1426
1231.1178
1189.2098
1205.6531
1244.2262
1313.8419
1177.1476
1323.6726
1280.4785
1189.2098
1173.1769
1161.4108
1235.4587
1235.4587
1253.1096
1275.8403
1275.8403
1257.5955
1262.1112
1231.1178
1294.5824
1280.4785
1275.8403
1205.6519
1253.1096
1248.6533
1424.3665
1318.7402
1275.8403
1308.9774
1248.6533
1323.6726
802.7056
1262.1112
1105.7012
1328.6394
1313.8419
1294.5817
1248.6533
1374.9506
1489.4501
1257.5955
1328.6394
1197.3788
1323.6726
1275.8403
1244.2262
1313.8419
1369.6571
1501.8853
1343.7499
1407.5295
1338.6777
1262.1105
1615.9996
1328.6394
1407.5313
1354.0032
1396.5111
1385.6526
1374.9506
1313.8419
1313.8419
1853.3827
1328.6394
1441.5820
1402.0018
1385.6526
1343.7499
1369.6571
1553.6344
1266.6570
1299.3479
1441.5820
1391.0630
1280.4778
1430.0621
1244.2256
1546.9836
1430.0621
1235.4587
1157.5377
1248.6526
1430.0621
1304.1461
1343.7499
1396.5120
1483.3037
1407.5313
1441.5820
1407.5313
1391.0630
1391.0621
1402.0018
1465.1501
1540.3862
1483.3047
1402.0018
1364.4016
1459.1908
1275.8403
1402.0018
1418.7123
1430.0613
1364.4009
1435.8004
1477.2065
1580.7834
1396.5111
1441.5820
1683.2555
1540.3862
1587.7106
1508.1752
1495.6434
1280.4785
1253.1096
1407.5313
1560.3381
1477.2065
1304.1461
1402.0018
1495.6426
1477.2065
1396.5111
1385.6526
1465.1501
1527.3485
1714.8682
1153.6877
1580.7834
1323.6726
1333.6410
1380.2831
1348.8573
1527.3485
1514.5165
1630.5028
1540.3853
1573.9130
1540.3862
1573.9120
998.9268
1533.8405
1424.3656
1338.6770
1540.3862
1465.1501
1489.4501
1594.6951
1560.3381
1453.2766
1407.5313
1430.0621
1402.0018
1489.4492
1418.7131
1430.0621
1477.2065
1483.3047
1862.7452
1594.6951
1623.2207
1477.2065
1483.3047
1471.1552
1424.3665
1514.5165
1660.2572
1489.4492
1514.5156
2402.4973
1430.0621
1374.9498
1567.0984
1418.7131
1465.1493
1553.6344
1567.0974
1477.2065
1501.8853
1601.7375
2192.3677
1546.9836
1560.3391
1645.2532
1501.8853
1540.3862
1553.6344
1608.8389
1354.0024
1652.7230
1652.7230
1359.1835
1608.8389
1248.6533
1790.2650
1447.4072
1447.4072
1413.1014
1430.0621
1608.8389
1333.6410
1323.6726
1459.1908
1489.4501
1138.5209
1623.2207
1471.1552
1418.7131
1407.5313
1402.0010
1369.6571
1418.7131
1594.6951
1328.6387
1418.7131
1318.7402
1514.5165
1540.3862
1441.5820
1435.8004
1235.4587
1369.6571
1343.7499
1441.5820
1396.5111
1253.1096
1214.0311
1354.0024
1308.9774
1447.4055
1799.0310
1226.8036
1304.1461
1231.1165
1304.1461
1173.1774
1197.3794
1205.6525
1205.6525
1161.4120
1181.1432
1304.1461
1257.5955
1285.1479
1313.8419
1222.5186
1308.9774
1308.9774
1294.5824
1294.5824
1289.8491
1380.2822
1328.6394
1074.5769
1359.1835
1348.8580
1197.3788
1435.7987
1308.9774
1338.6777
1465.1501
1275.8403
1257.5955
1343.7499
1424.3665
1313.8419
1380.2822
1294.5824
1343.7499
1637.8467
1338.6777
1057.9694
1369.6571
1364.4016
1304.1461
1239.8275
1323.6726
1338.6777
1280.4785
1308.9774
1239.8281
1262.1112
1262.1112
1294.5824
1248.6533
1308.9774
1231.1178
1333.6410
1285.1479
1266.6570
1285.1479
1435.8004
1181.1432
1222.5199
1285.1479
1218.2625
1304.1461
1222.5192
1235.4581
1294.5824
1157.5377
1262.1112
1285.1479
1280.4778
1239.8281
1262.1112
1248.6533
1193.2814
1193.2814
1280.4785
1248.6533
1157.5377
1354.0024
1257.5955
1197.3788
1193.2814
1218.2618
1266.6570
1244.2262
1231.1178
1280.4785
1294.5824
1253.1096
1266.6564
1239.8281
1222.5199
1142.2781
1304.1461
1181.1432
1262.1112
1266.6570
1214.0323
1134.7864
1142.2781
1173.1769
1142.2781
1157.5371
1197.3788
1313.8412
1181.1432
1091.6666
1153.6877
1146.0582
1165.3083
1169.2301
1193.2814
1181.1432
1149.8613
1209.8280
1084.7717
1102.1621
1149.8613
1134.7864
1084.7717
1057.9694
1161.4114
995.9856
1161.4114
1116.4464
1120.0707
1084.7717
1035.4927
1123.7167
1095.1450
1127.3844
1109.2621
1102.1621
1105.7012
1165.3090
1131.0742
1061.2531
1098.6433
1071.2174
1088.2095
1088.2095
1067.8772
1064.5560
1032.3524
1045.0181
1239.8281
981.5129
1007.8452
1051.4568
1041.8250
1064.5560
1041.8254
1127.3844
1134.7864
1088.2095
1057.9694
1095.1450
1032.3524
1032.3529
1032.3529
1048.2281
1010.8509
1023.0366
1064.5560
1116.4464
1035.4927
978.6637
1029.2299
1007.8452
1048.2281
1041.8250
1032.3529
1045.0176
970.2067
914.5270
1057.9698
1102.1621
1016.9105
1010.8509
975.8303
953.6843
998.9268
995.9856
961.8816
1026.1250
950.9804
1016.9105
975.8303
967.4175
995.9856
984.3768
995.9856
953.6847
975.8303
953.6843
940.3000
973.0113
942.9495
981.5129
956.4029
945.6130
993.0602
929.8356
970.2071
948.2900
975.8303
964.6423
919.5789
917.0463
967.4175
904.5719
935.0412
984.3768
904.5719
959.1352
857.5897
897.2328
935.0412
922.1238
909.5249
871.2163
871.2163
878.1761
912.0198
831.4512
919.5789
909.5249
848.7154
875.8452
887.6125
873.5253
889.9998
846.5228
899.6672
878.1761
864.3549
862.0892
840.0043
857.5897
880.5183
835.7079
848.7157
885.2364
871.2160
827.2331
835.7086
844.3395
853.1320
866.6312
831.4515
818.9106
827.2334
868.9183
825.1386
846.5228
790.9219
827.2334
827.2334
846.5222
808.7150
787.0621
788.9878
810.7360
751.9954
855.3557
785.1447
798.7429
818.9106
812.7661
746.7103
785.1447
779.4420
802.7056
804.6999
855.3553
779.4420
753.7717
751.9954
757.3467
753.7717
751.9954
703.5142
751.9954
746.7103
686.5374
744.9632
731.2421
760.9517
751.9954
750.2265
674.6346
726.2107
741.4908
750.2265
744.9632
724.5471
731.2421
722.8902
622.6857
734.6304
701.9406
721.2399
717.9592
731.2421
705.0941
708.2723
711.4756
736.3350
708.2723
694.1642
711.4756
658.8445
686.5374
658.8445
676.1027
656.0425
734.6304
744.9634
673.1721
724.5471
711.4756
691.0956
679.0557
654.6492
691.0958
674.6346
653.2611
660.2533
658.8445
676.1027
679.0557
683.5276
653.2611
658.8445
651.8781
647.7590
647.7590
663.0867
649.1271
667.3764
640.9935
620.1439
642.3367
635.6687
631.7251
638.3215
612.6247
621.4126
621.4126
617.6199
622.6857
612.6247
613.8668
607.6983
599.2396
635.6687
618.8797
616.3646
616.3646
590.9801
611.3867
601.6357
608.9236
596.8597
616.3646
600.4356
667.3764
596.8597
560.8716
581.7769
575.0338
569.5154
580.6437
569.5155
550.3756
561.9399
559.8068
558.7454
677.5764
572.8156
555.5816
560.8716
555.5816
552.4481
542.2155
559.8068
545.2513
557.6874
553.4893
523.6328
547.2914
503.4159
565.1655
529.3839
555.5816
536.2288
550.3753
541.2100
540.2075
521.7393
509.7049
527.4551
527.4551
542.2155
529.3839
527.4551
507.8947
504.3064
523.6329
509.7049
503.4159
504.3064
496.3856
510.6143
510.6143
499.0027
499.0027
505.1995
497.2554
513.3577
490.3669
499.8802
482.8051
484.4688
478.6871
479.5060
477.0563
485.3042
485.3042
468.2477
481.9769
476.2440
482.8051
477.0560
475.4345
461.2385
478.6872
466.6750
446.9947
457.4187
469.8292
458.1784
461.2385
457.4187
444.0874
452.9030
458.1785
456.6610
456.6610
452.1574
446.2650
436.2500
433.4557
439.0737
441.9273
431.3791
446.9947
430.6904
446.2650
427.2739
423.9010
419.9101
423.9010
416.6304
427.2739
412.1078
421.8979
423.9010
419.9101
416.6303
412.1078
409.5587
415.9793
403.9155
412.7490
412.7490
403.9155
402.0620
402.6783
402.0620
397.1855
388.2926
397.7899
401.4472
403.9155
402.6783
377.4752
389.4599
390.6328
395.3812
390.0457
381.4043
385.9748
379.7125
369.8061
376.9191
383.6787
374.7076
369.8061
376.9190
366.0631
370.8864
365.5333
370.3456
362.9021
364.4772
366.0631
362.3794
365.5332
357.2169
362.9021
359.7837
350.6754
352.1683
344.8010
362.9020
346.7420
345.2847
351.6695
342.8768
345.2847
335.8069
343.3563
341.9210
334.4200
337.6701
329.8597
337.2028
345.7694
326.7242
329.8597
329.8597
323.1962
325.8366
321.8882
331.2177
323.6340
324.5123
321.0207
315.4676
321.0207
312.9538
315.4676
310.4701
308.8310
313.3706
310.4702
310.8820
305.1903
302.4031
308.4232
304.3900
290.5072
298.4873
296.5578
300.4357
295.0276
293.1314
290.1351
293.8877
286.8184
288.2855
288.6541
286.4534
285.7253
278.9434
281.0591
242.2092
275.4688
285.3624
280.7049
276.5045
276.5045
265.4174
272.3959
264.4418
268.0448
270.7102
270.3750
266.3982
264.7664
261.8654
265.0916
263.4713
259.9569
264.7664
259.6408
258.0684
254.3502
253.7380
255.8900
252.2168
248.3220
273.0744
246.2603
245.3841
247.4354
243.9337
245.3842
243.9337
241.9235
248.9156
235.7558
236.3073
237.4158
232.2148
235.7559
233.8398
230.8726
231.6766
228.4839
227.9578
229.8067
229.2763
228.7477
225.3522
222.2794
224.0647
222.2794
219.7629
216.3051
220.5137
218.0246
216.5496
215.3308
212.4436
211.7301
211.2562
211.4930
208.9083
203.8653
204.0910
204.7699
202.7421
201.8495
200.7411
203.8653
199.8602
200.3000
199.4217
198.1139
199.8602
195.7455
196.1733
193.8356
194.2579
193.8356
189.6785
186.4364
188.4542
185.8367
183.8553
184.6445
181.7073
181.3203
180.7417
181.5137
178.8301
171.9780
172.7025
172.3398
172.1588
172.5210
171.0778
168.4126
168.0612
167.5358
164.2555
160.3908
164.4262
163.9149
163.4057
163.2363
159.7301
158.5821
158.5821
159.0729
158.5821
156.3161
156.6374
154.4053
155.3571
153.9320
153.4605
151.7465
149.2944
148.2365
149.1427
145.8520
145.2630
142.3599
143.3681
143.5128
141.0757
142.6471
141.0757
138.6870
138.8262
137.8551
135.6650
137.8551
135.3940
136.0725
134.9888
132.5864
132.9834
128.6897
129.4585
128.8174
128.5620
128.5620
127.4196
126.0387
124.7979
122.4774
123.0834
123.0834
121.7546
117.8613
119.9678
118.6757
118.2096
121.1557
117.0530
115.0017
114.3265
112.4363
112.6570
112.5466
111.9964
110.0392
108.5417
108.5417
107.8009
106.7517
106.6474
105.7131
101.9593
104.1746
102.1587
102.1587
101.9593
100.7711
101.8597
98.9181
98.4361
97.2889
97.0042
95.7797
94.9409
93.2847
93.8336
93.5588
92.0159
90.9415
90.1435
90.1435
89.9671
87.8754
87.3596
86.8467
85.2408
84.5728
84.7394
84.3236
83.7446
83.2513
82.3537
81.8677
80.5845
80.6642
79.7917
76.9176
78.6153
77.3006
76.5363
75.3270
74.8031
75.1020
73.9122
73.6909
72.2299
71.7243
72.0128
71.2217
70.7220
68.3359
69.3803
67.2359
67.4411
67.5096
66.1503
65.9483
65.8139
65.1452
64.2839
63.7583
62.2016
61.3706
61.3706
60.8003
60.4224
59.4852
58.8049
58.7433
56.9786
57.5220
55.7842
56.7982
56.5585
55.8435
56.9786
55.0175
54.2003
52.9905
53.7372
52.3077
52.4211
51.2389
51.5187
50.0200
50.4610
49.3633
48.8205
53.4492
47.8533
46.8460
47.1097
47.0569
46.4259
45.8003
44.9231
44.5650
44.6160
43.2501
42.8005
43.3003
43.0500
42.2549
41.6643
41.6153
40.5460
41.2246
40.3533
39.2556
39.8739
39.1137
38.9720
38.1749
37.5714
37.2026
36.6076
35.9275
35.5675
34.9420
35.1647
34.7644
33.9270
34.3664
32.9271
33.0134
32.7547
32.7978
32.7978
32.0697
31.5605
31.3074
33.0999
30.4291
29.8913
30.7623
29.1946
28.3443
29.1539
28.4248
28.2237
28.0233
28.2639
27.7039
27.4654
27.0305
26.6376
27.3861
25.9753
25.7432
25.1667
24.9376
25.0139
24.7853
24.5576
24.3684
23.7670
23.6549
22.9126
22.9864
22.7652
22.9495
22.3982
21.8882
21.3464
21.7071
20.8451
21.3824
20.6315
20.4895
20.4895
20.1713
20.2066
19.8197
19.6796
19.6097
18.8805
18.7082
19.5747
18.9841
18.1260
19.0879
17.9219
17.6847
17.1126
17.2467
17.0791
16.9787
17.0456
17.2131
16.5459
16.3142
15.9519
15.2665
15.0398
14.8785
15.0398
14.8785
14.9752
14.8141
14.6854
13.8564
13.8247
14.0784
13.8564
13.8564
13.0704
13.2268
13.2894
12.9769
13.1955
12.8212
12.9769
11.4093
12.5731
11.6219
12.5112
11.2882
12.1415
11.8352
11.8658
11.3790
11.4093
10.8363
10.9865
10.4179
11.2882
10.9865
10.2990
10.5969
9.9731
9.8551
10.1506
9.9436
10.0322
9.8551
9.5905
9.3564
9.5319
9.4734
8.3724
8.7754
9.3856
9.3856
8.8622
8.3438
8.9201
8.1435
8.1720
8.6312
8.8911
8.0864
8.4585
7.7451
7.7451
8.0294
8.0579
8.0579
7.5470
7.2934
7.8586
7.8018
7.4060
7.9155
7.4624
7.5188
7.9155
7.6318
7.5753
8.9201
7.8586
8.2865
8.5736
8.8911
8.6312
8.9781
9.2980
9.4734
10.0322
9.0071
10.0618
10.3584
10.8964
10.8964
11.1975
11.2277
11.9269
11.6219
12.2030
12.1415
13.1955
13.0392
13.4149
13.7615
13.8564
14.3332
14.4291
14.8463
15.2665
15.8207
16.2152
16.2482
16.5791
17.0122
17.2803
17.5833
17.5496
18.7082
19.0879
19.0533
19.5747
19.8197
20.6315
21.1669
21.5265
21.5625
21.5625
22.9864
23.4685
23.7296
24.0670
24.2552
25.5890
25.4735
26.0917
26.5202
26.5202
27.5051
28.0233
28.0233
28.8288
29.5215
30.5955
31.1392
31.4338
32.1123
32.2403
33.2732
33.4469
34.7201
34.5430
35.4330
36.3802
36.9274
37.1567
38.5488
40.0174
40.5943
39.9696
40.8360
42.1068
42.4033
42.4528
44.2594
45.5412
45.5929
45.6447
47.2685
48.1207
48.0672
48.4967
49.5270
50.6824
51.5187
52.1945
53.7372
54.0263
53.6795
56.8583
56.7982
56.6783
57.6433
58.6203
59.9837
60.2341
60.3596
61.6892
62.2659
63.8238
64.2839
65.0121
65.2785
66.1503
66.9632
67.5781
69.5908
70.3669
69.5908
71.5804
73.6173
74.1341
75.4021
76.6124
77.9169
78.6153
79.0057
79.2408
79.6339
80.9036
82.4349
84.0750
84.4897
85.6607
85.9980
86.7615
87.8754
88.6544
87.8754
92.6482
89.8790
91.7461
93.8336
96.6258
95.5927
98.3400
98.5323
99.7915
101.6609
101.2645
102.3585
103.1617
104.5826
105.6098
107.5902
108.6479
107.9064
109.8239
115.6811
112.1062
111.7772
114.4387
115.7948
117.0530
118.0934
121.3949
119.6139
120.9171
121.1557
122.7194
124.6746
127.1673
125.1687
125.4166
128.3071
129.3300
128.6897
134.9888
132.7185
133.6480
133.7814
135.5294
136.6182
139.8052
140.0863
157.9306
141.0757
143.8028
142.7909
144.3848
145.7045
147.7859
148.0861
153.9320
148.5379
151.5918
153.9320
155.8358
155.8358
154.8803
158.9091
161.0548
161.0548
163.9149
163.9149
165.1109
165.9719
164.5970
165.2827
170.7194
167.8858
169.6498
171.4372
173.4308
171.9780
178.0727
180.5494
176.3836
180.9343
181.5137
184.4468
187.6437
185.0408
185.6373
181.3203
188.4542
190.2945
192.5760
195.1061
190.7067
197.8970
196.8173
201.4052
200.9621
200.3000
202.7421
201.8495
204.5433
207.2857
207.7475
210.5481
207.9789
213.1604
211.4930
214.6040
216.0609
216.7945
220.5137
220.5137
218.7673
220.7648
227.4333
221.2681
228.7477
236.3073
231.9455
232.7547
232.4845
234.9320
236.5838
237.1380
235.4808
242.4954
242.4954
243.0693
245.3841
245.6757
245.9678
246.8469
248.3220
266.0707
250.1088
265.4174
251.3103
253.1279
254.6571
255.8900
257.7556
260.5908
261.8654
259.0101
257.1315
260.9086
265.0916
270.0402
270.7102
271.3827
267.7142
275.1249
276.8510
279.9983
279.6460
281.0591
282.1259
284.6384
281.0591
286.4534
286.4534
296.9422
293.1314
290.1351
296.1741
292.0024
286.4534
295.0276
290.1351
300.4357
299.2644
301.2203
307.2049
308.8310
308.4232
304.3900
305.1902
308.8310
313.7883
310.8820
320.5883
321.8882
317.5861
325.3943
326.2799
325.3943
324.9529
332.5842
332.5843
333.5002
334.4200
337.6701
340.4948
336.2712
332.5843
337.2028
339.5492
345.7694
341.4445
344.3183
348.2089
346.7420
357.7279
355.1840
354.1743
346.2552
356.1982
360.8185
359.2680
348.2089
349.6855
371.4285
369.2676
367.1263
368.7305
376.3643
372.5166
376.3643
380.8391
370.3456
378.5912
383.1081
397.1855
383.1081
389.4599
383.6787
387.7111
359.7837
394.1855
391.2213
393.5897
397.1855
398.3958
399.6119
405.1587
404.5363
410.8301
385.9748
402.6783
497.2554
408.9256
423.2316
414.0363
424.5721
424.5721
420.5710
430.0036
423.2316
427.9536
432.0695
434.8492
426.5958
421.8979
432.0695
439.7843
437.6581
445.5370
445.5370
439.7843
446.2649
440.4967
460.4704
461.2385
457.4187
449.9330
459.7043
459.7043
458.1785
458.1785
461.2385
447.7261
458.1785
459.7043
473.8216
463.5556
475.4343
470.6232
472.2180
481.1510
486.1419
446.9945
474.6268
479.5059
480.3274
481.1510
500.7602
492.9315
500.7602
481.1510
509.7051
496.3856
497.2554
514.2778
499.8802
509.7049
499.8802
499.8802
514.2781
513.3577
511.5261
506.0952
513.3580
527.4551
529.3839
529.3839
534.2580
533.2771
539.2081
530.3527
532.2993
549.3440
528.4180
547.2912
530.3527
552.4481
540.2075
539.2081
524.5841
552.4481
545.2513
548.3160
556.6328
558.7454
558.7454
557.6874
559.8068
547.2914
572.8156
554.5338
557.6874
592.1480
548.3163
595.6755
572.8156
563.0116
568.4227
571.7120
575.0338
593.3199
585.1992
607.6985
586.3477
589.8162
593.3199
606.4775
664.5114
599.2396
590.9801
613.8670
604.0483
605.2607
645.0383
618.8797
639.6551
631.7251
636.9927
639.6551
647.7592
649.1271
653.2611
634.3495
631.7251
635.6687
646.3959
642.3367
649.1267
670.2634
631.7249
653.2611
667.3766
657.4409
660.2533
643.6852
680.5406
657.4409
633.0350
654.6492
668.8173
682.0312
685.0294
688.0510
658.8445
657.4409
654.6492
682.0312
694.1642
694.1642
713.0869
714.7045
700.3730
683.5276
692.6271
653.2611
694.1642
683.5276
709.8708
706.6801
757.3467
701.9404
711.4756
713.0869
753.7717
658.8445
722.8902
729.5581
701.9404
708.2723
711.4754
698.8117
736.3350
713.0869
755.5555
743.2235
697.2565
759.1454
787.0621
703.5144
703.5144
812.7661
751.9954
732.9328
646.3963
750.2265
788.9878
677.5764
753.7717
810.7357
753.7717
753.7717
808.7150
792.8644
785.1447
785.1447
787.0621
814.8051
738.0466
757.3467
796.7750
726.2107
751.9954
894.8098
850.9181
783.2356
753.7717
753.7717
790.9219
759.1454
840.0040
771.9513
783.2356
785.1447
750.2265
855.3557
743.2235
835.7083
783.2356
802.7053
726.2107
814.8051
857.5897
844.3395
722.8902
909.5249
842.1667
802.7056
842.1671
850.9188
820.9773
917.0467
855.3557
853.1320
880.5183
1019.9652
840.0040
878.1761
878.1761
833.5751
846.5222
862.0892
885.2364
882.8717
942.9503
850.9188
844.3395
899.6672
894.8102
866.6312
857.5897
873.5253
890.0002
919.5789
897.2328
904.5719
907.0423
922.1238
866.6312
887.6125
1029.2303
866.6312
820.9773
935.0412
899.6672
927.2519
848.7157
937.6639
750.2265
937.6639
1061.2535
935.0412
932.4316
909.5249
873.5253
993.0602
912.0198
937.6639
948.2900
790.9219
978.6641
937.6639
967.4175
904.5719
975.8303
932.4316
973.0113
998.9268
984.3768
1023.0366
953.6847
935.0412
961.8816
975.8303
981.5125
959.1352
1007.8456
984.3768
998.9268
1013.8725
1016.9105
956.4029
961.8812
1029.2303
929.8353
993.0602
1032.3534
932.4316
967.4175
961.8816
970.2071
932.4316
1019.9652
1001.8837
973.0109
1032.3529
964.6423
1359.1835
1032.3529
1023.0366
1041.8250
1051.4568
1048.2281
1023.0366
1051.4568
1016.9105
1019.9652
1064.5551
942.9495
1023.0366
897.2328
1057.9689
1088.2095
1041.8250
995.9856
1067.8762
1109.2621
1057.9698
1026.1250
1019.9652
967.4175
1138.5209
1071.2174
1019.9652
1146.0582
1095.1450
1071.2164
1116.4464
1071.2174
1029.2303
1131.0742
1098.6433
1413.1014
1088.2095
1048.2281
1131.0742
1105.7017
1127.3844
1112.8431
1218.2625
1253.1090
1057.9689
1077.9556
1074.5769
1064.5560
1161.4108
1165.3090
1123.7167
1081.3538
1553.6344
1165.3090
1127.3844
1153.6877
1165.3090
1095.1445
1134.7858
1067.8772
1081.3533
1120.0707
1102.1621
1193.2814
1209.8280
1048.2281
1123.7167
1185.1638
1138.5209
1189.2098
1197.3788
1127.3844
1123.7167
1138.5209
1004.8566
1193.2814
1153.6877
1239.8281
1127.3844
1197.3788
1248.6533
1181.1432
1157.5377
1271.2333
1193.2814
1193.2814
1226.8036
1222.5199
1205.6519
1161.4114
1205.6519
1189.2098
1181.1432
1222.5199
1275.8403
1023.0366
1105.7017
1201.5021
1197.3788
1173.1763
1244.2262
1222.5199
1222.5199
1181.1432
1169.2307
1177.1482
1193.2814
1201.5021
1359.1835
1253.1096
1134.7864
1262.1112
1177.1476
1248.6533
1214.0323
1226.8048
1289.8491
1514.5165
1226.8048
1266.6570
1359.1835
1248.6533
1323.6726
1253.1096
1289.8484
1248.6526
1244.2262
1285.1479
1318.7402
1253.1096
1253.1096
1285.1479
1262.1112
1248.6526
1222.5192
1226.8042
1318.7402
1308.9774
1294.5824
1354.0024
1244.2262
1359.1827
1483.3047
1573.9130
1366.5908
1294.5824
1285.1479
1294.5824
1359.1827
1262.1112
1084.7712
1257.5955
1257.5948
1304.1461
1313.8419
1308.9774
1275.8403
1280.4785
1271.2333
1244.2262
1343.7499
1244.2262
1313.8419
1304.1461
1338.6777
1328.6394
1318.7402
1304.1461
1396.5111
1407.5295
1364.4016
1391.0621
1318.7402
1402.0018
1328.6394
1359.1835
1413.1014
1396.5128
1407.5295
1430.0621
1435.8004
1369.6571
1380.2822
1067.8767
1418.7131
1369.6571
1348.8580
1441.5820
1328.6394
1328.6394
1354.0024
1396.5128
1391.0621
1359.1835
1354.0024
1447.4072
1313.8419
1424.3665
1333.6410
1385.6526
1402.0018
1391.0621
1608.8389
1338.6777
1359.1835
1413.1014
1323.6726
1407.5313
1424.3665
1630.5028
1343.7491
1333.6410
1385.6526
1354.0024
1435.8004
1402.0018
1348.8580
1495.6434
1495.6434
1338.6777
1333.6403
1299.3479
1374.9506
1495.6434
1441.5820
1385.6526
1391.0621
1424.3665
1501.8853
1435.8004
1407.5313
1418.7114
1430.0621
1459.1908
1435.8004
1441.5820
1465.1501
1435.8004
1435.8004
1418.7131
1508.1760
1435.8004
1459.1908
1471.1543
1465.1501
1533.8414
1853.3827
1540.3862
1495.6434
1608.8389
1430.0621
1580.7834
1471.1552
1413.1014
1402.0018
1546.9836
1396.5111
1459.1908
1501.8853
1380.2822
1520.9071
1418.7131
1608.8389
1471.1543
1520.9071
1533.8414
1465.1501
1359.1827
1520.9071
1489.4501
1514.5165
1418.7131
1580.7825
1465.1501
1471.1552
1580.7834
1424.3647
1508.1760
1580.7834
1630.5028
1567.0984
1465.1501
1527.3485
1608.8389
1637.8467
1553.6344
1580.7834
1608.8389
1453.2766
1495.6426
1508.1760
1483.3037
1501.8853
1608.8389
1623.2207
1459.1899
1825.8235
1573.9120
1489.4501
1533.8414
1501.8843
1553.6344
1489.4501
1533.8414
1580.7834
1615.9996
1546.9836
1553.6344
1573.9130
1495.6434
1615.9996
1683.2555
1533.8414
1519.9932
1453.2766
1573.9120
1601.7375
1637.8467
1095.1445
1587.7106
1514.5165
1560.3391
1483.3047
1601.7375
1594.6951
1553.6344
1594.6951
1601.7375
1630.5028
1508.1760
1587.7106
1533.8405
1652.7230
1567.0974
1698.9230
1587.7096
1630.5028
1407.5313
1615.9996
1755.9960
1587.7106
1587.7096
1747.6219
1328.6394
1608.8389
1587.7106
1645.2532
1667.8586
1418.7131
1714.8682
1546.9836
1553.6344
1520.9071
1424.3665
1540.3862
1501.8853
1441.5820
1489.4501
1477.2065
1489.4501
1407.5313
1477.2065
1435.8004
1508.1760
1560.3391
1580.7834
1435.8004
1540.3862
1573.9130
1601.7375
1540.3862
1489.4501
1471.1552
1413.1014
1540.3862
1483.3047
1560.3391
1501.8853
1520.9071
1465.1501
1424.3665
1396.5111
1391.0621
1441.5820
1424.3665
1453.2766
1520.9071
1435.7996
1501.8853
1483.3047
1447.4072
1364.4016
1165.3090
1459.1908
1471.1552
1354.0024
1396.5128
1354.0032
1533.8414
1553.6334
1407.5313
1483.3047
1328.6394
1304.1454
1424.3665
1495.6434
1424.3665
1402.0018
1430.0621
1364.4009
1453.2766
1453.2766
1533.8414
1385.6526
1508.1760
1348.8580
1359.1835
1447.4072
1391.0621
1354.0017
1289.8491
1343.7499
1313.8419
1323.6726
1333.6410
1402.0001
1304.1461
1453.2766
1338.6777
1257.5955
1343.7499
1299.3479
1385.6526
1294.5824
1402.0001
1413.1014
1333.6410
1271.2333
1304.1461
1354.0024
1343.7499
1275.8403
1275.8403
1299.3479
1323.6726
1323.6726
1235.4574
1318.7402
1413.0999
1248.6533
1299.3479
1348.8580
1239.8281
1226.8036
1285.1479
1280.4785
1226.8036
1369.6571
1244.2262
1248.6533
1205.6519
1205.6519
1248.6533
1453.2766
1235.4587
1257.5955
1266.6570
1280.4785
1248.6533
1244.2262
1294.5824
1209.8280
1239.8281
1138.5209
1313.8419
1189.2098
1222.5186
1123.7167
1205.6519
1364.4016
1209.8280
1266.6570
1120.0702
1226.8048
1181.1432
1235.4587
1214.0323
1218.2625
1231.1178
1161.4114
1193.2814
1218.2625
1165.3090
1231.1178
1181.1432
932.4316
1239.8281
1146.0582
1142.2781
1146.0582
1165.3090
1169.2307
1197.3788
1116.4464
1088.2095
1127.3839
1193.2814
1197.3788
1193.2814
1112.8436
1173.1769
1109.2621
1131.0742
1146.0582
1127.3844
1102.1621
1035.4927
1146.0582
1109.2616
1067.8772
1084.7717
1061.2535
1081.3538
1157.5377
1157.5377
1074.5769
1169.2307
1102.1621
1138.5209
1120.0707
1081.3538
1131.0742
1077.9551
1074.5769
1071.2174
1120.0707
1071.2174
1074.5769
1048.2281
1088.2095
1074.5769
1045.0176
1123.7167
1095.1450
1064.5560
1057.9689
1057.9689
1112.8436
1098.6428
1116.4464
1081.3538
1091.6671
1077.9556
1054.7037
1081.3538
970.2071
1088.2084
1045.0176
1071.2174
970.2071
1019.9652
1016.9105
1026.1250
973.0113
1029.2303
998.9268
1071.2174
1091.6671
1004.8566
1038.6500
1026.1250
1054.7037
1004.8566
1071.2164
1013.8725
993.0597
1023.0366
1038.6500
1029.2303
1013.8725
1081.3538
981.5129
1029.2303
995.9856
1029.2303
1019.9652
1004.8566
956.4029
1016.9105
961.8816
998.9268
919.5789
956.4029
1019.9652
964.6423
975.8303
942.9495
970.2071
940.3000
853.1320
970.2071
942.9495
935.0412
932.4316
929.8353
987.2559
973.0109
700.3730
907.0423
909.5249
917.0467
940.3000
919.5789
924.6815
932.4316
922.1238
902.1135
927.2519
914.5270
914.5270
890.0002
924.6815
894.8102
862.0892
878.1758
894.8102
866.6312
892.3994
929.8353
857.5897
890.0002
868.9183
880.5179
859.8342
868.9183
827.2334
892.3994
855.3557
887.6125
878.1761
857.5897
904.5719
885.2364
873.5253
853.1317
846.5222
808.7150
873.5253
814.8051
827.2334
810.7360
810.7360
837.8512
812.7661
853.1320
808.7150
760.9517
810.7360
804.6996
810.7360
833.5751
804.6999
1001.8837
825.1386
751.9954
757.3467
790.9219
783.2356
792.8641
792.8644
753.7717
812.7661
790.9219
790.9219
750.2265
783.2356
798.7432
731.2421
750.2265
750.2265
755.5555
753.7717
741.4905
750.2265
734.6304
736.3350
736.3350
722.8902
748.4648
729.5581
705.0939
719.5963
716.3286
713.0869
726.2107
731.2421
850.9181
738.0466
731.2421
721.2399
731.2421
685.0296
703.5144
700.3730
708.2723
701.9406
755.5555
670.2634
706.6796
670.2632
695.7074
686.5372
708.2723
676.1027
680.5406
676.1027
645.0381
732.9328
677.5764
676.1025
640.9935
674.6346
646.3959
683.5276
680.5406
647.7592
636.9929
651.8781
634.3495
656.0425
623.9632
654.6492
640.9935
622.6855
653.2611
623.9632
636.9927
544.2362
612.6247
598.0476
635.6687
625.2455
633.0347
608.9235
616.3646
604.0482
592.1484
620.1439
615.1136
617.6199
630.4200
575.0338
608.9236
585.1990
592.1482
604.0483
598.0476
590.9801
598.0476
594.4961
592.1480
593.3199
582.9139
590.9801
569.5154
580.6437
565.1655
585.1992
548.3160
577.2666
561.9399
572.8156
557.6874
561.9399
564.0868
558.7454
556.6328
567.3334
571.7120
539.2081
537.2189
545.2513
546.2697
551.4102
551.4099
563.0116
542.2155
528.4180
676.1027
516.1265
504.3064
528.4180
532.2993
526.4952
544.2362
501.6429
531.3245
523.6328
509.7051
522.6846
528.4180
518.9202
512.4404
549.3440
517.9861
491.2194
518.9202
493.7911
491.2194
501.6429
495.5183
502.5281
501.6429
489.5172
495.5183
498.1277
486.1419
487.8247
469.8292
466.6750
482.8051
495.5183
471.4195
470.6232
475.4345
476.2440
471.4195
473.8216
470.6232
459.7042
465.8920
458.9403
473.0186
467.4603
444.0874
468.2477
445.5370
446.2649
442.6454
434.8491
458.9404
447.7261
442.6454
451.4140
446.2648
445.5370
436.9532
431.3791
432.7617
443.3654
422.5638
437.6581
423.2316
431.3791
430.6904
423.2316
418.5931
419.2509
422.5639
404.5363
403.9155
409.5587
405.1587
415.3300
407.0352
415.9793
395.9812
405.1587
403.9155
403.2961
394.7826
402.6783
402.6783
398.3958
392.9955
391.8113
387.1310
390.0457
392.9955
390.6328
378.5911
366.5941
384.2507
385.3987
376.3643
377.4752
376.3643
381.9709
378.0325
415.3300
370.3456
366.5941
361.8579
371.4287
366.0631
364.4772
361.8579
367.1264
365.0046
358.7535
354.1743
349.6856
357.2169
359.2680
353.6711
345.7694
348.2089
343.3563
344.3184
341.9210
346.7420
339.0779
340.9692
335.8069
336.2712
339.0779
335.3437
328.9591
335.8069
329.4089
326.2799
321.4540
322.3233
320.1567
321.0207
328.0623
321.4540
323.1962
312.9538
321.4540
321.0207
307.2049
307.6102
308.0163
308.0163
308.0163
300.4357
326.2799
302.7990
305.5916
298.4872
300.8276
294.2670
297.3273
293.1314
290.8799
292.7544
291.6276
289.7638
284.2775
284.2774
289.7638
281.7696
281.7696
280.3513
279.6460
283.9171
274.4389
273.0744
275.4689
270.0402
277.1981
273.0744
262.8272
267.3843
272.0576
273.4146
268.7075
268.0448
266.0707
264.7664
263.7942
261.8654
258.0684
260.9086
256.8203
255.5810
259.0102
251.9141
268.7075
253.7380
247.7305
257.1315
245.3842
249.5112
249.5112
244.8025
243.9337
243.0693
241.6382
239.0922
237.4158
238.8116
240.5019
235.2062
233.8398
233.5678
230.8726
233.0253
230.6055
226.1295
225.8700
225.3522
222.5333
222.0260
221.7730
219.0156
216.5496
218.5193
214.1214
210.0778
214.8459
215.5738
210.3128
212.6822
209.6089
207.9790
207.9789
206.8252
207.0552
202.5185
204.0910
201.1835
201.4052
200.7411
196.8173
201.6272
195.5321
196.3877
195.5321
196.1733
190.9132
189.6785
188.0484
189.6785
186.6370
186.0363
185.8367
182.4846
184.8425
183.0705
183.8553
183.2663
180.3572
180.9343
180.5494
178.0727
179.0201
173.0662
172.7025
170.0054
172.1588
169.6498
167.8858
168.0612
178.2617
163.4057
166.1447
163.9149
164.0851
161.5550
158.9091
160.8885
158.4189
160.0601
157.2824
155.8358
153.4605
154.4053
154.7218
151.1290
149.5983
150.8213
150.3613
148.6888
148.0861
146.2956
144.6768
144.9695
143.8028
142.0733
141.5023
138.9655
140.6507
139.6648
139.2448
137.1663
137.1663
135.1237
134.9888
132.7185
132.9834
128.5620
131.4035
125.7895
129.9740
125.1687
126.9155
125.4166
124.0599
125.5408
123.4486
123.4486
121.8747
120.9171
119.8497
119.6139
118.2096
118.3259
115.7948
115.4542
115.9085
115.5676
111.9964
111.9964
113.6556
110.1470
104.7872
109.9315
107.9064
105.1977
107.3800
105.7131
102.6589
106.2311
102.2586
101.6609
101.7603
99.4024
98.8215
98.0522
97.6698
97.0042
96.9094
97.0990
94.2013
94.4780
93.8336
93.7419
91.6564
91.0305
91.5667
89.0026
89.6153
88.5675
88.6544
88.2208
86.9320
85.5766
83.4155
83.3333
84.4897
83.0874
81.4648
80.5049
80.8237
79.6339
79.2408
78.6153
79.4764
78.3042
77.4543
74.6539
75.1020
74.5795
73.5437
73.3233
72.5201
71.3650
72.0851
70.7932
70.2960
69.5206
70.4378
68.4744
67.8529
67.2359
66.0155
66.4880
65.9483
65.6797
65.4120
63.7583
62.2016
62.2016
61.2436
61.8170
61.2436
60.2968
59.2991
59.3611
58.6818
57.5220
56.4388
57.0388
56.3791
56.2001
55.1350
54.0843
54.7832
54.4329
53.5642
51.6871
51.2948
53.1622
51.5748
50.0750
50.5163
48.3891
48.4429
48.2280
48.1743
46.5307
46.6882
48.1208
47.2684
45.9562
45.2315
44.7182
44.0058
44.8718
44.0058
43.2501
43.3003
41.9590
40.4496
41.9590
40.6426
39.0192
40.2092
40.0653
40.0174
39.0192
38.1749
38.1748
37.1567
37.8493
37.1567
36.1987
36.1082
35.8824
34.6758
35.2540
34.7644
34.2343
33.0134
33.6647
33.2732
32.9271
32.4541
33.3600
31.5182
31.7722
31.3495
31.1392
30.2632
30.3046
30.3461
29.6856
28.1435
28.5054
28.7478
27.9833
28.4651
28.2639
27.0305
26.5985
27.1093
26.1694
25.5890
25.8979
25.5505
24.9757
24.7473
24.6334
23.8044
24.7473
23.7670
23.7670
23.9919
23.0973
24.2552
22.7652
22.6916
23.0603
18.0920
21.3824
21.4184
21.6709
20.9522
20.1713
20.7738
20.6315
20.1713
19.8197
19.6097
19.8197
19.0879
18.1601
19.1919
18.5707
18.2967
17.7524
18.2967
18.1601
17.5496
17.0791
17.2467
17.3811
16.8452
16.5128
16.3142
17.1125
16.0505
16.0834
15.4615
15.3639
14.4291
14.4610
14.6854
14.3013
14.3971
14.4610
14.6533
13.7931
13.7615
14.3013
14.0149
13.4149
12.7901
12.4803
13.2268
13.3521
12.1722
12.5731
12.6660
12.6041
11.8964
11.5307
11.8352
11.8352
11.4396
11.3487
11.4699
10.6268
11.0769
10.5372
11.0166
10.4179
11.3184
10.0027
10.6566
10.0914
10.3584
9.7374
9.4441
9.5612
10.2099
9.2397
9.4149
9.5905
9.2106
9.2980
9.1524
9.3564
8.9781
8.6312
9.7668
8.6888
8.6888
8.1720
8.4298
8.1720
8.2865
8.1435
8.1720
7.0970
8.1435
7.6884
7.9439
7.7451
7.4906
8.4585
7.4342
7.2372
7.7451
6.7341
7.1811
7.2653
