148.8399
149.7505
153.6175
154.4053
152.9907
155.8357
158.2560
157.9306
161.0548
161.5550
161.7222
163.2363
163.9149
167.8858
166.6647
170.0054
170.1835
171.2574
172.1588
171.6172
172.1588
178.4509
171.9780
171.6172
180.1655
179.9739
178.8301
183.4624
183.8553
182.4846
184.2494
186.0363
179.7826
186.4365
186.4364
187.6437
188.0484
187.4418
188.0484
191.1200
190.9132
194.2579
192.7852
191.9502
191.3271
196.8174
194.4695
196.8174
194.0466
196.6024
198.7664
198.5485
197.4642
198.3310
196.6024
202.9661
201.4052
201.8495
201.1834
203.6400
204.5434
202.5185
202.5184
202.0722
207.2856
204.3170
204.3170
205.2243
202.7421
204.3170
193.6249
202.5185
204.9970
205.2243
208.2108
208.2108
209.6089
205.6800
209.1415
207.9790
207.5164
206.3660
208.6754
210.0778
208.4429
214.1213
209.6089
211.0198
211.7301
207.5164
211.7301
209.3750
208.2107
210.5480
209.8432
206.5955
212.2054
210.5480
211.0198
215.0881
211.7301
211.4929
211.4929
210.5481
212.6822
209.1414
209.8432
212.2054
212.9211
211.9675
212.6822
208.9083
213.1605
212.2054
209.6089
214.8459
211.7301
211.9676
214.3625
213.4001
213.6402
212.2054
212.2054
211.4929
210.7837
211.9675
213.6401
211.9675
210.3128
213.1604
217.2853
213.1605
213.8806
211.9675
212.6822
212.6822
213.6402
214.6040
212.4436
216.5496
212.6822
214.8459
211.9676
215.0881
216.3051
214.8459
212.9212
211.2562
213.4001
217.5314
214.8459
211.9675
215.5738
211.7301
213.8806
215.5738
212.4436
216.3051
215.5738
215.0881
214.3625
216.3051
214.8459
213.8806
213.4002
214.3625
213.4001
214.8459
213.1605
215.3308
215.5738
212.6822
214.3625
216.0609
213.8806
215.5738
214.6040
214.8459
215.5738
217.5314
216.3051
215.8172
212.4436
214.8459
212.6822
214.1214
213.8806
213.8806
213.1604
215.3308
213.6402
216.5496
215.3308
213.8806
215.5738
211.7301
212.2054
212.6822
215.3308
215.3308
215.0882
216.0609
214.3625
216.7945
216.5496
214.3625
215.5738
215.0882
216.7945
215.3308
215.5738
215.0882
213.4002
218.7673
215.0881
213.8806
214.8459
215.3308
217.0397
215.5738
216.0609
215.8172
217.0397
214.6040
212.9212
216.0609
214.1214
215.3308
216.5495
215.3308
215.3308
217.7778
213.1605
215.5738
214.8459
215.5738
216.5496
221.0162
215.8172
218.2718
215.8172
215.3308
217.2854
215.3308
214.8459
216.5496
215.8172
215.8172
217.0397
216.0609
216.5496
215.0882
216.7945
217.0397
215.5738
216.3051
216.0609
215.8172
216.3050
215.8172
214.3625
213.4001
214.3625
213.8806
218.5193
215.8172
217.5314
213.6402
216.0609
213.6402
215.5738
217.5314
215.3308
215.5738
215.5738
215.5738
218.5193
215.5738
215.5738
216.0609
213.6402
218.0246
214.6040
215.3308
217.7778
213.8806
214.8459
214.1214
219.5134
216.5496
215.0882
217.7778
216.0609
215.3308
212.9211
216.0609
218.5193
215.3308
220.0128
213.6402
215.0881
216.7945
218.2718
213.4001
218.2718
216.0609
215.5738
215.8172
216.7945
217.2854
215.8172
215.0881
216.5496
217.0397
215.8172
207.7475
215.5738
213.8806
215.8172
215.5738
217.7778
215.8172
215.8172
216.3051
215.5738
214.1214
216.7945
214.1214
212.2054
220.0128
218.7673
218.7673
217.0397
218.5193
218.2718
217.2854
215.8172
215.0882
223.5527
219.0156
218.0246
215.3308
216.5496
216.3051
214.6040
219.0156
216.3051
215.8172
215.8172
220.7648
215.5738
215.8172
215.0881
220.0128
218.0246
214.1214
216.0609
215.3308
216.3051
217.2854
217.2854
214.8459
215.8172
217.5314
217.5314
217.2854
218.2718
216.3051
217.2854
217.2854
217.0397
219.5134
213.8806
215.5738
216.5495
213.4001
216.3051
220.2631
216.3051
217.0397
215.3308
218.5193
218.7673
220.2631
216.0609
221.0163
216.0609
216.0609
221.2681
215.0881
215.3308
215.5738
216.0609
216.7945
219.7629
218.7673
217.5314
218.5193
215.5738
214.8459
217.5314
217.5314
216.3051
215.5738
217.7778
216.7945
216.7945
218.5193
220.5137
216.7945
216.7945
215.8172
218.0246
216.0609
214.1214
218.7672
215.8172
215.0882
216.5495
215.5738
216.5495
219.5134
216.0609
216.3051
215.8172
217.0397
216.3051
218.7672
216.3051
215.3308
215.0881
217.2854
216.5495
218.7673
216.0609
214.8459
217.2853
216.3051
217.7778
216.5496
218.0246
216.5496
217.0397
217.0397
218.5193
218.2718
216.0609
217.2854
215.5738
215.5738
217.0397
215.0881
217.0397
215.8172
216.3051
217.0397
215.3308
215.8172
217.5314
217.5314
216.7945
209.8432
216.0609
218.2718
215.3308
213.8806
211.7301
217.5314
215.3308
216.0609
219.5134
215.8172
220.0128
217.7778
213.8806
214.1214
215.8172
216.5496
216.3051
219.0156
216.7944
218.5193
217.0397
215.8172
217.0397
216.5496
216.5495
214.6040
215.0881
215.8172
211.7301
214.3625
215.5738
218.0246
217.5314
213.8806
215.0881
217.7778
214.1214
215.3308
218.5193
216.5496
213.4001
217.2854
219.2643
214.6040
216.7945
217.0397
217.0397
217.0397
220.0128
217.0397
217.2854
214.3625
215.5738
215.3308
217.7778
217.0397
216.0609
211.9676
217.0397
217.5314
216.3051
214.1214
217.0397
217.0397
215.3308
216.5496
216.5495
215.3308
215.8172
214.1214
216.0609
215.3308
217.5314
213.8806
216.7945
218.5193
211.2562
214.8459
216.3051
216.3051
215.5738
215.8172
216.7945
216.3051
215.8172
214.8459
214.1213
215.0881
217.0397
217.2854
216.5495
215.0882
215.5738
216.5496
215.8172
214.1214
215.0881
215.3308
216.0609
212.2054
216.0609
216.7945
217.2854
216.0609
215.5738
214.6040
215.8172
214.1214
212.6822
215.0882
215.3308
216.7945
215.0881
216.0609
217.0397
215.8172
215.0881
215.0881
213.8806
213.1604
216.3051
214.1214
214.6040
218.0246
213.8806
215.8172
212.2054
215.3308
215.3308
216.0609
215.0882
215.8172
215.3308
216.5496
213.4001
205.2243
217.0397
217.0397
215.8172
213.6402
215.5738
215.8172
216.7945
215.5738
216.5496
215.8172
217.2854
214.3625
212.6822
215.8172
215.0882
212.6822
212.6822
213.4001
211.9676
215.8172
215.8172
212.4437
214.6040
214.8459
215.5738
213.6402
214.3625
213.8806
218.2718
214.3625
217.0397
212.4436
212.9211
216.0609
212.4436
213.6401
211.0198
216.3051
214.8459
213.1604
211.7301
215.0882
215.3308
214.3625
210.0778
213.4001
220.2631
213.4001
213.6402
216.3051
213.8806
213.8806
217.5314
214.1214
212.4436
212.6822
214.3625
213.4001
212.4436
212.2054
214.1214
211.9676
212.4436
212.2054
212.4436
211.2562
212.4436
211.0198
212.6822
211.4929
213.1604
213.1604
212.2054
211.0198
212.2054
212.6822
209.1414
209.8432
210.0778
210.5480
211.2562
211.0198
210.7837
210.5480
211.7301
212.9211
211.4929
208.2108
209.3750
211.9676
209.8432
211.0198
211.4930
208.4429
211.2562
208.4429
208.6754
209.6089
208.6754
209.1415
208.9082
208.2108
208.6754
207.9789
207.7475
207.2856
208.4429
211.0198
208.4429
207.0552
208.4429
208.6754
207.5164
207.0552
207.9790
207.0552
206.3661
207.2856
206.5955
209.6089
206.8252
207.2856
205.9083
207.5164
202.5184
205.9084
203.1904
204.5434
206.5955
205.4520
206.3660
201.1834
202.9661
200.7411
200.5204
201.1835
198.1138
196.3877
200.5204
199.4217
196.8174
195.5321
196.3877
190.2945
195.5321
194.4695
194.4695
195.5321
193.8356
191.3271
189.8835
191.9502
190.5004
190.0889
188.2511
186.8378
187.2402
187.6437
187.4418
187.6437
185.0408
182.6796
186.8377
182.6797
183.8553
181.1271
183.2663
180.9343
181.5137
179.9739
182.6797
177.5074
172.3398
176.7572
171.9780
171.9780
171.9780
170.3619
171.2573
168.4126
170.0054
168.5886
165.1109
164.0851
163.4056
164.4262
163.0672
161.8895
163.5752
160.5565
158.0932
158.4189
158.2560
157.7682
154.8803
155.9957
155.5165
152.6785
152.5227
150.9750
150.2083
149.2944
148.3871
148.2365
145.7045
144.2390
142.3599
143.2235
140.9339
142.3599
142.3599
139.3846
138.4090
136.8919
136.4815
134.3165
133.6480
131.9277
131.6653
131.6653
129.3300
127.6725
129.3300
126.2886
126.2886
126.0388
123.5706
121.3949
121.7545
119.1438
118.6757
116.4792
117.6297
117.9772
119.9678
122.3566
124.3054
127.4196
127.9259
129.2016
131.4035
134.9888
134.9888
136.7550
137.5791
140.7922
142.7909
144.8231
144.6768
146.2956
147.4864
154.0896
150.6678
154.7218
154.4053
154.8803
157.9306
157.6061
159.0729
160.5565
163.4057
164.5970
166.1448
167.1867
166.6647
166.3179
168.4126
170.0054
168.4126
170.7194
171.2573
178.2617
176.7572
180.9343
178.8301
179.7826
180.1655
181.7073
184.2494
182.2899
183.2662
187.4418
187.2401
187.8459
187.4418
189.4737
190.9132
191.3271
191.7422
192.7852
192.1585
192.5760
192.9946
193.8356
193.2044
198.1139
195.7456
198.3310
199.6408
199.2029
198.3310
200.9621
202.2952
201.1835
200.5204
203.6400
202.9661
200.7411
202.0722
210.3128
207.9790
203.1904
203.6400
204.3170
209.3750
204.7700
206.1371
207.5164
206.1371
204.7700
206.1370
204.9970
208.2108
205.4520
207.7475
209.8432
206.8252
208.4429
207.9789
207.9790
211.7301
211.2562
208.9082
210.3128
211.9676
208.9083
209.1415
212.4436
210.7837
208.6754
209.3750
212.6822
210.3127
213.1604
211.7301
215.0881
209.3750
210.3127
210.7838
213.8806
212.2054
212.9211
210.0778
210.0778
214.1214
210.3127
211.0198
213.4002
211.7301
214.6040
213.8806
210.3127
213.8806
211.2562
211.9676
216.3051
213.6402
212.6822
210.7837
215.0882
213.1604
216.3051
213.4001
214.3625
214.1214
213.4002
212.9212
214.6040
213.6402
215.8172
214.8459
214.1214
215.5738
219.2643
215.8172
215.0881
213.1605
214.3625
215.3308
216.0609
215.3308
213.4001
215.5738
214.1214
213.1604
214.6040
217.0397
217.2854
214.8459
215.8172
212.4437
215.0882
217.0397
215.8172
213.6402
216.3051
207.5164
212.4436
214.3625
212.6822
215.5738
216.5496
211.9676
216.5496
216.5495
215.8172
216.5496
212.2054
215.8172
212.9212
216.0609
215.3308
223.5527
215.8172
216.3051
219.0156
216.3051
215.8172
223.5526
214.8459
214.6040
212.2054
217.7778
218.0246
214.8459
220.0128
215.8172
216.7945
216.0609
218.0246
219.7629
213.4001
220.7648
218.0246
214.1214
221.0163
216.0609
216.3050
216.0609
213.6402
214.6040
214.8459
215.0882
219.7629
218.7673
219.5134
219.2643
214.6040
218.5193
215.5738
220.0128
217.7778
216.3051
215.0882
215.3308
216.5496
218.5193
214.3625
215.3308
214.8459
215.3308
216.3050
215.3308
215.8172
215.5738
215.3308
215.0882
216.5495
219.5134
211.7301
215.5738
215.0881
216.3051
223.2973
220.7648
218.5193
215.8172
217.5314
218.2718
221.2681
215.0882
214.6040
214.6040
215.8172
219.0156
217.7778
216.0609
212.2054
215.8172
218.5193
220.2631
220.5137
216.0609
220.7648
215.8172
217.2854
216.5496
217.5314
217.5314
219.5134
217.5314
214.8459
217.2854
210.7837
219.5134
216.7945
217.0397
215.8172
216.5496
217.0397
215.5738
218.0246
217.7778
215.5738
215.3308
218.5193
217.5314
218.0246
215.8172
220.5137
215.3308
218.5193
216.3050
218.7673
218.0246
217.2854
216.7944
218.0246
217.7778
219.0156
216.3050
217.0397
219.5134
214.8459
219.2643
217.2854
218.0246
217.5314
218.7673
214.1214
217.0397
219.5134
216.5495
217.0397
215.0881
218.2718
217.7778
217.0397
211.0198
217.5314
217.2853
215.3308
218.5193
217.0397
220.5137
218.0246
217.7778
217.7778
218.7672
218.0246
220.0128
220.0128
218.0246
218.2718
216.5496
218.5193
218.0246
217.2853
219.0155
218.7673
220.7648
220.5137
218.0246
217.0397
220.2630
214.8459
218.0246
217.0397
217.0397
218.0246
219.7629
227.6953
217.0397
217.2853
215.3308
219.5134
220.7648
217.7778
217.7778
219.5134
219.5134
217.2854
218.5193
215.8172
216.5496
218.2718
219.5134
219.2643
216.5495
219.2643
219.0156
218.5193
220.7648
216.5495
220.2631
216.3050
220.7648
217.7778
219.0155
220.2631
220.2630
221.0163
219.5134
216.0609
206.1371
220.0128
219.7629
218.7672
223.5527
219.2643
219.7629
223.0421
220.2631
224.5785
219.2643
218.5193
221.0163
219.5134
219.5134
221.5203
221.5203
222.0260
221.2681
219.5134
220.2630
218.2718
224.0648
221.2681
218.7672
219.0156
223.8085
218.0246
220.0128
220.0128
220.5137
221.5203
221.7730
219.2643
218.2718
221.7730
219.0155
222.5333
220.5137
219.7629
218.2717
224.0648
219.0155
221.7730
217.0397
218.5193
219.7629
219.7629
221.5203
220.0128
220.2630
219.0155
217.7778
220.5137
220.0128
217.5314
220.2631
224.3215
220.7648
218.0246
222.2794
220.7648
219.5134
222.5333
220.2630
221.2681
219.0155
214.6040
221.0163
222.5333
220.0128
216.5495
221.5203
217.5314
222.5333
221.2681
219.0155
216.3051
218.2717
220.0128
222.2794
219.5134
220.2631
221.5203
219.5134
221.0162
215.0882
220.0128
226.6498
221.2681
216.5496
218.2718
220.0128
220.2631
222.7876
215.8172
219.2643
215.3308
218.0246
219.0155
220.0128
219.7629
217.5314
222.5333
218.5193
219.5134
223.0422
222.0260
219.0156
214.8459
218.0246
221.0163
218.5193
215.0881
217.0397
221.2681
219.5134
216.5495
221.5203
217.7778
220.7648
217.5314
216.7944
218.0246
220.0128
219.2643
220.5137
220.0128
222.0260
218.7672
218.7673
221.0163
220.7648
216.7944
217.0397
217.7778
213.4002
221.7730
216.3050
219.2643
218.7673
219.0155
215.8172
219.5134
219.0156
219.5134
219.5134
215.3308
211.7301
219.7629
216.3050
218.5193
216.3051
220.7648
215.3308
218.7672
219.5134
218.7672
221.0163
213.6402
214.6040
217.7778
217.7778
216.3050
220.2630
217.5314
219.5134
223.8085
218.0246
215.8172
219.0155
219.5134
216.5495
218.7673
217.2853
220.2630
214.6040
215.5738
215.5738
216.3051
217.0397
218.2718
215.0881
219.0156
221.2681
218.5193
219.5134
217.0397
216.7944
214.6040
216.5496
217.2854
215.0881
218.5193
218.2718
216.5495
211.0198
218.7673
223.0421
218.0246
219.0156
218.2718
216.0609
219.2643
217.2854
219.2643
216.3051
216.7944
216.5496
215.3308
218.0246
219.0156
218.7673
219.7629
216.7944
218.7673
215.0881
218.5193
216.0609
215.3308
214.8459
217.0397
218.0246
214.8459
215.8172
218.7673
215.3308
219.7629
216.5496
214.6040
217.7778
216.5495
216.3051
216.0609
219.0156
215.5738
213.6402
215.8172
220.2631
217.5314
214.6040
216.0609
218.7673
216.5496
214.8459
216.5496
216.3051
216.5495
215.5738
212.2054
214.8459
217.5314
214.1214
215.8172
214.6040
218.5193
217.5314
212.2054
213.8806
214.8459
215.5738
215.3308
216.0609
215.0881
216.3051
215.3308
215.3308
212.9212
213.6402
214.3625
214.3625
216.0609
216.7944
216.0609
213.6402
215.8172
215.3308
212.4436
215.8172
212.2054
212.6822
212.2054
214.8459
212.2054
212.2054
216.3051
211.9676
214.8459
211.9676
211.9675
220.0128
211.0198
211.2562
212.2054
209.1414
210.3128
209.8432
209.8431
211.9675
211.0198
208.6754
211.2562
210.0778
210.3127
211.0198
209.6089
211.0198
211.2562
209.6089
211.7301
211.9676
208.4429
208.4429
208.9083
208.4429
208.6754
209.3750
206.1370
209.6089
205.4520
207.0552
208.2108
206.5955
208.6754
206.5954
206.1370
198.9845
205.6800
203.1904
204.7700
204.3170
201.6272
203.1904
205.9083
200.0799
201.4052
197.6804
200.3000
198.9845
197.4642
198.9845
196.6024
196.8174
195.9593
196.1734
196.3877
193.2044
195.9592
193.4145
194.2579
192.1585
190.2945
192.5760
190.0889
188.8611
186.4364
188.6575
185.8366
187.0388
184.8425
183.6587
184.8425
184.8425
188.0484
181.1271
183.8553
181.3203
182.8749
179.9739
178.8300
180.1655
181.3203
171.6172
170.8985
172.7025
171.4371
172.1588
172.1588
171.4371
170.7194
170.8985
168.5887
169.2951
169.6498
165.2827
164.4262
163.0672
167.3611
164.9394
164.0851
161.2213
160.2253
158.5821
157.9306
155.6760
156.1558
157.7682
152.6785
152.9907
151.4373
151.4374
149.5983
149.2944
149.7505
148.8399
146.4438
144.6768
143.0791
142.0733
143.3681
143.5128
140.0863
139.1051
138.2703
136.0725
136.2087
134.7194
134.0486
132.8508
131.1422
130.2325
128.8174
127.9259
127.7991
126.1636
125.4166
126.9155
124.6746
123.0834
121.9950
121.1557
120.0860
118.0933
118.6757
117.1681
115.0017
113.8787
115.0017
112.6570
112.9888
111.2309
111.3400
112.7675
112.2161
116.1365
116.8231
117.7454
119.9678
121.6345
123.4486
125.9140
126.2886
128.5620
130.3621
132.7185
132.8508
135.3940
137.3038
139.8052
141.3599
141.0757
143.9480
144.9695
146.5922
145.5571
147.4864
150.2083
153.1471
152.2116
154.2473
153.3037
155.6760
148.9912
159.0729
164.0851
164.2555
162.8983
165.6269
165.6269
167.3611
170.5405
168.4126
171.6172
171.2573
172.1588
173.0662
179.7827
177.8840
177.8840
176.5703
179.0201
180.1655
183.8553
184.6445
183.8553
185.4382
187.6437
187.2402
188.2511
186.8378
189.6785
191.3271
194.2579
193.8356
190.2945
195.9593
193.8356
191.3271
195.5321
196.1734
193.4145
196.1734
199.6408
195.1061
197.6804
200.7411
200.0800
199.2029
199.8602
200.5204
201.1835
203.4151
201.1834
202.5184
203.6400
208.2108
204.7700
203.8654
206.1371
205.6800
210.0778
207.7475
205.4520
205.9084
207.9790
207.5164
207.7475
205.4520
208.2108
209.1415
208.2107
208.6754
214.6040
210.7838
208.9083
212.2054
207.9789
207.5164
197.0327
211.4929
211.7301
211.7301
210.3127
199.8602
209.6089
211.2562
214.1214
211.9675
212.6822
212.4436
212.2054
211.4930
214.6040
209.3750
214.1214
213.4001
212.9212
216.0609
211.7301
215.5738
211.0198
211.4929
214.8459
210.0778
211.9676
213.4001
212.9211
212.4436
219.0156
214.1214
214.6040
216.0609
213.6402
215.5738
214.8459
215.5738
216.0609
215.0882
216.0609
214.6040
215.8172
211.7301
213.8806
213.6402
215.0882
216.0609
215.8172
213.8806
214.6040
219.5134
214.3625
218.7673
217.2854
213.1605
215.8172
217.2854
215.5738
216.0609
216.7945
215.0881
216.7944
216.5496
216.5495
215.8172
216.3051
218.7672
215.8172
216.7945
215.0881
217.5314
215.3308
217.5314
216.5496
216.5496
214.8459
219.7629
219.7629
221.2681
216.7944
216.5496
215.0881
220.2630
217.7778
216.7945
217.5314
216.3051
216.5495
216.3050
218.5193
215.0881
218.2717
216.5496
217.5314
216.5495
217.5314
219.0156
218.0246
218.0246
216.0609
217.2853
221.7729
218.5193
217.0397
217.5314
218.7672
221.2681
218.7673
218.7673
217.5314
220.2631
216.5495
218.7672
220.5137
217.0397
219.2643
220.2631
217.7778
217.7778
221.0163
224.0648
218.2718
218.7672
220.2631
217.7778
216.0609
218.7672
216.7944
210.7838
222.0260
220.5137
220.7648
217.5314
217.7778
220.0128
218.5193
223.0421
218.7673
216.3051
220.2630
218.2717
218.7672
217.7778
216.5495
217.2853
218.7673
221.5203
218.7672
219.2643
219.7629
215.3308
219.5134
222.2794
219.2643
217.2853
219.2643
218.7672
219.0155
220.7648
220.5137
218.2717
217.2854
220.2631
219.0155
218.5193
216.7944
222.0260
220.2631
216.7944
218.0246
218.7673
218.5193
219.7629
220.2631
219.2643
221.0163
221.7729
220.0128
219.7629
218.0246
220.2631
220.7648
219.2643
219.7629
220.7648
217.5314
219.5134
220.7648
217.7778
217.2854
224.3215
217.5314
218.7672
217.0397
221.5203
223.0421
221.2681
219.0155
220.7648
220.5137
217.7778
218.7673
217.0397
217.2854
219.7629
220.0128
219.0155
222.0260
221.7729
221.0162
219.5134
219.7629
225.3521
219.5134
224.5785
219.2643
217.7778
220.0128
218.5193
219.5134
221.7730
221.5203
218.5193
217.5314
220.2630
218.0246
219.0155
218.2717
218.7672
220.5137
218.0246
220.2630
219.7629
222.7876
215.8172
220.0128
218.5193
218.5193
216.7944
220.0128
220.2631
223.2973
220.0128
221.7730
219.7629
224.5785
220.7648
220.7648
219.7629
220.0128
218.5193
219.0155
221.2681
219.5134
219.0156
221.5203
219.0156
220.7648
219.0156
220.5137
221.7729
220.0128
221.5203
223.0421
221.7729
221.5203
222.7876
217.5314
219.5134
219.2643
221.0163
224.5785
220.7648
214.8459
218.0246
219.5134
222.2794
220.2631
220.0128
212.2054
221.5203
218.0246
219.0156
225.3522
219.0156
223.2972
222.7875
215.5738
218.2717
216.5495
219.7629
216.5495
220.2630
220.2630
216.5496
219.7629
221.5203
220.2630
220.0128
221.0162
225.3522
218.2717
222.0260
220.0128
222.7875
224.3215
221.7730
221.5203
219.0156
222.0260
217.7778
223.2972
220.7648
222.5333
219.7629
220.0128
219.2643
218.5193
221.5203
222.2794
221.2681
222.0260
221.7730
218.2717
221.0163
219.2643
224.0648
221.0163
221.7730
220.7648
221.0163
218.0246
218.5193
218.5193
220.5137
221.7729
220.5137
223.8085
222.2794
222.7876
220.5137
219.2643
220.2631
219.5134
220.0128
218.0246
219.7629
223.8085
215.5738
219.7629
224.3215
220.2630
226.9105
220.0128
224.5785
221.7730
222.2795
220.2630
218.5193
218.7672
220.7648
220.2631
219.7629
220.7648
221.0163
218.7672
223.5527
223.0422
222.5333
221.5203
217.7778
220.7648
218.5193
215.8172
216.7944
221.7729
222.7876
219.7629
221.0162
221.2681
224.8360
222.5333
217.7778
221.0163
220.2631
221.0163
219.0155
215.5738
219.7629
218.0246
214.8459
222.5333
220.7648
219.0155
220.0128
218.5193
222.5333
219.5134
220.5137
218.5193
221.2681
221.7729
221.5203
220.0128
219.2643
219.5134
217.7778
216.0609
217.2853
216.0609
217.2853
218.0246
216.3050
218.2718
216.3051
217.5314
217.5314
221.0162
217.0397
220.5137
223.5527
217.5314
221.0162
221.5203
217.5314
220.2630
216.0609
218.5193
220.2631
222.2794
221.0163
219.7629
220.7648
219.0156
216.7944
218.5193
224.3215
217.5314
220.5137
221.5203
220.7648
220.7648
221.5203
218.5193
218.7672
220.0128
220.7648
217.7778
218.5193
223.0421
225.8700
219.7629
217.5314
219.5134
218.5193
219.0155
218.5193
220.2631
220.0128
222.5333
217.2853
219.0156
218.7672
221.5203
220.0128
218.7673
217.7778
215.8172
218.7673
220.7648
221.5203
218.5193
218.0246
220.7648
219.0156
217.2853
221.7729
220.5137
218.5193
220.2631
216.0609
217.2853
218.5193
219.5134
216.5495
217.2854
217.2853
216.5495
219.7629
218.0246
219.5134
219.2643
215.5738
220.0128
216.0609
221.7730
219.5134
215.8172
218.5193
220.2631
218.7673
220.0128
216.0609
218.2718
219.0156
217.5314
215.5738
218.7673
218.7672
217.0397
217.0397
217.5314
217.0397
215.0881
218.2718
217.0397
219.0155
218.7673
221.7730
216.0609
218.7673
219.5134
215.8172
217.0397
215.3308
217.5314
215.8172
216.5496
216.5496
216.5495
212.9212
217.0397
220.0128
217.0397
213.8806
216.3051
215.8172
215.3308
218.5193
216.7945
219.2643
214.3625
214.6040
217.0397
216.0609
214.8459
221.2681
214.8459
215.3308
215.3308
214.6040
219.0155
213.8806
213.6402
214.3625
215.3308
216.5495
215.5738
218.2718
213.8806
211.2562
216.3051
215.3308
209.8431
215.0882
216.0609
213.8806
214.6040
214.3625
214.1214
211.2562
212.9212
212.2054
210.7837
210.7837
213.8806
210.3127
214.8459
210.7837
211.7301
208.4429
211.9676
214.6040
212.6822
212.9211
211.9676
209.6089
209.6089
212.2054
211.2562
208.6754
211.0198
212.6822
208.6754
209.6089
207.5164
208.2108
207.9789
207.5164
207.9790
208.4429
208.2108
208.2108
206.3660
207.7475
208.9083
208.9083
205.4520
204.0910
204.5434
209.1414
207.0552
206.5955
201.6272
200.7411
204.7700
199.6408
201.1835
201.8495
198.5485
197.4642
199.4217
198.9845
198.9845
198.1138
196.1734
197.8970
195.1062
195.1062
195.7455
194.8936
192.9946
193.2044
192.9947
192.1585
189.0650
187.2402
188.4541
188.0484
187.6437
185.0408
188.2511
188.6575
186.8378
184.2494
184.2494
185.8366
181.7073
181.7073
181.7073
182.2899
180.7417
178.8301
177.6956
178.2617
176.1972
177.5074
172.8842
171.9780
172.1588
171.9780
170.0054
170.0054
170.0054
172.1588
167.3611
169.4724
165.4547
164.7681
164.9394
161.0548
161.0548
161.5550
160.8885
159.4011
158.5821
156.6374
157.6061
153.6175
154.2473
153.1471
150.3613
152.0564
150.9750
149.5983
147.7859
147.7859
144.6768
142.6470
143.3681
140.2272
141.5023
140.0863
140.5094
138.1317
140.3682
138.8262
136.2087
134.7194
135.5294
134.0486
132.0592
130.3621
129.7159
129.3300
129.0734
126.7899
125.5408
124.4283
128.1799
122.5983
121.9950
123.0834
119.0265
118.7925
116.7084
117.0530
115.3408
115.0017
114.7761
112.2161
111.9964
114.7761
110.1469
109.6091
108.6479
108.3295
109.2877
107.8009
