181.5137
182.4846
188.4542
187.0388
189.2692
192.1585
195.9593
199.6408
198.9845
202.5185
203.8654
207.7475
206.1370
207.0552
212.6822
212.9211
213.6402
215.5738
216.7945
220.2631
219.5134
223.8085
225.0938
228.4839
227.9577
230.0726
235.7559
235.7558
241.3534
239.0922
240.2190
243.3569
244.2229
244.5124
244.8025
249.8098
251.3103
256.1996
251.3102
256.8204
259.6408
260.5908
260.9086
261.8654
263.4713
266.3983
270.7103
269.0398
267.3843
268.7076
272.3959
277.1982
275.1249
278.9433
281.0591
281.7696
280.3512
281.0591
281.7696
284.2774
285.7253
288.2855
288.6541
293.8877
292.3781
293.5092
294.2670
298.4873
295.0276
293.8878
300.8275
302.0081
304.3900
308.0163
302.4031
307.6102
308.8310
306.8004
314.2068
312.1226
310.4702
318.4395
307.6101
322.3233
324.9529
319.2963
321.8882
329.8597
320.5882
327.1693
331.6724
324.5123
333.5002
329.4089
333.0418
330.7640
329.8598
333.5002
335.3437
340.0215
343.8369
341.4445
332.1279
346.2552
317.5860
346.7420
342.8768
345.7694
345.7694
344.3183
350.1798
348.2089
350.6754
354.6786
351.6696
355.1840
352.1683
357.7279
355.1839
348.7000
354.6785
359.7837
361.8579
365.5333
358.7534
364.4772
363.4259
376.3642
364.4772
359.7836
367.6599
374.7076
370.3457
369.2676
368.7305
373.6096
372.5166
367.1263
373.0625
373.0625
374.1579
366.5941
373.6096
380.2751
376.3642
380.2751
377.4752
373.0625
375.8107
382.5389
389.4599
384.8240
383.1081
374.7076
382.5389
388.8756
387.7111
396.5826
386.5521
389.4599
388.8756
391.2213
388.8756
395.9812
391.2213
393.5897
395.3812
391.8114
393.5897
393.5899
395.3812
399.6119
397.7899
399.0031
402.0620
403.2961
394.7826
405.1586
395.9812
400.8340
397.7899
415.3300
408.9256
385.3987
402.6783
401.4472
402.0620
398.3958
407.6637
405.1587
402.6783
400.8339
397.7899
402.0620
402.6783
410.8300
403.2961
401.4472
402.6783
406.4081
402.6783
412.7490
406.4081
409.5588
410.8301
407.0352
405.7827
402.0620
415.3300
399.0030
405.7827
412.1078
409.5587
400.2221
405.7827
410.1937
410.1937
412.1078
407.6637
407.6637
409.5588
412.7490
413.3917
418.5933
403.9154
412.1078
400.8340
410.8301
403.2961
414.6823
424.5721
411.4681
415.9792
419.2508
415.3300
415.9793
419.9101
421.8979
399.0030
415.9793
410.1936
419.2508
414.0362
410.8301
411.4681
409.5587
415.9793
409.5587
423.2316
408.9255
417.9373
448.4599
407.6637
415.9793
418.5933
416.6303
415.3299
414.6823
419.2508
415.3300
416.6303
421.2335
412.1078
421.8979
424.5721
420.5710
416.6304
410.8301
413.3918
435.5487
419.2509
422.5639
417.2829
417.2829
417.9373
410.8300
426.5958
420.5709
418.5933
417.2829
417.9373
416.6304
415.3300
423.2316
424.5721
417.2829
418.5931
417.9373
415.3300
413.3917
420.5709
417.9373
418.5933
419.2508
414.6823
421.2336
414.6823
414.0362
421.2336
425.2450
418.5933
427.9536
419.2509
417.2829
419.2508
430.6904
425.2450
420.5710
419.2507
416.6304
425.2449
421.8979
417.9373
418.5931
422.5639
400.2221
423.2316
406.4081
440.4967
415.9793
431.3791
424.5720
415.3301
425.9195
430.6904
421.2335
423.2316
427.9536
424.5721
421.2336
419.9100
419.9100
412.1077
436.2500
411.4680
423.9010
417.2829
426.5957
418.5932
421.2336
409.5588
421.8979
441.2111
421.8979
410.1936
408.9255
418.5931
423.2316
434.8492
429.3184
423.9010
421.8979
421.8979
435.5487
423.9010
423.2316
424.5720
423.9010
410.8300
421.8979
431.3791
417.9373
419.9100
429.3185
418.5932
423.2316
418.5933
434.1516
426.5958
422.5639
444.0874
432.7617
431.3791
440.4967
430.6904
428.6352
433.4557
422.5639
423.9010
421.8979
428.6352
424.5721
422.5639
423.2316
435.5487
425.9195
421.2335
414.0362
423.9010
432.0695
423.2316
419.9100
426.5958
424.5721
426.5958
428.6352
432.7617
430.0036
431.3791
422.5639
420.5710
430.6903
423.9010
422.5637
423.9010
422.5639
423.9010
421.2335
426.5958
425.9195
414.6823
422.5638
422.5639
432.0695
452.9030
429.3185
430.6904
433.4557
427.2739
426.5958
432.7617
413.3917
430.6904
432.0695
438.3650
425.9194
430.6904
431.3791
430.6904
436.2500
431.3791
432.7617
425.2450
421.8978
429.3185
427.9536
419.9100
425.9195
427.9536
429.3185
427.9536
425.9194
435.5487
400.2222
425.2450
432.0695
421.8978
420.5710
423.9010
417.2830
429.3185
430.6904
430.0035
458.9404
427.9536
432.0695
437.6581
427.9536
424.5721
432.7617
430.6904
429.3185
421.8979
411.4680
436.2500
427.9536
432.7616
436.2501
434.8492
422.5638
426.5958
433.4557
432.0694
432.7616
446.9945
416.6303
455.9052
441.9272
429.3185
436.2500
439.7842
428.6352
428.6352
444.0875
430.6904
430.0036
425.9195
429.3184
430.6903
439.0737
434.8492
436.9532
426.5958
419.9100
434.1515
432.0695
432.7617
420.5709
411.4681
469.0374
441.9272
410.1936
417.9373
434.8492
423.2316
431.3791
424.5721
489.5172
441.2111
422.5639
434.1516
429.3185
430.6903
426.5958
440.4967
441.9272
419.2509
427.9536
437.6581
430.6903
411.4681
430.6904
432.0695
427.9536
426.5958
434.1516
431.3791
425.2450
435.5487
432.7617
422.5639
420.5709
429.3185
432.0695
420.5710
427.2739
417.2829
440.4967
436.2500
425.2449
423.9010
434.8491
422.5638
432.7616
457.4187
432.7617
423.9009
427.2739
430.0036
435.5487
420.5709
440.4967
427.9536
434.8492
426.5958
417.9373
430.6904
420.5709
431.3790
421.2336
433.4557
440.4967
415.9792
423.2315
414.0362
425.2450
411.4681
433.4556
441.9273
427.9536
439.0737
418.5933
423.9010
420.5710
424.5721
423.2315
426.5957
430.0036
430.6903
425.9195
440.4966
430.6903
446.2648
434.1516
437.6581
433.4557
446.2648
428.6351
418.5932
438.3650
446.2648
431.3790
434.1516
423.9010
390.0457
421.8979
421.2335
431.3791
419.2508
422.5638
430.6904
429.3184
425.2450
427.2738
423.9009
424.5721
430.6904
440.4967
434.8492
423.9010
427.9536
425.9195
441.9273
434.8492
425.9194
446.9945
432.7617
426.5958
424.5721
432.0694
436.2500
432.7616
437.6581
430.0036
426.5957
432.7617
426.5958
425.9195
433.4557
433.4556
425.2450
420.5709
427.2738
430.0035
432.0695
429.3184
467.4602
431.3790
442.6454
426.5958
439.7843
432.0695
448.4597
432.0694
432.0695
427.9536
433.4557
430.0035
421.8979
433.4557
432.0694
429.3185
424.5720
436.2500
430.0035
439.0737
426.5957
436.2500
437.6581
435.5486
445.5370
433.4557
436.9532
436.9532
441.9273
439.0737
441.9273
450.6724
434.1516
432.0695
436.2500
441.9273
425.2450
430.6904
434.8492
433.4556
439.7843
430.6903
436.2500
438.3650
427.9536
443.3654
434.8492
431.3791
432.0695
423.9009
440.4967
432.7617
430.0036
428.6351
430.0036
430.6904
423.2316
430.0036
435.5487
428.6352
434.1516
428.6351
436.9532
434.8492
444.8113
434.8492
435.5487
434.8492
437.6581
444.8113
433.4557
432.7617
422.5639
449.1954
417.2830
429.3184
438.3649
414.0363
444.8113
436.2500
430.6904
429.3185
440.4967
440.4967
432.7617
442.6454
428.6351
436.2500
433.4556
446.9947
426.5957
432.7617
456.6610
424.5721
430.6904
442.6454
428.6351
431.3791
449.1954
431.3791
435.5487
444.8113
430.6904
443.3654
432.0695
425.2450
444.0874
439.0737
444.8113
427.2739
435.5487
439.7843
432.0695
432.0695
437.6581
436.9531
435.5487
444.0874
441.2111
440.4967
430.0036
439.0737
392.4028
442.6454
451.4140
437.6581
417.2829
420.5710
436.9532
435.5486
439.7842
481.9769
432.7617
432.0695
436.2500
430.6904
444.0874
440.4967
431.3790
412.7489
428.6351
433.4557
437.6581
431.3791
429.3184
444.8113
439.7843
426.5957
451.4139
444.0874
439.0736
436.2500
445.5372
429.3184
419.2508
432.0695
434.8492
432.7617
428.6352
438.3650
433.4557
439.7843
438.3650
434.8492
432.0695
441.9273
445.5370
426.5958
447.7262
430.6903
437.6581
432.0694
428.6351
431.3790
434.8491
443.3654
432.7617
424.5720
433.4557
439.7843
429.3184
433.4556
436.2500
435.5487
436.2500
432.0694
421.8979
430.0036
440.4966
432.7617
432.0695
432.0695
434.8492
420.5708
418.5933
428.6351
435.5486
434.8491
426.5958
434.1516
442.6454
430.6903
437.6581
423.9009
418.5933
438.3650
436.2499
427.2738
448.4597
431.3790
434.1516
441.9273
467.4603
433.4557
431.3790
430.0035
432.0694
436.9532
433.4557
436.2500
425.2449
427.9536
424.5721
428.6351
421.2336
437.6581
423.9009
444.0874
434.1516
425.2450
430.6903
438.3650
429.3184
445.5370
441.9272
439.0737
432.7616
436.9532
429.3185
437.6581
430.0036
439.7843
434.8492
436.2500
427.2739
425.9194
445.5370
434.8491
430.0036
435.5486
436.2500
434.1516
440.4967
427.9536
436.2500
436.2499
439.7843
428.6352
447.7262
444.0874
443.3654
431.3790
430.6904
444.8113
429.3185
436.9532
425.2450
432.0695
442.6454
434.8491
441.2111
426.5958
435.5487
430.0036
427.9536
429.3185
437.6581
414.6823
417.2830
448.4597
446.2648
431.3791
426.5957
431.3790
434.1515
423.9009
433.4557
432.7616
426.5957
423.2316
436.9532
423.9009
437.6581
434.8492
429.3185
425.9195
416.6303
433.4557
432.7617
416.6303
428.6352
435.5487
421.8979
432.0695
432.0694
425.9195
430.6904
428.6351
426.5957
426.5958
432.0694
427.2739
425.2450
420.5709
441.9273
425.9194
426.5957
426.5958
423.9009
427.2739
439.0737
427.2739
426.5958
423.9010
421.8979
430.6904
422.5638
435.5487
425.2450
433.4557
440.4967
432.7617
429.3185
428.6352
429.3185
423.2315
437.6581
426.5958
423.2316
430.6904
421.8979
433.4556
428.6352
431.3791
426.5958
428.6352
434.1516
423.9010
419.9100
420.5709
432.7617
429.3185
435.5487
422.5639
423.9010
429.3184
433.4557
420.5709
438.3650
431.3790
424.5721
408.9256
422.5639
428.6352
429.3185
425.2450
427.2738
422.5638
427.9536
423.9009
417.9373
422.5639
423.9010
422.5639
427.2738
415.3301
425.9195
419.9100
420.5710
431.3790
430.0036
432.0695
433.4556
416.6304
422.5639
425.2450
434.8492
417.2829
426.5958
425.9195
429.3184
430.6904
429.3185
432.7617
427.9536
423.9009
427.9536
422.5638
423.9010
423.2316
423.9010
415.3301
420.5709
428.6352
444.0874
423.2316
436.2500
432.0695
434.1516
424.5721
435.5487
423.2316
417.9373
421.2335
423.2316
420.5709
446.9945
421.8978
427.2739
419.2509
430.0036
432.7617
435.5487
426.5958
429.3185
421.2335
421.8979
423.9010
421.8978
423.9009
430.6904
429.3184
417.9373
436.2500
428.6352
422.5638
430.6904
423.9009
436.2500
432.7616
419.9100
421.8979
430.0036
436.2500
421.8979
424.5720
423.2315
426.5957
432.7617
421.8979
423.2316
421.8979
426.5958
433.4557
423.9009
422.5639
430.0036
419.9101
425.2450
425.9195
432.0695
430.6904
422.5639
423.9010
407.6636
415.9793
429.3185
422.5639
401.4472
427.2739
426.5958
420.5710
397.1855
422.5639
419.9100
422.5639
421.2336
422.5639
431.3791
415.9793
424.5721
421.2336
434.1516
417.2830
425.2450
423.2316
416.6304
422.5639
408.9255
420.5709
420.5709
427.2739
423.9009
421.8979
419.9101
417.2829
423.2315
422.5639
432.0695
424.5721
413.3917
419.9100
417.9373
405.7826
422.5639
418.5932
428.6352
433.4557
421.8979
423.2316
422.5639
422.5639
425.2450
414.0363
419.9099
417.2830
415.3300
423.9010
391.2213
414.6823
421.2336
414.6823
412.7489
410.1936
419.9100
424.5721
417.2830
420.5710
420.5710
425.2450
419.9099
420.5709
418.5933
422.5639
422.5639
417.9373
411.4680
414.0363
424.5721
413.3918
421.8979
420.5710
423.2316
427.2739
411.4681
412.1077
439.7843
402.0620
419.2509
410.8301
416.6304
416.6303
407.6637
410.1937
414.6823
411.4681
417.9373
403.2961
415.9793
400.2221
414.0363
412.1078
410.1937
407.0351
412.7490
416.6304
407.0351
407.6636
400.8339
467.4603
410.1936
410.1937
408.9256
415.9793
408.9255
408.2938
410.1936
413.3918
408.2938
412.1077
402.0620
410.8301
413.3918
407.0352
410.8301
401.4471
407.6637
407.6637
413.3917
429.3185
414.6823
405.7826
412.1078
410.8301
407.0352
415.3300
409.5587
403.9154
373.6096
406.4081
411.4681
402.6783
407.6637
400.2221
402.0620
403.9155
403.2961
403.9155
397.1855
400.2221
400.2221
396.5826
403.9155
402.0620
401.4471
401.4472
396.5825
398.3958
398.3958
400.8340
393.5899
397.1855
392.9955
398.3958
397.1855
396.5826
400.8340
397.1855
390.0456
389.4598
395.9812
396.5826
388.8755
392.9955
392.9956
388.8756
395.3812
387.7110
389.4598
400.8340
387.1309
382.5388
382.5388
388.2927
381.9709
383.6787
384.2507
379.7125
383.1081
380.8390
383.6787
383.6787
367.1264
377.4752
385.9747
381.4043
378.0325
373.6096
378.5912
373.0625
371.4286
371.4286
368.7305
377.4752
366.5941
366.5941
373.0625
376.3643
366.5941
358.2401
367.6599
365.5333
366.0631
359.2679
371.4286
368.1945
377.4752
363.4259
359.7836
355.6905
360.3005
354.6785
354.1743
362.9021
362.3794
357.2169
355.1839
355.1839
357.2168
350.1799
349.1922
349.6855
349.1922
350.6753
345.7694
349.1922
346.7419
365.0046
343.3563
347.7189
347.2299
349.1922
334.4200
344.8010
336.2712
340.9692
332.1278
338.1384
340.9691
340.9692
333.0418
333.5002
333.5002
333.5002
335.3437
336.2712
324.9529
329.4089
328.0623
327.6153
321.0206
326.7241
319.2963
323.6340
316.7361
321.4540
325.8366
313.7883
310.4701
307.6101
312.1226
302.4031
308.4232
305.1902
304.3900
307.2049
298.8754
307.6101
306.3966
304.7898
300.4357
300.0445
298.8754
298.0998
298.8755
300.4357
290.1351
289.7638
290.5072
289.7638
289.3931
291.6275
288.2855
281.4140
283.1986
281.7696
281.0591
277.5459
276.5045
281.0591
275.1249
273.4146
275.1249
272.0575
271.0462
265.0916
269.7062
251.9141
266.0707
264.4418
257.4433
259.9568
262.1855
257.4433
252.5199
257.4433
253.7380
253.4327
254.9645
252.2168
248.9156
250.4084
247.4354
245.0931
247.1409
246.5534
247.4355
250.1088
243.9337
241.3534
244.8025
240.5019
236.3073
236.5838
238.8116
233.2964
240.2190
237.1380
233.5678
229.8067
229.5413
229.5413
226.3894
226.9105
224.0648
224.5785
221.5203
221.2681
218.0246
219.7629
221.5203
217.5314
214.8459
216.3051
215.3308
211.4929
211.0198
209.8431
207.5164
207.2856
204.5434
208.2108
202.7421
206.3661
202.9661
202.5184
203.1904
200.9621
200.7411
198.1138
195.9592
196.1734
195.7455
197.6805
192.1585
192.5760
191.9502
188.8611
187.0388
189.6785
187.4418
185.2393
183.2663
184.6445
184.4468
181.5137
181.7073
181.1272
181.7073
172.8842
176.5703
172.3398
171.0778
169.6498
172.3398
169.6498
170.0054
167.1867
166.1448
166.6647
166.3179
165.2827
167.5358
167.5358
169.1182
169.8275
171.9780
172.1588
171.4371
176.5703
180.9343
182.6797
186.2363
186.4365
187.0388
186.4365
190.2945
192.7852
193.6249
195.5321
194.6814
198.7664
200.7411
200.9621
201.6272
204.9970
205.4520
209.3750
209.8432
212.2054
211.9675
217.7778
216.7944
212.4436
220.2631
220.2631
219.7629
223.5527
223.2972
228.2207
229.2763
227.6953
233.0253
233.5678
234.9320
241.9235
241.3534
242.4954
243.3569
244.2229
246.8469
248.6186
248.9156
249.8098
253.7380
251.3103
252.5200
257.4432
256.5097
259.3252
260.2736
259.6407
260.2736
262.1855
263.7942
266.3983
272.3959
272.3959
271.7198
275.1249
272.0576
272.3959
276.8510
276.1587
282.8404
282.1259
289.0233
285.7253
286.4534
287.9177
296.5578
290.5072
291.2534
291.6276
293.8877
288.2855
298.4872
289.3932
303.5929
298.0999
305.9937
304.7898
305.1902
308.8310
306.8004
311.2947
317.1606
308.8310
318.4395
315.4677
319.2963
326.7242
321.0206
318.0122
318.0123
326.7242
325.3942
329.8597
329.4089
329.4089
328.9591
323.6340
333.0418
333.0418
334.8813
334.8813
334.4200
334.8813
333.9596
347.2299
340.4948
337.6701
340.9691
345.7694
347.2299
344.3184
341.4445
350.1800
347.2299
351.1720
340.0215
349.6855
338.6076
351.6696
348.7000
355.6905
355.1840
353.1691
355.6905
357.2169
360.3005
364.4772
349.1922
358.7535
361.3376
366.0631
368.7305
365.5333
358.2401
366.0631
365.5333
362.3794
367.6599
366.5941
375.2586
375.2586
371.4286
368.7305
373.0625
367.6599
378.0325
375.8108
371.4286
368.7305
347.7188
382.5389
371.9720
375.2586
386.5522
383.1081
379.1512
385.9748
379.1512
388.8755
384.8240
391.8113
388.2926
389.4598
392.4027
394.7826
389.4599
391.2213
388.8756
380.8390
390.0457
388.2927
391.2213
397.1855
391.2213
398.3957
398.3958
393.5899
388.8756
397.1855
392.9955
401.4472
406.4081
401.4472
399.0031
403.9155
400.2222
396.5825
401.4472
398.3958
400.8339
401.4472
401.4472
408.9256
407.0352
400.8340
406.4081
403.9154
400.8339
402.0620
408.2939
395.3812
399.6119
410.8301
408.2939
401.4472
413.3918
405.7827
414.6823
404.5363
411.4680
411.4680
397.1855
407.0352
402.0620
407.0351
408.2939
409.5588
402.6783
411.4681
410.1937
413.3917
400.2221
404.5363
402.0620
412.1078
426.5958
412.1078
412.1078
408.9256
415.3300
409.5588
408.9255
415.3299
403.9155
400.8339
404.5363
418.5932
421.2336
415.3300
411.4681
411.4681
407.0352
415.9793
417.9373
413.3918
413.3917
414.0363
415.3300
413.3917
420.5710
426.5958
427.2739
412.1077
415.3299
415.9792
413.3918
422.5639
419.9100
409.5588
419.2509
410.1936
422.5639
420.5710
421.8979
410.8300
417.2829
417.2829
420.5709
412.7489
429.3184
408.9256
416.6303
430.6904
414.0363
417.2829
417.2829
417.2829
420.5709
418.5932
416.6304
415.3300
418.5932
401.4472
417.9373
430.6904
422.5639
423.9010
422.5639
419.9100
404.5363
389.4598
439.0737
441.2110
434.1516
417.9372
416.6303
414.0363
418.5933
418.5932
422.5639
420.5709
419.9100
418.5932
427.9536
410.1936
415.9793
426.5958
423.2316
425.9195
424.5721
422.5639
452.1575
425.2450
423.9010
414.6823
414.6823
436.2499
425.2450
427.2738
421.2336
429.3184
422.5639
425.2450
422.5639
417.2830
421.8979
429.3185
430.0035
403.9154
428.6352
423.2316
421.8979
424.5721
412.7490
436.9531
441.9272
419.2508
423.2315
421.8979
427.2739
441.2111
415.9792
430.6904
426.5958
422.5639
432.7617
429.3185
423.9009
422.5639
414.0364
435.5487
432.0695
412.7490
425.2450
427.2738
422.5639
421.2336
435.5487
429.3184
430.0036
429.3185
424.5721
432.7617
426.5957
420.5709
419.9101
421.8979
422.5639
432.7617
425.2450
433.4557
419.2508
439.7843
426.5957
421.2335
421.8979
424.5721
419.9100
424.5720
425.2450
426.5958
423.9010
429.3185
426.5958
429.3184
424.5721
428.6352
423.2316
427.9536
431.3790
439.7843
430.0035
396.5826
443.3654
427.9536
423.9009
423.2316
423.9009
434.1516
425.9195
425.2450
423.2315
440.4967
430.6904
435.5487
419.9100
433.4557
422.5639
434.8492
421.8979
421.2335
422.5638
436.2500
423.2316
430.6903
444.8113
430.0035
421.8978
434.8492
421.8979
432.7617
421.2335
426.5958
431.3791
425.9195
422.5638
427.9536
436.9531
426.5958
433.4557
430.6904
429.3185
395.9812
421.2336
427.2739
424.5720
423.9009
430.0036
424.5721
418.5932
420.5709
441.2111
444.0874
427.2739
410.8300
419.2508
433.4557
431.3791
425.2450
429.3184
430.0035
421.2336
430.0036
429.3184
428.6352
439.7843
423.2316
427.2738
425.9195
426.5958
427.9536
425.2450
439.7843
432.0695
423.9010
423.9010
434.1516
425.9195
432.0694
427.9536
426.5958
428.6351
421.8978
435.5486
421.2335
432.7617
441.2111
432.7616
435.5486
431.3791
432.7617
427.2738
441.9273
433.4556
427.9536
422.5639
423.9009
430.6904
425.9194
434.1516
424.5721
432.0695
434.1516
431.3791
422.5638
433.4557
439.0736
434.1516
426.5958
432.0695
429.3185
436.2499
430.6904
424.5720
434.1516
428.6352
436.9531
434.8491
434.1516
436.2500
424.5720
428.6352
435.5486
441.2111
434.1516
423.9010
425.9194
435.5487
430.6904
431.3790
430.6904
428.6352
432.7617
430.6903
432.0695
427.9536
437.6581
438.3650
430.6904
436.9531
431.3791
435.5487
431.3791
436.9532
427.9536
433.4557
428.6352
426.5958
432.7617
427.9536
430.0035
444.0874
423.2316
434.8491
430.0036
436.9532
426.5958
437.6581
434.1516
434.1516
425.2450
434.8492
453.6504
430.0036
421.8979
432.7617
433.4557
439.0737
427.9536
442.6454
432.7616
431.3791
429.3184
443.3654
432.7617
430.6904
438.3650
436.9532
432.7617
430.6904
434.8492
434.1516
432.7617
381.4043
438.3650
441.9273
428.6352
439.7843
432.7617
441.2111
424.5721
429.3184
431.3791
434.8492
428.6351
432.7616
440.4967
432.0695
438.3650
436.9532
435.5486
434.8492
432.0695
448.4597
434.8492
437.6581
432.7617
436.2499
433.4557
444.8113
433.4557
434.1515
436.9532
439.0737
438.3650
434.8492
431.3791
437.6581
415.3300
439.0737
432.0695
436.9532
436.9532
444.0874
437.6581
423.2316
437.6581
434.8491
431.3790
436.2500
439.0737
434.1516
428.6352
434.1515
445.5373
438.3650
434.8492
432.0695
436.9532
434.1516
444.8113
437.6581
434.8492
428.6352
431.3790
444.8113
424.5720
438.3650
437.6581
433.4557
434.8491
433.4557
426.5958
413.3918
442.6454
440.4969
437.6581
441.2111
416.6304
431.3790
439.7842
432.7617
421.8978
436.9532
431.3791
436.9532
434.1516
434.1515
430.6903
439.0736
439.0737
425.2450
432.7616
434.1516
439.7843
433.4556
442.6454
433.4556
434.8492
441.2110
436.2500
422.5639
441.9273
437.6581
434.1516
432.0695
426.5958
439.0737
439.7843
439.0736
435.5487
434.1516
436.9531
434.8492
436.2500
439.0737
431.3791
428.6352
444.8113
439.0737
434.1516
424.5720
430.6904
434.8492
422.5638
427.2738
440.4967
428.6351
434.8492
444.8113
425.2449
430.6903
431.3790
436.2500
441.2111
439.7843
437.6581
362.3794
406.4081
439.7842
439.7842
432.0695
439.0736
443.3654
433.4557
438.3650
439.0737
425.9194
429.3184
427.2739
427.9536
428.6352
442.6453
431.3790
434.8492
436.9532
431.3791
437.6581
435.5487
427.9536
435.5487
433.4557
439.7843
445.5370
434.1516
436.2500
444.0874
436.2500
442.6454
443.3654
432.7617
440.4967
436.2500
426.5957
429.3184
430.6904
439.0737
449.9328
434.1516
434.1516
434.8492
431.3791
434.1516
432.7617
436.9532
434.1516
426.5957
418.5932
429.3185
436.2500
426.5958
442.6453
434.8492
436.2500
428.6351
421.2335
431.3791
432.0695
438.3650
432.0695
434.8492
424.5720
437.6581
436.2499
437.6581
432.7617
432.0695
436.2499
444.0874
440.4967
444.8113
438.3650
436.9532
437.6581
440.4967
430.0035
434.1516
443.3654
437.6581
433.4557
430.6904
436.9532
436.2499
439.7842
443.3654
419.9100
432.7616
494.6535
423.2316
440.4966
437.6581
440.4966
436.2500
444.8113
430.0035
434.8491
436.9531
436.9531
432.7616
432.7617
422.5639
439.0737
419.2508
429.3185
432.7616
434.1516
434.1516
432.0695
425.9195
435.5487
430.0036
446.2648
420.5709
426.5958
429.3184
432.0695
431.3791
478.6871
432.7617
441.9273
433.4556
442.6454
427.2738
437.6581
436.2499
436.2500
436.9532
432.7617
431.3790
430.6903
439.0737
427.9536
436.2500
432.7617
435.5487
428.6352
424.5720
434.1516
436.2500
428.6351
437.6581
429.3185
427.9536
422.5639
435.5486
446.9945
439.0736
431.3791
425.2450
434.1516
436.9532
423.9010
434.8491
435.5487
433.4557
432.7616
429.3185
431.3790
435.5487
441.9273
441.9273
423.9009
427.9536
444.0874
441.9272
441.2111
437.6581
438.3650
434.8492
432.0695
429.3185
423.2316
444.8113
444.0874
432.0695
430.0036
432.7617
433.4557
433.4556
438.3649
444.8113
428.6351
432.7616
434.1516
434.8491
429.3184
436.2500
431.3790
437.6581
436.2500
433.4557
428.6351
449.9329
436.2499
428.6351
435.5486
439.0737
437.6581
441.9272
435.5486
439.0737
423.9009
428.6351
432.7616
434.8492
426.5958
431.3791
426.5957
421.2335
427.2738
448.4599
433.4557
439.0737
434.8492
432.0695
438.3649
439.0737
423.9009
439.7842
443.3654
449.1953
432.0694
439.0737
431.3791
430.0036
413.3918
432.0695
443.3654
445.5370
431.3791
427.2738
427.9536
435.5487
430.6904
427.2739
439.0736
441.2111
433.4557
442.6454
465.8918
424.5721
434.1516
424.5721
434.1516
419.2508
431.3791
428.6351
428.6352
433.4556
391.8113
462.0088
436.2499
433.4557
401.4472
410.8301
436.9532
429.3184
439.0737
434.1516
432.7616
429.3185
434.8492
435.5486
427.9536
430.6904
427.9536
430.6903
439.7842
430.6904
438.3650
435.5487
433.4557
434.8492
434.1516
427.2739
433.4556
431.3790
423.9009
436.2500
432.7616
444.0874
430.0036
421.8979
421.8978
435.5486
445.5370
431.3790
432.0695
430.6903
425.2450
440.4967
429.3185
434.8492
432.0695
441.9273
434.1516
427.2739
432.0694
421.2335
440.4967
418.5933
432.0695
420.5709
430.0036
431.3791
423.2315
420.5710
424.5720
426.5958
433.4557
428.6352
425.9195
423.2315
431.3791
429.3185
427.9536
427.9536
431.3791
474.6268
434.8492
432.0694
427.2739
421.8978
425.9195
428.6352
427.2738
430.0036
427.9536
424.5721
432.0695
437.6581
422.5638
437.6581
431.3791
433.4557
430.6904
429.3185
427.2739
434.8492
434.8491
426.5957
424.5721
425.9194
430.0035
425.2449
423.9009
430.6904
419.9100
421.2335
419.9101
436.9532
425.2449
430.0035
429.3185
421.8978
429.3185
434.1515
432.7617
419.2508
430.6904
423.2316
423.9010
429.3185
433.4557
421.8979
423.9009
432.0695
415.3299
425.2449
425.9195
432.7617
419.9100
425.2450
423.9010
426.5957
422.5638
427.2739
424.5721
427.9536
414.6823
423.2315
432.7617
430.0036
429.3185
436.2500
425.9195
427.9536
428.6351
431.3791
418.5931
436.2500
433.4557
422.5639
424.5721
406.4081
423.9010
425.2450
426.5958
431.3791
432.0695
423.2316
433.4557
425.2450
429.3185
430.0036
419.9101
419.9100
422.5638
417.2829
421.8979
415.9793
425.2450
424.5721
412.1078
419.2508
427.9536
429.3185
420.5710
422.5639
423.9010
421.8979
428.6352
419.9101
426.5958
423.2316
427.2739
412.7490
424.5721
422.5639
417.9372
417.2830
418.5933
415.3300
415.9793
424.5720
420.5710
425.9195
423.9010
421.8979
421.8979
416.6303
417.9372
419.2508
421.8978
423.2316
423.2316
423.2316
416.6303
414.6823
416.6304
413.3918
425.9195
434.1517
413.3917
418.5933
419.9101
415.3301
414.0363
417.9372
415.3299
415.3301
420.5710
423.9010
419.9100
418.5933
412.1077
432.0695
415.3300
415.9793
414.6823
416.6303
419.2509
411.4681
420.5710
412.7490
410.8301
419.9101
408.2938
419.9100
410.8300
416.6303
424.5721
420.5709
410.1937
419.2508
423.2316
414.6823
412.7490
411.4681
415.3300
410.1936
419.9101
411.4680
415.3300
438.3650
410.8301
424.5720
412.1077
408.9255
400.2221
416.6304
405.7827
403.2961
414.0363
406.4081
410.1937
414.0363
412.1078
406.4081
412.1078
405.7826
400.8339
411.4681
412.1078
402.0620
403.2961
405.7827
402.6783
414.6823
407.0352
402.0620
403.2961
397.7899
440.4966
406.4081
398.3957
400.2222
402.0620
395.3811
397.7899
394.1855
399.6119
393.5899
386.5521
398.3958
396.5826
391.8113
394.1855
387.7110
392.9956
390.6328
341.4445
400.2222
395.3812
392.4027
385.3987
381.9709
385.3986
382.5389
393.5899
381.9709
398.3958
388.8756
393.5897
387.1310
382.5389
394.7826
385.9747
400.2221
374.1580
362.9021
380.2751
383.6787
382.5388
375.2586
373.6096
376.3642
381.4043
382.5389
379.7125
375.2586
366.5941
377.4752
372.5165
377.4752
367.6599
367.6598
369.2676
370.8866
367.6599
363.4259
366.5941
335.3437
364.4772
365.0046
367.6599
361.8578
364.4772
361.3376
361.8579
359.2679
361.3375
357.7279
361.3376
358.7534
357.7279
358.7535
359.7837
349.6855
346.7419
355.6905
352.1683
352.6682
349.6855
352.6680
349.1922
349.6855
347.2299
344.8010
346.7420
350.6753
339.0779
339.0779
342.8768
340.0215
345.7694
341.4445
337.6701
337.2028
337.2028
339.0779
334.4200
336.2712
326.7242
333.0418
326.7242
331.6723
328.5103
320.5883
322.3233
307.2048
318.8675
322.7592
321.0206
322.7592
327.1693
317.5860
321.4540
318.4394
311.2947
311.2947
312.5378
313.7883
306.3966
312.1226
308.4232
310.4702
300.4356
305.9937
302.4031
318.8674
297.7133
281.4140
297.3273
298.4872
294.2670
300.0445
293.8877
290.1351
290.1351
288.6541
288.2855
289.3931
288.6541
288.2855
286.0890
279.2943
282.1259
273.4146
279.9983
284.2775
276.8510
277.5459
276.1586
274.4389
276.8510
272.0576
269.7062
267.0551
263.4713
269.7061
265.0916
267.0551
260.9086
262.8272
261.2270
259.9569
254.6571
252.5200
254.3502
252.8236
254.3502
251.0091
249.5112
246.8469
242.4954
251.0091
243.6451
241.3534
245.3842
242.4954
242.7821
240.2190
242.4954
238.5315
236.5838
236.3073
233.2963
232.7547
230.0726
229.5413
227.4333
229.2763
226.1295
221.5203
227.4333
221.7729
223.5526
222.0260
219.2643
210.7837
219.5134
216.0609
217.2854
216.7944
215.5738
212.6822
218.5193
213.1604
209.1414
208.2108
209.1414
208.2108
206.1371
207.5164
198.7664
200.9621
200.0799
199.2029
201.1835
197.2483
199.4217
195.3190
195.7455
193.6249
195.1061
191.7422
193.2045
187.8459
185.8366
189.2692
188.0484
187.6437
183.6587
186.0363
182.8749
181.3203
181.9013
179.2103
176.9444
177.3195
172.5210
171.4371
175.8251
172.1588
171.7975
168.5886
169.8275
169.6498
169.4724
166.1448
166.3179
163.9149
163.9149
162.3930
161.3880
166.4911
163.9149
163.9149
167.0125
169.1181
169.6498
172.1588
172.3398
177.6956
178.4509
180.5494
183.2663
182.8749
184.4468
187.8459
187.6437
191.5345
192.3671
186.4365
194.2579
197.6805
196.3877
201.8495
210.3128
204.0910
203.6400
207.9790
204.7700
206.8251
211.9675
213.6402
213.4001
219.5134
216.0609
221.5203
224.0648
222.5332
223.0421
224.5785
235.2061
227.1717
233.8398
233.5678
233.2963
233.2964
234.3850
237.4158
238.2519
240.7853
241.6382
245.3841
245.6758
247.7304
248.6186
250.7085
250.1088
254.0439
253.4327
257.4433
259.3252
254.0439
260.9086
257.1316
258.6957
262.1855
267.7143
265.4174
262.5061
266.3983
269.7062
271.0462
270.7103
275.8135
276.5045
278.5930
279.2944
281.4140
281.4140
279.2943
288.2855
282.1258
286.0890
286.0890
286.0890
291.6276
289.3932
294.6469
291.2534
295.4091
294.2670
297.7133
299.2643
303.1955
298.4872
305.9937
308.8310
308.0163
307.2048
319.7261
310.8820
319.2963
315.4677
318.4395
317.1606
319.2963
321.4540
319.2963
322.7593
328.0623
322.7592
327.6153
324.5123
330.7640
327.6153
361.8578
319.7261
333.5002
330.7640
326.2799
319.7261
336.2712
338.1384
334.8813
340.9691
339.0779
344.3184
343.3563
342.8768
345.2847
331.2177
340.4948
344.8010
343.3563
351.6696
348.2089
351.1718
351.1720
350.1798
350.6754
354.6785
359.2680
348.7001
361.8579
364.4772
358.2401
365.0046
357.2169
366.0631
384.2507
373.6096
380.8391
365.0046
369.8060
367.1263
363.9509
366.0630
367.1264
374.1580
369.2675
374.1580
371.4286
370.3456
371.9720
375.2586
374.7076
380.8391
373.6096
377.4752
380.8391
377.4751
378.0325
383.6787
373.6095
380.8391
385.9748
382.5389
383.6787
381.4043
387.7111
394.1855
383.6787
391.8113
387.7111
391.2213
385.3986
386.5521
388.8755
390.0457
392.9955
390.6328
399.0031
380.8390
392.4027
387.7110
399.0031
392.4027
396.5825
360.3004
400.2222
399.0031
395.9812
390.6328
391.2213
400.2221
402.6783
394.1855
402.0620
399.0031
400.8340
394.7825
411.4681
405.1587
402.6783
365.0046
405.7826
399.0030
415.9793
405.1587
405.7827
402.0620
402.6783
398.3958
382.5388
407.6637
400.2221
406.4081
405.1586
408.2939
411.4681
400.2221
399.6118
405.1587
408.2939
404.5363
403.9154
400.2221
412.1078
411.4681
415.9793
408.9256
407.0351
415.3300
408.9255
410.1936
405.1587
412.1078
394.7824
410.1937
408.9256
416.6302
408.9256
412.7490
403.9154
412.1078
412.1078
412.1078
408.2938
404.5363
411.4680
432.0694
402.0620
451.4139
412.7490
419.2509
421.8979
430.6904
414.6823
412.7490
421.8979
414.6823
419.9101
421.8979
414.6823
415.9793
410.8300
418.5931
414.6823
427.2739
420.5710
414.6823
421.2335
420.5710
410.8300
419.2507
415.3300
413.3918
409.5587
419.9101
421.2336
421.8978
417.2829
428.6352
419.2507
427.9536
416.6303
418.5933
415.9793
415.9794
415.3300
405.1587
416.6304
417.9373
422.5639
418.5931
418.5932
427.9536
420.5710
415.9793
420.5710
421.8979
415.9793
415.9793
423.2316
414.0363
417.9373
422.5639
417.2829
423.9010
419.9101
424.5721
423.2316
423.2316
421.2336
423.2316
420.5710
433.4557
425.2450
423.2316
428.6351
424.5721
429.3185
419.2508
424.5721
411.4681
435.5487
426.5958
426.5958
418.5932
429.3185
419.9100
418.5931
412.7489
428.6352
425.2450
425.9195
450.6725
427.9536
423.9010
421.8979
430.0035
420.5709
419.9100
419.9100
432.0695
421.8979
421.8979
418.5932
422.5639
423.2316
415.9793
423.9010
407.6636
427.2739
420.5709
431.3791
424.5721
427.2739
433.4557
422.5639
423.9010
423.2316
433.4557
422.5638
427.2739
422.5638
425.9195
419.9100
449.9330
421.8979
425.2450
439.0737
449.9329
423.2315
427.2739
425.2450
433.4557
419.2508
424.5721
421.2336
421.8979
424.5721
430.0035
415.3300
415.9793
430.0036
441.9273
421.8979
421.8979
423.9009
427.2739
434.8491
424.5721
420.5709
429.3185
434.8492
421.8979
427.2739
432.7617
428.6352
416.6304
427.9536
430.6904
431.3791
428.6352
430.0035
426.5957
427.2739
432.0695
440.4967
426.5958
434.1516
431.3791
417.2830
430.6904
441.9274
431.3790
432.7617
417.2829
441.9273
432.0694
435.5487
431.3790
440.4967
446.2650
437.6581
435.5487
429.3184
432.7617
430.6904
430.0036
433.4557
428.6352
435.5487
430.0036
425.9194
431.3790
443.3654
436.2500
434.1516
436.2500
436.2499
432.0694
425.9195
436.2500
420.5710
429.3185
436.2500
439.0737
432.7617
425.2450
429.3185
423.9009
429.3184
436.2500
432.0695
439.7843
435.5487
434.8492
432.7616
435.5487
421.8979
432.0694
428.6351
434.1516
433.4556
432.7617
426.5958
438.3650
428.6352
430.6904
429.3185
436.2500
430.0036
427.2739
407.6637
421.2335
428.6352
432.0694
425.2450
379.1511
423.2315
431.3791
429.3185
427.9536
432.7617
430.0036
437.6581
434.8492
420.5709
439.0737
432.0695
462.0088
423.2315
432.0694
438.3650
434.1515
432.7617
432.0695
432.0695
435.5487
431.3791
437.6581
432.7617
408.2939
436.2500
436.2500
426.5958
429.3185
437.6581
437.6581
437.6581
437.6581
432.7617
435.5487
447.7263
438.3650
432.0695
443.3656
423.2316
430.6904
425.2449
438.3650
443.3654
442.6453
436.9532
415.9794
421.2335
436.2499
446.2648
433.4557
432.7617
437.6581
436.2500
427.9536
423.2316
391.2214
441.2111
430.0036
432.7617
424.5721
425.9195
428.6351
444.0874
442.6454
436.2499
427.2739
437.6581
432.7617
436.2499
425.9195
430.6904
442.6454
439.0737
440.4967
439.0737
432.0695
423.2316
434.1516
421.2335
436.9532
441.2111
435.5486
435.5487
436.2500
434.1515
440.4967
433.4557
436.9532
432.0694
436.9532
430.6903
434.8492
438.3649
430.6904
431.3791
427.9536
441.9273
440.4967
439.7843
428.6352
439.0737
440.4967
434.1516
439.0737
442.6453
432.7616
438.3650
420.5709
427.2739
429.3185
432.7616
432.7617
442.6453
434.8491
425.9195
426.5958
436.9532
434.1516
430.6903
423.2315
430.6904
425.9194
430.0035
431.3790
438.3650
432.7617
439.0737
439.7843
441.9273
422.5639
434.8492
428.6352
438.3649
486.9820
427.9536
421.8979
432.0694
436.2500
433.4557
435.5487
432.7616
429.3185
436.2499
426.5958
436.9532
426.5957
432.7617
441.2111
428.6351
443.3654
433.4556
427.9536
436.2499
439.0738
427.2738
430.0036
433.4557
444.0874
429.3185
427.2738
432.0694
434.8492
440.4967
426.5957
426.5957
440.4967
432.0695
432.0695
427.9536
434.1516
440.4967
431.3790
428.6351
436.2499
435.5487
440.4966
443.3656
433.4556
434.1516
424.5721
453.6505
432.0694
436.2500
434.1515
448.4597
453.6505
429.3185
448.4597
441.2111
434.1516
432.0694
431.3790
404.5363
434.8492
430.0036
437.6581
443.3654
436.9532
434.1516
432.0695
432.0694
425.2449
429.3185
420.5710
433.4557
443.3654
424.5720
427.2739
432.0695
425.9195
427.9536
429.3185
431.3791
444.0874
444.8113
424.5720
444.0874
433.4557
426.5958
416.6303
429.3184
436.2500
430.6904
440.4967
441.9272
431.3791
441.2111
436.9532
429.3184
435.5487
435.5487
452.9030
429.3185
427.9536
436.9532
443.3654
425.2450
449.9330
441.9273
432.0694
442.6454
427.9536
430.6903
436.2500
441.9272
434.8492
423.9009
423.2316
433.4557
424.5721
409.5588
432.7617
436.2500
427.2739
424.5721
434.1516
427.9536
433.4557
417.2829
450.6725
426.5958
434.8492
426.5958
421.8979
429.3184
429.3184
436.2499
441.2111
436.9532
429.3184
434.8492
435.5487
426.5957
423.2315
444.0874
439.7843
429.3184
425.9195
446.2648
430.6904
426.5958
434.8492
435.5487
444.0874
421.2336
430.6904
430.0035
430.6904
439.7843
436.9532
423.2315
434.8492
427.2738
430.6903
424.5720
425.2450
432.7617
436.9532
429.3185
432.0694
436.9532
432.7617
445.5370
434.8491
434.1516
423.9010
431.3791
421.2336
425.2449
430.6904
414.0362
429.3184
429.3185
430.0035
426.5958
436.9532
423.9010
419.9100
461.2385
418.5933
425.9195
430.0035
429.3184
435.5486
440.4967
436.9532
432.7617
429.3185
427.2738
430.6903
425.9195
430.0035
440.4966
437.6581
422.5638
434.8491
437.6581
432.7617
423.9009
434.1516
429.3185
437.6581
427.2739
436.2499
430.6903
434.1516
430.0035
426.5958
446.9945
439.0736
427.9536
444.0875
420.5710
423.9010
431.3791
427.9536
432.7616
432.7617
430.6903
435.5487
425.9195
432.7617
432.0694
426.5957
435.5487
420.5709
435.5486
437.6581
439.7843
444.8113
441.9273
444.0874
433.4557
435.5487
427.9536
436.2500
425.2450
434.1516
435.5487
426.5957
433.4556
440.4967
425.9195
434.1515
433.4557
426.5958
433.4557
432.0695
435.5487
440.4967
440.4966
439.0737
417.2830
441.2111
430.0036
434.1515
441.9273
434.8492
439.0737
434.8492
429.3185
426.5957
441.9273
432.7616
427.2738
422.5639
465.8920
422.5638
421.8978
423.9010
436.9532
436.9532
438.3650
439.0737
434.8492
428.6351
430.0036
429.3185
452.9030
430.6904
425.9195
432.0694
423.9010
414.6823
436.2500
434.8492
425.2450
423.9009
439.7843
424.5720
434.1515
432.0695
432.7617
419.9100
445.5370
427.9536
425.2450
432.7617
440.4967
457.4187
429.3185
430.6904
437.6581
424.5721
444.8113
436.2499
422.5639
435.5487
427.9536
434.1516
438.3650
433.4557
438.3650
431.3791
435.5487
428.6351
428.6351
432.0695
434.8492
435.5487
415.3299
440.4967
441.9273
439.0737
432.7616
441.9273
433.4557
445.5370
435.5487
428.6351
439.7843
434.1516
436.9532
431.3791
444.0874
430.6904
435.5486
427.9536
421.8978
427.9536
430.0036
425.2449
440.4967
434.1515
436.2500
432.0695
429.3185
433.4557
432.7616
427.9536
426.5957
425.2450
436.9532
420.5709
422.5639
433.4557
440.4967
425.9195
432.0695
429.3184
419.9100
428.6352
432.0695
439.7843
434.1516
432.7617
433.4557
434.1516
436.2500
430.6904
427.2738
436.2500
432.7616
436.9532
434.8492
434.1515
435.5486
444.0874
434.8491
429.3185
437.6581
433.4557
432.7616
423.2316
441.2111
415.9794
434.8492
425.2450
437.6581
412.1078
439.0737
428.6351
431.3791
421.8979
435.5487
433.4557
432.7616
440.4967
427.9536
436.9532
434.1516
427.9536
434.8492
425.2450
421.8979
424.5720
432.0695
425.9194
439.0737
431.3791
427.9536
431.3791
432.0695
429.3184
435.5487
421.8979
446.9947
431.3791
444.8113
447.7261
432.7617
423.9010
421.8978
435.5487
433.4557
429.3185
425.9194
432.7617
432.0695
429.3185
426.5958
425.9195
456.6610
435.5487
434.8492
423.9010
423.9010
429.3185
429.3185
432.7617
428.6351
421.8978
427.9536
417.2830
422.5638
423.2316
423.9010
439.0737
423.9009
429.3185
428.6351
441.9273
433.4557
423.2316
425.2449
428.6352
432.7617
425.9195
432.7616
432.0695
430.6904
433.4557
424.5721
421.8979
432.0695
404.5363
434.8492
423.9010
423.9010
425.2450
432.0695
432.7617
435.5487
434.8492
423.9010
425.2450
436.9532
436.2500
407.6637
426.5958
423.9010
425.9195
432.7616
434.8492
429.3184
426.5958
445.5370
426.5957
425.9195
415.3299
421.2335
423.9009
421.8978
433.4557
423.2316
421.2336
423.2316
417.9373
423.9009
422.5639
428.6352
429.3185
423.2316
432.7617
417.9373
424.5721
417.9373
419.9100
434.8492
425.9195
421.8979
423.2316
426.5958
439.7843
415.9794
425.2450
415.3300
427.2739
419.2509
424.5720
410.8300
419.9101
423.9009
419.2508
423.2316
488.6697
425.9194
423.9010
421.2336
427.9536
419.9101
427.9536
421.2336
427.9536
421.2336
425.9195
422.5638
415.3300
423.2316
425.2450
421.8979
410.8300
420.5709
419.9100
422.5639
423.9010
423.2316
415.9792
416.6303
411.4680
416.6303
423.2316
422.5639
414.0363
407.6637
424.5721
418.5931
432.7617
414.0363
417.9372
420.5710
419.9101
413.3918
404.5363
409.5587
418.5933
410.8300
420.5709
417.2829
409.5587
410.8301
399.6118
414.6823
417.9372
413.3918
408.2939
415.9794
409.5588
419.9101
415.9793
406.4081
419.9101
412.7490
424.5721
417.9373
412.7490
407.0351
419.9101
394.7826
409.5587
417.2829
415.3300
410.1936
411.4681
402.0620
405.7827
394.1855
403.2961
403.2961
401.4472
402.6783
410.8301
417.9372
411.4681
407.0352
407.0351
407.0351
405.1586
418.5931
401.4472
412.1078
402.6783
398.3957
407.0352
409.5588
394.7826
407.6637
396.5826
400.2221
389.4600
405.7827
403.2961
397.1855
399.6118
405.7827
392.4027
388.2926
399.6119
402.0620
401.4472
408.9256
401.4472
385.9748
388.8756
399.0031
389.4600
402.6783
398.3958
390.6328
388.8756
398.3958
402.0620
388.8755
386.5522
385.9748
387.1310
402.6783
399.6119
373.6095
390.0457
382.5389
386.5522
387.7111
379.7124
378.5911
384.2507
380.2751
385.3987
383.1081
380.8390
383.6787
378.5911
379.1512
383.1081
368.7305
370.8866
375.2586
366.5941
372.5165
363.9509
372.5166
365.0046
364.4771
372.5166
368.1945
367.1264
366.0631
358.2401
373.6096
362.3793
366.0630
365.0046
371.9720
361.8579
356.7069
358.2401
365.0046
358.7535
362.3794
356.1982
341.9210
351.6696
349.1922
353.6711
350.1798
353.6711
347.2299
347.7188
347.2299
352.1683
349.6855
349.1922
349.6855
345.2847
346.7419
341.4445
339.5492
338.6076
334.8813
334.8813
335.8069
335.8069
338.1384
338.6076
338.6076
333.0418
331.2177
331.6723
328.0623
333.0418
329.4089
327.6153
330.3114
329.4089
330.7640
325.3943
321.0206
326.7241
319.2963
314.2069
322.7592
312.1226
321.0207
311.7083
312.5378
311.2947
305.5916
306.3966
307.2049
304.7897
304.7898
300.0444
304.7897
303.1955
298.8754
298.4873
295.4091
297.3273
296.9422
292.7543
293.8877
290.1351
294.6469
290.5072
286.8184
288.2855
287.5506
284.6384
287.1842
281.4140
281.4140
275.4688
275.4689
275.4689
274.4389
270.0403
274.4389
270.0402
269.7062
270.3750
266.3983
261.2270
266.0707
259.9569
261.5459
261.2269
259.3251
258.6957
257.4433
256.1996
254.6571
253.1279
256.8203
252.5200
249.8098
250.4084
249.2132
249.5112
244.5124
246.8469
241.0691
242.4954
241.3534
240.7853
235.7558
235.4808
237.4158
237.1380
235.4808
231.6766
231.6766
230.8726
229.8067
228.2207
226.9105
225.3521
227.4333
226.1295
220.7648
224.5785
218.2718
223.0421
222.2794
220.2631
216.7945
218.2718
219.7629
217.7778
215.3308
211.4929
211.9676
211.9676
210.5481
207.5164
208.4429
208.2108
206.1371
207.5164
200.9621
202.5185
200.9621
198.7663
199.8602
197.4642
197.8970
198.1139
196.1734
195.5321
194.4695
190.7067
192.1585
191.5345
188.8611
184.8425
187.0388
184.4468
184.6445
184.4468
182.2899
179.7826
180.3573
177.8840
179.7827
172.3398
172.7025
172.3398
172.5210
171.9780
170.7194
171.0778
169.6498
167.5358
166.4912
164.9394
164.5970
166.3179
162.3929
161.5550
163.9149
160.3908
160.5565
159.5655
163.9149
