8.2578
8.3438
8.4873
8.3438
11.3487
9.4441
9.4441
9.4148
9.5319
9.7080
10.8064
10.7165
11.6523
11.3790
11.7132
12.1722
12.8834
13.4778
13.1017
14.8141
14.3332
14.3651
14.7176
15.2990
14.8785
16.5791
17.0791
17.2131
17.3475
17.5159
18.0579
18.4678
18.7082
19.7496
19.4701
21.1310
21.0594
22.4348
22.4348
22.4348
23.0603
23.7670
23.8044
24.2929
24.4062
25.3199
26.3641
27.1093
27.1093
27.6243
28.1435
29.7678
29.5625
30.8877
31.3916
31.8995
32.4970
32.6687
33.0567
34.8532
35.6124
36.4256
36.6532
37.3868
38.0817
38.5957
38.8778
40.6426
41.0301
41.1273
43.3003
43.3003
42.8503
44.6160
45.1286
46.3736
46.9514
46.4783
48.3891
49.0914
49.4724
51.2389
51.2948
52.9334
54.4329
54.5495
54.7832
55.3704
55.6066
58.2525
58.9281
59.3611
59.7964
60.0462
60.8003
60.4852
64.7465
64.9456
67.0995
65.3452
69.1704
67.3043
69.3103
68.7521
69.8017
70.2252
72.3023
73.5437
74.2081
74.2823
75.8540
76.4602
77.9942
78.3819
78.2266
80.4254
80.9836
82.9239
84.7394
83.5799
83.9923
84.4897
87.7892
88.2208
89.0899
90.0553
89.2647
90.8525
91.0305
94.1093
94.9409
95.2197
95.0338
94.9409
99.4995
97.5745
101.1656
99.8891
102.1587
104.6849
105.5066
104.8897
106.4391
107.6955
108.1177
110.2549
109.8239
111.7772
112.6570
112.7675
114.8889
115.5676
116.9380
117.6297
118.2096
120.6790
121.7545
121.8747
122.5983
121.9950
123.2050
124.1825
128.5620
126.7898
129.5871
128.0528
130.4917
131.5343
131.1422
132.3224
136.6182
140.2272
136.8919
137.7170
137.1663
139.2448
139.6648
140.2272
139.1050
144.9696
143.8028
145.4100
144.3848
144.2390
145.7045
149.7505
148.9912
151.1290
150.9750
156.1558
155.1980
154.7218
155.8358
156.7984
156.1558
158.5821
160.2253
159.7301
162.5612
163.9149
162.5612
165.9719
167.7107
167.7107
167.5358
169.2951
169.2951
171.2573
170.0054
171.2573
172.1588
171.4371
179.2103
180.7417
183.2662
181.1272
183.8553
182.8749
187.2401
184.8425
187.2401
188.4542
186.8377
191.3271
191.1200
191.7422
191.5345
193.4145
196.6024
195.1062
202.0722
197.2483
199.2029
198.5485
199.8602
204.5434
203.4151
205.9084
206.8251
204.7700
211.4930
209.3750
211.9676
209.3750
214.6040
205.2243
212.4436
218.5193
215.0882
217.5314
222.0260
218.5193
219.5134
224.5785
220.2630
223.5527
222.5333
226.1295
230.6055
230.0726
230.0725
227.9577
233.8398
233.0253
233.5679
237.4158
236.0314
241.3534
242.4954
236.5837
240.7853
244.5124
239.9366
246.8469
244.5125
248.9156
250.1088
251.9141
248.0260
235.7559
252.8236
253.7380
259.9569
259.9569
258.3817
260.5908
262.1855
263.4713
265.4173
261.5459
257.7556
262.5060
262.8272
265.7437
267.0551
264.7663
271.3827
267.3844
276.1586
275.8135
273.0744
275.4689
274.4389
275.4689
280.3513
270.7103
282.1259
281.7696
284.6383
283.1986
289.3932
286.4533
290.1351
288.6541
288.6541
295.4091
294.2669
291.6276
292.0024
292.0024
293.1314
292.7543
301.6138
295.0276
300.4357
297.3274
304.3900
303.5929
294.2670
306.8004
307.2049
311.7083
306.8004
312.1226
318.4395
318.4395
318.4395
334.8813
319.7260
310.4701
312.1226
315.8896
327.6153
310.8820
318.8674
321.4539
332.1278
325.3942
331.2177
328.5103
331.6723
338.6076
328.0623
330.7640
333.9596
331.2178
336.7365
341.9209
336.2712
339.5492
340.4948
341.4445
343.8369
330.7641
293.8877
350.1800
350.6753
346.2551
349.1922
350.6754
348.2089
348.2089
348.2089
359.7837
354.1743
354.1743
354.1742
357.7279
353.1690
365.0046
366.5941
361.8578
364.4772
365.0046
361.8578
368.1945
366.5941
372.5165
370.3457
375.8107
354.6786
376.9191
369.8060
375.8108
380.8390
376.9191
375.8108
376.3643
394.7826
379.7124
396.5826
378.5911
377.4752
379.7124
390.6328
387.1310
380.8390
386.5521
385.9747
392.4028
397.7899
401.4472
388.8757
396.5825
399.0031
394.1855
398.3958
397.7898
398.3957
403.2961
457.4187
399.6119
404.5363
412.7490
402.6783
409.5587
408.9255
405.7827
408.2939
406.4081
405.1586
412.1077
411.4681
412.1078
411.4681
403.2961
422.5639
421.2335
424.5721
420.5709
415.3300
423.9009
431.3791
426.5958
426.5957
418.5932
419.2508
470.6232
420.5709
434.1515
436.2500
442.6453
439.0737
430.6904
439.7843
433.4557
442.6455
423.2315
436.9532
441.9272
441.2111
506.9936
442.6453
430.0035
436.2500
431.3791
438.3650
453.6505
441.9274
457.4186
458.1784
445.5372
482.8051
497.2552
449.1953
459.7043
454.4000
466.6750
457.4187
448.4599
455.1517
465.8918
449.9330
473.8216
455.9052
462.0087
462.0088
466.6750
461.2385
469.8292
466.6750
480.3274
475.4344
466.6750
475.4343
465.8918
472.2180
445.5373
477.0562
477.8705
490.3670
457.4187
458.1784
475.4344
476.2443
493.7912
512.4407
509.7051
481.9767
477.0563
486.9821
488.6696
477.8705
496.3854
496.3856
438.3650
494.6535
494.6535
497.2552
481.1510
494.6535
478.6872
481.9767
473.0188
473.8216
460.4704
477.0563
468.2477
457.4187
462.0088
466.6750
461.2385
455.9053
471.4195
469.8292
454.4000
532.2991
444.0874
445.5372
455.9053
427.9536
438.3650
449.1954
441.9273
431.3790
424.5721
430.0036
425.9194
431.3790
428.6351
433.4557
421.2336
422.5638
425.2449
421.8979
425.2450
398.3957
423.2316
422.5639
410.1937
407.6636
414.6823
408.9256
413.3918
405.1587
401.4472
410.8301
399.6119
391.2214
399.0031
403.2961
393.5899
397.1855
388.8757
408.2939
398.3957
390.0457
382.5388
379.7124
376.9190
373.0624
378.5912
384.2507
377.4752
380.2751
367.6599
364.4771
373.6096
377.4752
405.1587
361.8578
361.3376
369.8061
361.3375
359.2679
361.8579
362.3794
353.1691
355.6904
357.7279
363.4259
352.6681
376.3643
351.6696
346.7419
345.2846
352.1683
349.6855
345.2847
344.8010
347.2299
338.6076
347.2299
342.8768
334.4199
336.2712
336.7365
331.2177
335.3437
322.3233
328.0623
326.2799
327.1693
325.3942
324.9529
327.1693
310.8820
321.8882
319.7261
298.0998
309.6490
312.1226
312.5378
308.8310
310.4701
318.8675
297.7132
304.3900
301.2203
296.5578
299.6541
291.2533
303.1955
297.3273
293.8877
290.8799
296.5578
286.4533
293.8877
286.4533
286.8184
285.7253
281.7696
285.7253
288.2855
278.5930
278.5930
276.1587
280.3513
278.5930
281.4140
277.1982
276.1587
273.0744
274.7816
268.3759
266.7263
264.4417
253.4327
265.0916
265.4173
264.7664
258.0684
258.3817
257.1316
259.6408
259.0101
269.0399
258.3818
253.7380
253.1279
253.7380
248.0260
247.7304
246.5534
245.9678
248.9156
244.2229
244.8025
232.4845
241.0691
239.3732
237.9727
235.4808
239.6547
234.6583
236.8606
229.8067
226.9105
228.7477
230.3388
213.4001
224.8360
225.3521
234.9320
221.2681
222.2795
216.7944
220.5137
218.2718
216.7945
226.9105
212.9211
211.2562
208.6754
211.4930
213.4001
209.6089
205.9083
204.9970
200.9621
205.4520
200.5204
203.1904
200.0800
201.4052
196.3877
195.5321
191.9502
192.1585
192.9947
194.2579
190.9132
187.8459
188.4542
185.6373
179.5916
196.1733
187.2401
184.8425
184.0522
183.8553
182.4846
180.7417
177.3194
180.3572
171.4371
171.4371
170.8985
171.9780
169.8275
168.7649
169.4724
170.8985
167.3611
164.5970
164.0851
163.7449
161.2213
158.9091
161.5550
158.9091
158.7455
157.6061
156.7984
155.3571
153.3037
153.3037
151.4374
150.3613
146.8896
153.4605
147.4864
146.2956
144.6768
145.1162
141.2177
142.9350
139.5246
141.9303
142.5034
138.9655
137.8551
137.8551
136.3450
135.3940
132.5864
128.6897
130.8816
130.4917
130.4917
128.0529
125.2926
128.9454
125.7895
125.1687
123.5706
121.8747
120.4414
120.2043
120.4414
117.7454
118.4424
117.7454
118.4424
115.4542
115.1146
111.1220
112.7675
109.1808
111.0132
111.4491
108.5417
109.1808
107.2750
107.0654
104.8897
104.0728
104.1746
101.6609
101.3634
101.0668
100.1822
102.5587
97.0041
96.1548
97.7653
96.7202
93.8336
94.7555
93.0114
93.3760
91.2089
92.1961
89.7910
88.1343
87.1028
89.0026
86.5063
85.5766
84.9062
82.9239
83.8271
82.1914
84.8228
81.4648
81.7063
81.3041
79.3978
78.9275
79.3193
76.3842
76.6124
75.3270
76.2324
75.3270
74.0601
73.7646
71.7963
72.8113
70.5798
70.0838
69.7313
69.5908
70.5798
67.5096
66.2177
66.8951
66.0155
64.8129
64.0864
61.7531
64.9456
61.0533
59.9837
60.9900
59.5473
59.0516
58.6203
58.4362
56.7982
56.2598
55.5475
55.8435
55.1350
54.4912
55.0763
53.1049
51.8558
50.5716
50.8489
50.4610
50.6824
49.3089
46.9514
48.0137
47.9067
47.4806
46.5831
45.3346
45.8522
44.3611
43.6521
43.5011
46.1124
42.9002
41.9098
41.9098
41.5174
40.7876
39.9696
39.8262
39.5879
39.2082
38.7366
37.5252
37.5714
36.4256
36.1534
36.9274
35.8373
35.4330
33.8394
34.1024
33.6211
33.0134
32.3257
32.4541
31.9420
31.1812
30.6788
30.1803
30.4291
29.3988
29.3988
29.3579
28.7074
27.9833
28.2639
27.5845
26.7945
26.7552
25.9366
26.2472
26.1305
25.0139
24.9757
24.7093
24.2552
23.7670
23.9919
23.4685
22.1063
22.8388
22.1791
22.1791
21.8519
21.4184
21.1310
20.9164
20.1713
20.7382
19.6097
19.7496
19.7146
18.9841
18.4335
18.0579
18.6394
17.2803
18.1601
18.2967
18.0239
17.8202
17.1796
17.0456
16.1492
16.4134
15.8207
16.0505
15.4941
15.8535
15.3639
15.0398
14.5892
14.7176
14.1102
13.8881
13.9197
13.7931
13.6668
13.3208
13.3521
12.8834
13.2581
12.4186
11.9575
11.9269
11.6523
12.1108
11.5003
11.6827
11.4699
11.3790
11.3487
10.8364
10.6566
11.0166
10.5372
10.5670
9.8257
10.2693
9.7374
9.7080
9.5319
9.5905
9.8846
8.9201
9.5319
9.1815
9.2106
8.8911
9.1524
8.2006
8.4298
8.6888
8.5448
7.9724
8.0009
7.9439
8.2578
8.0864
7.9439
7.9155
7.5753
7.7451
7.4906
7.0690
6.0706
7.0970
6.2081
7.5753
7.6036
7.6036
7.9155
8.5448
8.1149
8.5160
8.8333
9.2689
9.1815
9.2106
9.5612
10.4179
10.3882
10.6866
10.7764
10.8064
11.1070
11.3790
12.1108
12.2645
12.4186
13.0704
13.5407
13.8564
13.8564
14.1738
14.8463
15.2341
15.1045
15.5267
15.9519
16.4134
17.5159
16.9453
17.5833
17.8541
18.8460
19.0187
19.7496
19.9952
20.4541
20.6315
20.9879
21.8157
22.8757
23.0234
23.8793
23.6922
24.3307
25.2433
25.3583
26.1694
27.7437
27.3069
27.4257
29.0725
28.9912
30.1803
30.5123
31.5605
31.3495
31.8570
33.0134
34.0146
34.6758
35.3882
36.7445
36.9274
36.7445
38.0351
38.3149
40.1612
41.1759
39.9217
40.9330
42.1068
42.4528
43.5011
44.5140
45.9042
47.1097
46.9514
47.0569
47.5337
49.4179
50.0750
50.9045
51.6309
53.1049
53.7949
53.7372
55.5475
55.2526
55.4884
56.7982
58.6818
59.4852
59.8588
59.7340
60.6742
65.0786
61.6892
64.8129
65.1452
65.9483
66.9632
67.3043
69.5205
69.5908
70.7220
70.3669
72.8843
72.2299
73.1767
75.1769
76.9941
77.3774
77.9169
79.7916
78.2266
80.2665
82.3537
82.4349
83.9923
84.1578
85.4925
84.9897
86.7615
87.7031
89.2647
89.8790
89.7031
90.6748
93.1935
93.0114
94.9409
94.8482
96.7202
91.6564
98.3400
99.3053
101.6609
103.0609
103.6669
104.9923
105.1977
106.0236
106.1273
108.0120
109.8239
110.2549
109.3947
108.8608
111.7772
114.6636
114.5511
115.0017
117.2833
116.0224
116.8231
120.5602
120.6790
120.3228
122.2359
124.6746
121.2752
128.5620
124.6746
126.4137
127.9259
129.3300
129.0734
131.4035
132.4543
134.7194
135.8007
134.7194
135.5294
136.4815
139.2448
136.7550
141.2177
141.6448
142.3598
146.4438
149.2944
142.3598
148.2365
145.2630
149.5983
147.9359
150.5144
150.8213
154.4053
148.3871
156.3161
158.0932
157.9306
160.0601
158.2560
160.5565
162.5612
162.0571
164.4262
166.8385
163.9149
168.2368
169.6498
165.4547
170.1835
170.5405
169.4724
171.9780
171.4371
178.6404
176.7572
181.1271
177.1318
178.2617
183.8553
180.5493
183.6587
186.8377
186.8377
188.4541
187.6437
186.4364
191.7422
187.6437
192.9947
193.4145
195.5321
198.5485
197.2483
196.3877
194.6814
197.0326
200.7411
201.8495
205.2243
202.9661
207.5164
205.6800
206.1371
207.0552
209.6089
212.6822
210.0778
214.8459
214.6040
215.5738
217.0397
225.6109
220.7648
219.7629
234.3850
223.0421
224.5785
227.9578
223.8085
224.0648
228.4839
229.2763
232.4845
233.5678
233.2963
236.8606
228.7477
234.9320
238.2519
239.3732
239.0922
254.3502
240.5019
243.9337
241.6382
252.5200
245.3842
248.0260
247.7304
247.1409
252.5200
253.4327
255.5810
271.3827
255.2725
258.6957
255.5810
259.3252
276.1587
260.5908
260.9086
256.5097
262.1855
265.0916
264.4417
269.0399
264.1177
267.7143
260.2736
269.0399
273.4146
271.3827
269.0398
277.8943
269.3727
284.2775
285.3624
279.6460
289.0233
285.7253
281.4140
285.3624
284.6384
285.7253
283.9172
289.0233
289.0233
287.9177
289.3932
291.6275
294.2669
302.7990
297.3272
297.7132
300.4357
299.2644
300.0445
298.4873
300.0445
299.2644
308.0163
304.7898
305.1903
308.4232
310.8820
307.2049
310.8820
312.1226
320.1567
315.4676
321.4539
320.1567
317.5860
319.7261
319.2963
326.2799
324.0727
318.4394
332.1279
325.8366
329.8598
328.0623
331.2177
332.5844
336.2712
339.0779
333.0418
333.0417
335.8069
331.2177
336.2712
340.0215
348.7000
338.6076
337.2028
337.2028
350.1798
345.2846
349.1922
349.1922
352.1683
360.8184
347.2299
348.7000
354.1742
348.2089
366.0630
347.7189
359.7837
356.7069
362.9021
368.7305
362.3794
350.1798
363.4259
365.5333
363.4259
359.7837
377.4752
367.1263
370.3457
366.5941
369.8061
375.8108
367.1264
366.0630
375.8108
381.4043
379.7125
382.5389
384.8240
385.3986
375.8107
390.0457
379.7124
383.6787
375.2585
391.2213
397.1855
398.3958
400.2222
381.9709
404.5363
401.4472
389.4599
399.0031
392.9955
402.6783
400.2222
394.1855
397.7899
394.7825
399.0030
403.9155
412.7490
406.4081
419.2509
399.0030
408.2939
407.0352
417.2829
404.5363
402.6783
415.9793
411.4681
407.6636
422.5638
459.7043
421.8979
421.8979
416.6304
431.3791
419.9101
421.8979
426.5958
420.5710
430.0036
423.9009
423.2315
433.4557
419.9101
437.6581
422.5639
433.4556
433.4557
428.6352
436.9532
435.5487
432.0695
438.3650
429.3185
436.2500
434.1515
436.9531
440.4967
441.9273
439.0736
433.4556
443.3654
444.0874
432.7617
449.1954
449.9330
460.4704
444.0874
455.1517
449.9329
452.9030
452.9030
454.4001
465.1109
457.4187
464.3323
466.6750
456.6609
477.0560
481.9769
451.4140
457.4187
472.2180
492.0742
554.5338
469.0374
459.7042
465.8918
473.8216
480.3274
477.0563
477.8705
477.0563
477.8705
486.1419
472.2180
480.3273
468.2477
406.4081
488.6697
492.0741
491.2193
499.8802
491.2194
499.0027
477.0563
487.8246
486.9820
515.2006
481.9767
481.1508
472.2180
478.6872
454.4000
462.7810
451.4140
555.5816
477.0563
469.8292
473.8217
457.4186
459.7043
462.0088
449.9330
446.9946
458.9404
459.7043
452.1575
453.6504
446.9945
454.4000
433.4556
450.6725
434.8491
448.4598
441.9273
437.6581
438.3650
412.7490
439.0737
419.9101
441.2111
448.4599
419.9100
417.9373
422.5639
408.2939
395.3812
425.2450
473.0186
405.1586
411.4681
407.6637
403.9155
402.0620
407.0352
376.3643
399.6118
421.2335
403.9155
402.0620
399.0031
364.4772
383.6787
390.6329
393.5899
387.7111
388.8755
384.8239
383.1081
385.3986
387.1309
378.0325
402.0620
373.0624
376.9191
367.1264
371.9720
374.1580
368.1945
367.6599
358.2401
365.0046
364.4772
355.6904
359.7837
359.7836
359.2680
354.6786
350.6754
356.7069
361.3376
357.2168
349.6856
348.7000
347.7188
348.2089
347.7188
354.1742
321.8882
349.1922
337.2028
343.3562
340.4948
338.1383
341.9210
337.2028
332.5843
331.2177
335.3437
308.8310
326.2799
333.5001
326.2799
322.3232
326.2799
328.5103
319.7261
310.0592
312.1226
315.8896
309.6489
310.4702
315.0465
312.1226
304.7897
305.1902
304.7898
302.4031
306.8004
302.0081
299.6540
295.4091
296.1741
303.1955
293.8877
297.7133
287.9177
293.8877
288.6541
285.0001
289.0232
281.0591
287.1842
282.4828
269.0398
281.0591
284.6384
293.1314
280.7048
272.0575
273.0744
276.1587
271.3827
272.0576
284.2774
274.4389
268.3759
269.0398
266.0707
269.0398
260.9086
257.4433
256.1996
260.5908
257.4433
256.1996
256.8203
255.5810
255.2724
249.2132
247.4354
249.8097
248.6185
253.1279
248.9156
244.8025
242.7821
245.3842
239.3731
241.3534
240.5019
236.5838
236.8606
237.4157
233.8398
236.0314
228.7477
228.4839
234.1121
220.5137
229.8067
230.0726
224.8360
224.8360
224.5785
225.6109
217.7778
219.0156
215.0881
217.5314
213.4002
214.6040
215.8172
211.7301
211.2562
211.7301
207.7475
209.3750
207.7475
206.1371
200.0799
198.7663
204.0910
199.8602
198.1138
195.9593
195.5321
194.8936
196.8174
195.5321
190.2945
191.9502
189.4737
187.4418
195.5321
188.6575
185.8366
184.6445
184.2494
183.4623
184.8425
181.3203
181.9013
178.6404
178.8301
178.2616
171.9780
172.3398
172.1588
170.5405
169.2952
169.1182
168.5886
162.8983
165.6268
167.3611
163.7449
163.7449
163.2363
161.3880
161.0548
157.1209
158.5821
154.2473
154.8803
156.9595
152.8345
150.9751
145.5571
150.0555
148.0862
144.9695
146.7408
144.9696
143.9480
141.5023
142.3599
142.7909
142.2165
139.2447
134.9888
136.6182
136.6182
135.9365
133.6480
132.8508
133.9149
133.5148
130.2325
128.4345
130.7515
128.8174
126.5389
126.2886
126.9155
126.4137
122.5983
121.0364
122.9619
122.2359
126.0388
120.9171
116.5937
118.4424
115.5676
116.3649
114.3265
113.5441
111.1220
111.2309
111.9964
110.7960
110.0392
108.1177
112.3262
105.9200
105.5066
104.5826
103.0609
101.5617
102.1587
100.7711
99.0148
99.5968
96.9094
95.4060
96.8148
95.3128
94.3857
93.6503
93.0114
92.5576
92.3767
92.9205
90.4973
89.4398
88.9155
86.9320
87.1883
86.3366
85.6607
83.7446
82.6790
81.4648
82.4349
81.0636
79.7127
79.0840
78.9275
79.0840
78.6933
76.5363
76.6124
76.4602
74.2823
74.8777
72.0851
72.9573
71.5804
67.4411
71.0072
69.2403
68.5437
69.0307
66.9632
67.7841
67.0313
63.8238
64.9456
64.0207
63.5621
62.1374
60.3596
61.1167
59.8588
59.1134
59.0516
57.5827
58.8665
57.0990
56.3194
56.2002
54.5495
54.4329
54.0263
53.2768
53.2769
52.6483
51.5748
50.3505
50.7379
50.9045
49.5270
49.8005
47.7467
48.3891
47.8000
47.1626
45.5929
44.6160
44.8206
45.2830
44.2086
42.9002
42.8005
41.3709
42.3043
41.2246
40.4978
39.9217
39.9217
39.4928
38.4084
38.3616
37.1108
38.0817
36.1987
36.0177
36.7445
35.5675
35.4330
35.2540
33.6211
33.8832
33.9708
32.1123
32.7117
32.1976
31.8146
31.4338
31.0133
29.8913
30.7623
29.8501
29.0318
28.8694
28.7478
28.0233
27.9033
26.9123
26.8337
26.7945
26.2472
26.8337
25.6661
24.9757
24.7473
24.4818
24.2175
23.6549
23.3569
23.4685
22.9495
21.9608
22.4714
21.9608
22.1063
21.9971
20.7738
20.9164
20.2772
20.1713
19.3656
20.0656
19.5747
19.4004
19.0187
19.2613
18.1942
18.1260
17.7185
17.9219
18.0239
17.4484
17.0122
17.0122
16.8786
16.8119
16.5128
15.9848
14.6854
15.3314
14.9752
14.5571
14.2057
14.5571
13.7299
13.5722
13.3835
13.7299
13.3521
14.9107
12.9457
12.9457
12.8834
12.7591
12.3877
12.4803
12.7280
11.6523
12.0801
11.3487
11.4396
11.1372
10.8964
11.1372
11.1372
10.5969
10.5670
9.8257
10.4179
9.8551
10.2693
9.7668
9.8551
9.3272
8.8622
9.3272
8.9781
9.0071
8.4585
8.2865
8.8043
8.6312
8.5448
8.6888
8.3724
8.1720
8.4298
7.9155
7.6318
7.5753
7.5188
7.9439
7.0690
7.2372
6.9571
7.4060
7.1530
7.2372
7.0130
7.2372
7.0410
7.7168
7.5188
8.2006
7.9724
8.3724
8.5736
8.7177
8.9781
8.9491
9.3856
9.0361
9.7668
10.4179
10.0322
11.6523
11.1372
11.2882
11.6827
11.8964
11.8964
12.5731
13.1642
12.7901
13.0080
13.7931
14.2057
14.1738
15.0722
15.1369
15.8863
16.1492
17.0456
17.2803
17.4484
17.9559
17.9899
19.0533
19.3656
19.0187
19.8898
20.2066
21.2027
21.4544
21.2745
21.9971
22.6181
22.9495
23.0973
25.3199
24.7093
25.4351
25.8592
26.4031
27.1883
28.5054
28.3041
28.4651
29.0725
29.9737
30.8877
31.2232
31.7722
32.1549
33.1865
33.0567
34.1903
34.4105
36.6988
36.7445
37.2486
38.3149
38.5020
39.8739
40.1132
41.2246
41.4197
41.9098
42.9002
44.5650
43.9551
45.2830
46.1646
46.2168
47.6401
48.7124
48.7124
50.4610
50.4610
51.5187
52.3644
53.1622
53.2769
55.8435
55.0763
55.9622
57.7648
58.1914
59.4231
59.4852
60.1714
61.2436
61.6892
63.4968
63.2361
65.3452
65.3452
66.1503
67.3726
68.4744
69.3803
69.6610
71.2217
71.6523
72.0851
74.3565
73.6909
80.1872
76.3842
76.6124
77.9942
79.0057
78.3819
81.2238
82.2725
82.9239
84.4897
85.1570
85.0733
84.9062
87.1883
88.9155
95.4993
90.8525
91.1197
92.9205
92.4671
95.6862
92.2863
94.5704
95.9671
97.7653
98.6286
99.2084
100.8696
101.0668
103.0609
104.5826
105.0949
107.1701
106.7517
108.1177
110.3629
110.2549
110.6876
111.5583
113.7671
111.7772
113.7671
116.8231
116.9380
119.0265
119.8497
118.6757
121.7546
123.2050
122.7194
125.0450
126.2886
126.4137
126.0388
127.2934
129.8449
130.6216
128.5620
131.0118
129.3300
134.3165
133.5148
134.5849
138.6870
138.6869
139.3846
141.3599
139.9457
142.6470
140.6507
145.9997
144.9695
144.2390
151.4374
147.7859
147.7859
150.0555
151.5918
151.4373
153.6175
154.5634
156.1558
158.4189
156.6374
158.9091
161.5550
160.0601
163.9149
160.8884
164.5970
163.4057
166.8385
167.8858
168.2368
169.6498
171.6172
169.6498
171.6172
171.6172
172.7025
172.7025
171.6172
178.2617
177.8840
177.1318
181.1271
182.6797
184.8425
178.0727
184.2494
188.6575
188.0484
190.7067
190.5004
191.1200
191.9502
193.8356
194.4695
201.8495
199.6408
198.3310
195.5321
198.9845
197.6804
202.2951
204.7700
205.4520
203.6400
204.3170
208.6754
206.1370
214.3625
213.8806
211.7301
214.1214
217.2854
220.0128
216.5496
219.0156
220.7648
221.0163
225.8699
221.0162
224.8360
225.6108
228.4839
228.4839
231.6766
231.6766
232.2148
233.8398
231.4082
240.2190
237.1380
233.2964
238.2518
239.0921
239.6547
237.6940
238.5315
236.8606
247.1409
242.7821
248.3220
251.6119
254.3502
261.8654
251.3102
252.5200
253.7380
259.3252
255.8900
261.2269
256.5097
262.5060
257.7556
254.6571
259.3252
259.6407
263.1490
265.7437
271.3827
263.7942
270.0403
268.7075
270.7103
266.0706
276.1587
271.0461
278.2433
286.4534
275.8135
278.2433
274.7816
280.3512
282.1259
286.8184
287.5506
282.8404
269.7062
285.7253
290.1351
288.2855
298.8755
289.0232
288.6541
292.3781
291.2533
290.8799
297.7132
292.3780
295.7912
295.4090
304.3900
305.9937
303.1955
298.4873
313.3706
331.2177
317.1606
307.6101
303.5929
319.7261
317.5861
310.4701
311.2947
318.8675
326.2799
319.2963
312.5378
323.6339
324.9529
324.5123
321.8882
325.3943
317.5860
327.6153
327.6153
329.8597
334.4199
337.2028
313.3706
335.8069
339.5492
333.9596
338.6076
341.4445
346.2552
350.1799
335.8069
333.0417
347.2299
342.8767
341.4445
353.6711
359.2679
357.7279
362.9020
351.6695
347.7188
352.6682
353.6711
364.4771
363.4259
357.2168
366.0631
356.1982
352.6681
366.5941
387.1310
361.3375
371.4287
374.1580
370.3456
378.0325
371.4286
371.9719
378.0325
375.8108
375.2586
325.8366
379.1512
391.8113
375.2585
370.8866
383.1081
383.6787
378.5912
395.3812
395.3812
367.1263
379.1512
385.9748
390.6328
390.0457
414.0363
399.6119
391.8113
395.9811
397.7899
395.9812
403.9155
376.9190
416.6303
411.4681
395.3811
392.4027
388.8755
399.6118
404.5363
402.6783
400.8339
405.1586
399.6119
413.3918
402.0620
405.7827
402.0620
412.1078
412.7490
408.9256
402.0620
410.1937
410.1936
417.2830
417.9373
412.7490
402.6783
419.2508
421.2335
423.2315
422.5639
423.9009
430.0035
431.3791
428.6352
425.2450
433.4556
425.2449
431.3791
436.9532
434.1516
429.3184
440.4966
435.5487
425.2449
458.9404
436.2500
416.6304
443.3654
445.5372
431.3790
436.9532
451.4139
435.5486
456.6610
441.9273
446.2648
440.4966
453.6505
432.0695
449.9329
445.5372
456.6610
447.7263
458.9404
473.0186
453.6504
450.6725
444.8113
461.2385
458.9404
495.5182
453.6504
449.1953
458.1784
465.1109
465.8920
473.0185
478.6872
476.2443
478.6872
478.6872
469.0373
484.4687
483.6358
480.3274
483.6358
485.3040
449.1954
483.6358
475.4344
492.0742
482.8051
485.3040
485.3042
481.1508
489.5172
492.9313
497.2554
481.1510
492.0741
479.5061
473.8217
482.8050
476.2441
474.6269
456.6610
464.3323
458.9404
463.5556
458.1785
469.0374
445.5370
454.4000
470.6232
459.7043
445.5372
444.0874
439.7843
445.5373
452.9029
443.3654
450.6724
455.9053
441.2110
447.7263
530.3527
433.4557
439.7843
427.2739
434.1515
431.3791
425.9195
420.5709
424.5721
422.5639
423.9010
425.9194
415.9793
414.6823
408.2938
411.4681
412.7490
401.4472
402.0620
408.9256
402.6783
415.9793
399.6118
402.0620
392.9955
400.2221
397.7898
399.6119
390.0457
392.9955
398.3958
386.5522
362.9021
383.1081
383.6787
381.4043
383.6787
378.0325
377.4752
378.5912
372.5166
370.8865
371.9720
366.5941
367.6599
368.7305
367.6599
354.1743
364.4772
367.6599
363.4259
359.2680
355.6905
354.1743
349.1922
359.2680
352.1683
350.1798
354.1742
356.1982
346.7419
351.1720
339.5492
369.8060
347.2299
347.2299
327.1692
339.5492
342.3984
333.0417
333.9596
333.5002
330.3114
332.1278
318.4394
332.1279
333.9596
323.1962
324.0726
321.4540
324.5123
323.1962
319.2963
318.8675
312.1226
318.8675
312.1226
304.7898
302.0080
305.9937
309.6490
306.3966
308.4232
308.0163
297.3274
302.0081
298.4873
293.8877
295.7912
295.7912
288.6541
298.8755
292.0024
290.5072
291.2533
291.6276
287.5505
282.1259
288.6541
287.1842
278.9434
274.7816
281.7696
275.1249
277.5458
275.1249
267.7142
271.3827
268.7075
271.0462
267.0550
265.4174
259.9568
265.4173
263.7942
268.3759
260.9086
261.5459
260.2736
260.2736
251.3103
257.7556
259.3252
253.4327
255.5809
253.1279
248.6185
247.1409
246.5533
244.8025
253.1279
245.6758
250.7085
243.0693
241.9235
235.4808
239.9366
231.4081
239.9366
233.2964
230.8726
231.4082
233.0253
228.4839
227.9578
224.0648
226.6498
223.2972
222.7876
223.2972
219.7629
217.0397
222.2794
216.7945
217.0397
213.6402
217.7778
212.2055
207.9789
210.7838
208.6754
211.0198
206.3660
204.0910
203.4151
199.8602
200.9621
201.1835
201.1835
198.3310
196.3877
196.1733
192.7852
184.0522
194.4695
190.2945
191.7422
187.4418
185.6373
186.2362
187.2401
187.0388
186.0363
186.6370
184.0522
182.2899
182.6797
177.5074
183.0705
179.0201
177.8840
171.2573
177.6956
172.3398
167.7107
169.8275
169.2951
167.0125
164.4262
166.3179
164.9394
166.6647
161.8895
160.0601
159.4011
157.9306
160.7223
143.2236
155.1980
155.8358
151.2831
152.3671
152.2117
152.2117
148.9912
148.5379
148.3871
149.2944
145.7045
144.0934
144.6768
143.3681
139.6648
139.5246
138.6870
139.5246
137.7170
135.3940
134.3165
132.9834
133.9149
132.7185
130.1032
128.9454
129.5872
130.4917
128.8174
127.7991
127.2934
126.4137
122.4774
122.5983
121.7546
120.3228
121.9950
120.0860
119.0266
118.0934
115.0017
115.9085
114.8889
116.9380
113.3217
111.5583
111.3400
109.7165
109.7165
108.1177
108.8608
108.1177
106.3350
104.8897
104.9923
107.9064
101.6609
99.8891
99.8891
99.3053
98.3400
99.2084
97.0042
96.4371
96.0610
96.2489
94.9409
94.2935
93.1935
91.7461
89.1773
88.8283
87.1028
88.2208
86.7615
86.6763
86.5063
86.3366
83.9097
83.1693
82.7606
81.3844
80.6642
81.0636
80.9836
78.3819
76.8412
77.4543
77.7624
75.4772
75.3270
74.1341
73.1767
73.7646
71.5804
71.6523
69.9427
69.9427
68.8217
68.2667
67.8529
68.2667
66.9632
65.6797
64.8792
64.9456
63.5621
62.0091
63.3012
61.5616
61.8810
60.6742
59.7964
58.5589
58.4975
57.2196
56.9184
54.4329
55.1938
55.3705
54.3747
53.3917
53.1622
52.5346
53.1049
52.1945
50.5716
51.4627
50.0750
48.5506
49.2001
48.2817
47.4806
46.4783
46.9514
45.8522
45.3862
43.9045
45.4378
44.4630
42.9501
43.0500
43.0999
41.7624
41.3709
40.0174
40.5943
39.3978
39.2556
38.3149
38.2215
37.4329
37.2026
36.8816
36.4256
35.6124
35.5226
35.1201
34.0585
33.4034
33.6211
32.4113
32.9702
32.6257
32.1549
31.5605
31.3917
31.2653
31.0552
30.5123
29.0318
28.7074
28.7074
28.3845
28.3845
28.1435
27.1883
27.2278
26.1305
26.1305
25.6661
24.9757
25.7432
24.7093
24.2552
24.1799
23.3197
23.4685
22.9126
23.4685
22.5081
22.4348
21.9245
21.2386
21.6348
21.2386
20.7738
19.9601
20.2418
20.0304
19.7846
19.4352
19.4352
18.9150
18.7082
18.6738
17.9559
17.8880
17.4148
17.7863
17.3811
16.9119
16.6788
16.8119
16.1163
16.4134
15.7225
15.2341
16.0834
14.7497
15.0722
14.7497
14.7497
13.7615
14.3013
13.5092
13.4149
13.2894
13.4778
13.0392
12.9145
12.9768
12.8834
12.5731
12.4186
12.0801
12.3261
12.0188
11.5914
11.5610
11.4093
11.3790
10.8064
10.8064
10.0618
10.7464
10.5073
10.0322
9.0071
10.2099
9.3856
9.3272
9.8551
9.6199
8.7177
9.5319
9.1815
9.0361
8.3438
8.8333
8.9201
8.5448
8.8911
8.1720
8.4585
7.7735
8.2292
7.7735
7.5470
7.5188
7.5188
7.4342
7.4342
7.0410
7.6318
7.2372
7.4060
7.4624
6.5952
7.3497
