219.7629
225.0939
227.1717
226.9105
232.2148
235.2062
235.7558
238.8116
240.2190
239.6547
243.9337
244.8025
247.1409
250.4084
254.0439
254.0439
259.3252
258.3818
255.2725
259.3251
265.0916
264.1177
268.3759
268.0447
267.3844
269.7062
272.7348
274.4389
279.9983
277.1982
283.9171
280.3513
282.4828
282.4828
286.4534
290.5072
292.0024
289.0233
293.1314
292.7543
295.0276
302.0081
300.0445
305.1902
300.8276
303.9910
304.3900
305.5916
310.8820
320.1567
310.4701
319.7261
321.0207
321.8882
328.5103
326.7242
326.7242
330.3114
333.0418
332.1279
324.0726
332.1278
338.1383
339.5492
343.3563
342.3984
342.8768
342.8767
347.7189
348.7000
350.6754
363.9510
362.9020
362.9021
351.1719
357.7278
360.3005
367.1264
367.1264
355.1839
366.0631
368.1945
372.5166
376.3643
377.4751
376.3643
375.8107
379.1511
381.9709
384.2507
379.7124
380.8390
387.7110
394.1854
391.2213
391.2213
402.0620
402.6783
402.6783
403.9155
454.4001
410.8301
399.6119
405.7826
424.5720
412.7490
392.9956
377.4752
415.3300
419.2509
421.2336
421.8979
421.2336
423.2316
423.2316
419.9101
433.4557
426.5958
430.0035
428.6352
430.0035
432.7617
440.4966
444.0874
439.0736
444.0874
449.9330
449.1952
445.5370
444.0874
447.7263
450.6725
451.4140
448.4599
466.6750
452.1575
456.6610
465.1109
465.8920
457.4187
468.2477
469.0374
469.0374
469.0373
468.2477
459.7043
465.8918
473.0186
481.1510
542.2154
478.6872
477.8706
480.3273
483.6358
489.5170
498.1276
486.1419
489.5172
505.1995
493.7911
500.7602
500.7602
499.0027
508.7984
492.0741
486.9820
509.7049
511.5261
504.3064
501.6427
512.4407
511.5261
518.9202
511.5261
519.8569
517.9860
518.9202
519.8569
526.4951
534.2580
525.5382
531.3245
526.4952
529.3839
542.2155
521.7393
524.5841
516.1264
532.2993
613.8670
542.2155
545.2513
539.2080
552.4479
541.2098
543.2241
546.2697
534.2578
594.4961
559.8068
561.9399
549.3442
564.0868
554.5338
551.4102
556.6328
558.7454
556.6328
565.1655
569.5155
575.0338
548.3161
573.9229
551.4100
577.2666
577.2664
566.2477
567.3334
573.9229
554.5336
594.4961
580.6437
580.6435
569.5154
590.9801
576.1481
587.4999
582.9139
598.0476
593.3203
579.5141
590.9801
576.1481
587.4998
646.3963
592.1480
599.2396
575.0336
596.8596
592.1482
595.6759
590.9801
561.9397
596.8597
595.6759
593.3203
612.6247
601.6355
601.6355
587.4999
610.1529
634.3495
608.9235
611.3867
592.1484
602.8399
620.1437
604.0482
617.6199
607.6985
631.7251
623.9634
620.1439
649.1271
588.6562
595.6757
610.1529
615.1134
616.3646
623.9634
625.2454
613.8668
612.6247
630.4200
607.6983
631.7251
626.5323
625.2454
630.4200
626.5320
613.8668
629.1194
631.7251
650.5001
633.0350
645.0383
631.7251
620.1437
635.6687
622.6857
626.5323
630.4197
646.3963
646.3963
599.2396
650.5001
592.1484
651.8781
639.6551
645.0383
633.0352
650.5001
645.0383
634.3493
640.9935
638.3215
656.0423
639.6551
639.6551
636.9927
631.7251
636.9926
650.4996
646.3959
657.4407
639.6553
670.2634
647.7592
633.0350
654.6492
636.9927
663.0865
667.3766
673.1721
677.5764
670.2632
661.6674
661.6672
649.1270
667.3766
670.2634
643.6851
642.3367
654.6490
654.6492
636.9927
679.0557
647.7590
667.3766
670.2634
654.6492
661.6674
656.0423
674.6346
670.2632
640.9937
663.0865
668.8171
656.0423
646.3961
663.0867
661.6674
650.5001
657.4409
651.8778
668.8171
587.4999
633.0350
664.5114
661.6672
658.8445
667.3764
685.0296
667.3764
647.7592
677.5764
682.0310
667.3764
674.6346
677.5764
667.3764
676.1027
680.5406
685.0294
816.8533
686.5372
686.5372
671.7148
685.0296
668.8173
671.7150
743.2235
679.0557
670.2634
773.8119
685.0296
671.7150
680.5406
674.6346
670.2632
680.5406
661.6672
665.9411
686.5372
665.9411
680.5406
697.2568
709.8708
679.0555
734.6304
680.5406
661.6672
621.4126
711.4754
680.5404
744.9632
670.2632
686.5374
679.0555
719.5963
680.5406
676.1027
698.8117
670.2632
683.5276
638.3217
685.0296
686.5374
694.1642
676.1027
679.0557
689.5703
694.1642
685.0296
685.0296
703.5144
703.5144
694.1640
676.1025
694.1642
680.5404
679.0557
694.1640
697.2565
691.0958
676.1027
697.2565
691.0956
694.1640
691.0958
703.5144
694.1642
713.0869
705.0941
698.8117
683.5276
685.0296
694.1642
694.1642
694.1642
683.5276
697.2568
677.5764
682.0312
717.9589
719.5960
686.5374
695.7074
686.5372
700.3735
694.1640
695.7076
724.5471
703.5144
701.9404
686.5374
850.9188
711.4756
705.0941
694.1640
674.6344
680.5404
709.8708
645.0383
701.9404
682.0312
670.2632
701.9409
701.9406
695.7074
708.2723
697.2568
698.8117
711.4756
689.5703
695.7076
694.1642
694.1642
705.0941
697.2565
700.3735
698.8117
714.7045
703.5144
688.0508
705.0941
719.5963
706.6799
709.8708
698.8120
701.9406
714.7045
721.2399
719.5963
709.8708
703.5142
705.0941
706.6799
706.6799
719.5963
724.5471
708.2720
709.8708
695.7074
694.1642
705.0941
698.8122
701.9406
724.5471
731.2418
713.0869
705.0941
709.8705
700.3732
688.0508
709.8708
706.6799
716.3286
714.7045
709.8708
667.3766
739.7651
695.7074
717.9592
700.3732
705.0941
698.8117
686.5374
709.8705
738.0466
697.2565
685.0296
701.9409
714.7045
705.0941
714.7043
713.0869
713.0869
703.5144
700.3732
613.8670
697.2568
713.0869
706.6799
741.4908
708.2723
736.3350
700.3730
717.9589
698.8122
731.2421
739.7651
706.6801
724.5471
706.6801
714.7043
697.2565
691.0958
719.5963
700.3732
755.5555
719.5963
724.5471
719.5960
722.8902
724.5471
717.9592
714.7045
694.1644
726.2107
724.5471
713.0867
722.8902
709.8708
724.5471
743.2235
729.5581
721.2399
732.9328
724.5471
721.2397
713.0869
709.8708
697.2565
729.5581
714.7045
739.7651
726.2107
727.8810
719.5963
717.9592
724.5471
844.3401
713.0867
703.5144
709.8705
697.2568
724.5471
705.0941
716.3286
726.2107
727.8808
717.9589
722.8902
736.3350
721.2397
705.0941
709.8708
716.3286
719.5960
721.2397
722.8902
705.0941
714.7045
695.7076
714.7043
714.7045
726.2107
724.5471
697.2565
714.7043
741.4908
714.7045
714.7043
781.3347
719.5960
727.8810
711.4754
722.8902
732.9328
744.9634
698.8117
706.6801
880.5183
731.2421
719.5963
709.8708
722.8902
706.6801
706.6801
719.5960
721.2399
716.3286
721.2399
727.8810
679.0557
703.5144
731.2421
722.8902
724.5471
703.5144
717.9592
721.2399
708.2723
706.6799
739.7651
708.2723
724.5471
726.2107
714.7043
709.8705
732.9328
734.6304
708.2723
714.7045
717.9589
722.8902
734.6304
729.5581
719.5960
721.2399
700.3732
722.8900
729.5579
721.2399
706.6801
757.3467
711.4756
706.6799
713.0869
724.5471
724.5471
709.8705
709.8705
729.5581
698.8120
721.2399
726.2107
717.9592
724.5471
732.9326
713.0867
692.6271
706.6801
694.1642
727.8808
743.2235
726.2107
750.2265
751.9954
717.9592
706.6801
713.0867
722.8902
736.3350
665.9413
708.2723
722.8900
727.8810
734.6304
697.2565
748.4648
706.6799
724.5471
750.2265
734.6304
726.2107
726.2107
714.7043
732.9328
757.3467
743.2235
732.9328
731.2418
748.4648
743.2235
731.2421
714.7043
709.8708
713.0869
732.9328
717.9589
738.0463
726.2107
713.0869
676.1027
722.8902
727.8810
732.9328
741.4908
697.2565
731.2421
706.6801
719.5960
724.5471
738.0466
744.9632
727.8810
731.2421
727.8808
717.9589
732.9328
724.5469
716.3286
726.2107
719.5960
729.5581
721.2397
724.5469
721.2397
736.3350
738.0466
719.5960
729.5579
757.3467
705.0941
719.5960
722.8902
727.8810
721.2397
726.2107
716.3284
798.7432
719.5963
731.2421
729.5581
727.8810
717.9592
719.5963
726.2107
701.9406
736.3350
708.2723
731.2418
731.2418
709.8708
726.2107
706.6801
722.8902
726.2107
665.9413
727.8810
717.9589
722.8902
719.5960
729.5579
726.2107
716.3286
746.7105
736.3350
719.5960
738.0463
744.9634
734.6304
731.2421
724.5471
729.5581
721.2397
736.3350
709.8705
726.2107
709.8708
726.2107
709.8708
722.8902
719.5960
724.5471
736.3350
731.2421
729.5581
711.4754
721.2399
727.8810
744.9634
729.5581
701.9409
717.9589
727.8810
729.5581
721.2399
711.4756
713.0867
736.3350
731.2421
719.5960
736.3350
719.5963
787.0621
734.6304
724.5471
731.2418
738.0463
721.2397
722.8900
727.8810
706.6799
721.2397
722.8902
732.9326
711.4756
726.2107
719.5963
736.3350
729.5579
719.5960
724.5471
732.9328
694.1644
734.6304
731.2421
731.2421
724.5471
724.5471
746.7103
727.8810
729.5581
726.2104
722.8900
732.9328
716.3286
750.2265
719.5960
706.6801
741.4908
727.8810
827.2334
736.3350
717.9592
722.8902
729.5581
709.8708
657.4409
706.6801
722.8902
711.4756
724.5471
743.2235
703.5144
724.5471
741.4905
732.9328
685.0294
750.2265
695.7074
753.7717
721.2397
759.1454
744.9632
726.2107
709.8708
713.0869
734.6304
729.5581
736.3348
719.5960
759.1454
729.5581
739.7651
736.3348
736.3350
812.7661
726.2107
751.9954
717.9592
724.5471
706.6801
736.3348
729.5581
727.8810
766.4167
691.0958
744.9632
714.7043
750.2265
731.2421
779.4420
721.2399
738.0466
734.6304
731.2421
751.9954
726.2107
727.8810
746.7103
736.3350
532.2993
722.8902
727.8810
729.5579
750.2265
700.3732
680.5404
743.2233
751.9954
732.9328
717.9592
732.9328
753.7717
734.6304
726.2107
729.5581
729.5581
736.3350
691.0958
713.0869
739.7651
724.5469
701.9406
703.5142
734.6304
729.5581
719.5960
724.5469
773.8119
714.7045
738.0466
751.9954
746.7103
734.6304
738.0466
694.1642
697.2565
753.7717
831.4515
722.8902
694.1640
705.0939
743.2235
683.5276
750.2265
741.4905
685.0296
808.7150
711.4754
719.5960
729.5581
697.2565
700.3730
719.5963
779.4420
724.5471
701.9409
885.2364
724.5469
701.9409
724.5471
738.0466
705.0941
695.7074
736.3350
727.8810
734.6304
721.2397
731.2421
698.8122
750.2265
736.3350
753.7717
713.0869
757.3467
726.2107
746.7105
734.6304
743.2235
721.2399
721.2397
719.5963
729.5581
719.5960
727.8810
739.7651
743.2235
721.2399
727.8810
726.2107
722.8900
731.2421
734.6304
721.2399
726.2107
724.5471
736.3350
716.3284
748.4648
727.8810
713.0867
714.7043
757.3467
716.3286
705.0939
729.5581
768.2535
732.9328
736.3350
716.3286
743.2235
729.5581
731.2421
734.6304
739.7651
724.5471
694.1642
722.8900
724.5471
697.2568
719.5963
639.6551
713.0867
741.4908
703.5142
729.5581
726.2107
714.7043
717.9592
750.2265
714.7045
731.2421
729.5579
750.2265
743.2233
721.2399
726.2107
719.5963
743.2235
726.2104
719.5960
724.5471
706.6801
726.2107
731.2421
726.2107
719.5960
781.3347
734.6304
713.0867
751.9954
722.8902
729.5581
717.9589
703.5144
717.9589
732.9328
741.4908
721.2397
743.2235
722.8902
764.5872
726.2104
746.7105
736.3350
759.1454
697.2565
727.8810
746.7105
705.0941
760.9517
708.2720
736.3350
714.7043
732.9328
731.2421
751.9954
701.9409
727.8810
731.2421
729.5581
721.2397
857.5897
726.2107
731.2421
750.2265
722.8900
721.2397
727.8808
848.7150
753.7717
785.1447
726.2104
729.5579
743.2233
726.2107
708.2723
750.2265
729.5581
682.0310
738.0466
726.2107
734.6304
671.7148
717.9589
729.5581
716.3284
729.5579
726.2107
724.5471
732.9328
731.2421
711.4756
717.9589
732.9328
671.7148
726.2107
729.5581
731.2421
741.4908
727.8810
716.3286
748.4648
794.8154
732.9328
739.7651
746.7105
873.5253
732.9326
727.8810
724.5469
719.5960
741.4908
734.6304
734.6304
722.8900
726.2107
722.8902
751.9954
751.9954
837.8512
743.2233
688.0510
741.4908
734.6304
727.8810
732.9328
751.9954
738.0466
741.4905
751.9954
736.3348
734.6302
757.3467
743.2235
753.7717
713.0867
724.5471
697.2565
729.5581
760.9517
800.7200
719.5960
746.7103
729.5581
741.4908
732.9328
757.3467
721.2399
792.8644
734.6302
738.0466
753.7717
721.2397
721.2399
743.2233
750.2265
741.4908
729.5581
750.2265
726.2104
731.2418
721.2397
717.9592
709.8705
719.5960
727.8810
717.9589
701.9409
750.2265
736.3350
724.5471
729.5581
741.4908
724.5471
729.5581
732.9328
726.2107
748.4648
713.0867
729.5581
746.7103
724.5469
676.1025
732.9326
716.3284
670.2632
729.5579
698.8117
736.3350
709.8705
729.5581
750.2265
750.2265
787.0618
738.0466
746.7105
753.7717
734.6304
650.5001
743.2233
751.9954
727.8810
736.3348
734.6304
736.3350
722.8900
713.0867
738.0463
716.3284
748.4648
746.7103
743.2233
777.5570
751.9954
751.9954
731.2421
717.9592
746.7105
744.9634
717.9589
722.8900
746.7103
744.9634
738.0466
748.4648
751.9954
736.3350
764.5872
746.7103
748.4648
738.0463
724.5471
750.2265
736.3350
719.5960
734.6304
701.9409
721.2397
734.6302
759.1454
714.7043
731.2421
744.9634
719.5963
734.6304
727.8808
734.6304
743.2235
727.8810
731.2418
724.5471
729.5581
796.7750
732.9328
706.6801
721.2397
748.4648
738.0463
726.2107
729.5579
658.8443
721.2397
722.8902
736.3350
739.7651
722.8900
714.7045
746.7105
727.8810
732.9328
746.7105
738.0463
739.7649
729.5581
743.2233
689.5705
804.6996
709.8708
722.8902
724.5471
732.9328
785.1447
753.7717
722.8902
676.1027
744.9632
729.5579
736.3350
743.2235
746.7103
746.7105
717.9589
746.7103
685.0294
709.8708
732.9328
726.2107
746.7105
722.8900
722.8900
748.4648
736.3350
711.4754
741.4908
751.9954
736.3350
727.8808
721.2397
783.2356
751.9954
739.7651
736.3350
739.7651
729.5581
698.8120
743.2235
721.2397
711.4754
734.6304
739.7651
724.5469
743.2235
731.2421
731.2421
743.2235
732.9328
738.0463
716.3284
751.9954
717.9592
701.9409
751.9954
714.7043
751.9954
781.3347
738.0466
701.9406
741.4908
721.2399
744.9634
744.9634
781.3347
741.4908
746.7105
757.3467
743.2235
746.7105
729.5581
746.7103
746.7103
709.8705
656.0425
739.7651
709.8708
726.2107
732.9328
727.8810
724.5469
744.9632
743.2233
744.9634
741.4905
721.2397
732.9326
739.7651
760.9517
751.9954
746.7105
743.2235
750.2265
743.2235
724.5471
744.9632
746.7103
748.4648
724.5471
751.9954
729.5581
731.2418
750.2265
741.4908
741.4908
753.7717
743.2235
748.4648
732.9328
717.9589
721.2397
727.8810
743.2233
717.9589
738.0466
751.9954
732.9328
750.2265
719.5963
750.2265
741.4908
736.3350
750.2265
743.2235
779.4420
751.9954
751.9954
727.8810
846.5225
724.5471
719.5963
750.2265
724.5471
726.2107
750.2265
732.9328
746.7105
697.2568
726.2107
741.4908
722.8902
753.7717
719.5960
755.5555
709.8705
731.2421
751.9954
781.3347
846.5228
711.4756
679.0557
746.7105
722.8900
734.6302
722.8902
727.8808
736.3348
731.2418
750.2265
732.9328
736.3350
726.2104
746.7105
731.2418
722.8900
717.9592
899.6672
743.2235
722.8902
741.4908
727.8810
721.2399
743.2235
722.8900
750.2265
744.9634
741.4908
771.9513
748.4648
744.9632
722.8900
729.5581
741.4905
734.6304
726.2107
741.4908
744.9632
788.9878
727.8810
732.9328
732.9328
750.2265
727.8810
726.2104
748.4648
743.2233
746.7105
731.2421
750.2265
748.4648
731.2421
744.9634
785.1447
714.7043
746.7105
729.5581
731.2421
724.5471
736.3350
719.5960
721.2397
734.6302
729.5579
746.7103
779.4417
868.9180
714.7043
727.8810
727.8810
743.2233
731.2421
736.3350
729.5581
741.4905
734.6304
741.4905
719.5960
731.2421
714.7043
748.4648
716.3284
713.0867
739.7651
689.5705
729.5579
732.9326
736.3350
729.5581
717.9592
746.7105
721.2399
722.8902
734.6304
668.8171
846.5228
757.3467
734.6302
755.5555
732.9328
734.6304
781.3347
721.2399
818.9106
744.9634
711.4754
724.5471
736.3350
746.7105
731.2421
743.2233
741.4905
743.2235
744.9632
750.2265
717.9589
729.5581
753.7717
724.5471
671.7150
729.5581
746.7105
706.6799
751.9954
746.7103
751.9954
734.6304
790.9219
739.7651
734.6302
748.4648
840.0040
743.2233
743.2235
731.2421
722.8900
734.6304
736.3348
705.0941
732.9326
731.2421
757.3467
744.9634
748.4648
703.5142
738.0466
724.5471
748.4648
746.7103
732.9328
750.2265
862.0892
716.3284
732.9328
724.5471
734.6304
736.3350
736.3350
750.2265
727.8810
736.3350
751.9954
732.9326
731.2421
744.9632
719.5960
744.9634
729.5581
703.5142
751.9954
732.9328
727.8808
716.3286
750.2265
748.4646
785.1447
727.8810
724.5471
727.8810
743.2235
736.3350
753.7717
738.0466
739.7651
726.2107
741.4908
708.2723
748.4648
734.6304
695.7076
719.5960
736.3350
708.2720
717.9589
739.7649
746.7103
746.7105
727.8808
741.4905
729.5581
713.0867
673.1721
744.9634
731.2421
732.9328
682.0310
713.0867
722.8902
736.3350
727.8808
727.8810
727.8810
722.8900
746.7103
743.2235
734.6304
727.8808
727.8810
727.8810
736.3350
719.5960
729.5581
732.9328
724.5471
731.2418
727.8810
721.2397
755.5555
734.6302
743.2233
732.9326
724.5471
739.7649
726.2107
743.2235
721.2399
711.4754
677.5764
798.7429
724.5469
734.6304
727.8810
785.1447
734.6302
722.8900
734.6304
726.2107
790.9219
731.2418
732.9328
760.9517
708.2719
771.9510
727.8810
701.9409
711.4754
750.2265
729.5579
711.4754
713.0867
705.0941
736.3350
736.3350
739.7649
717.9589
766.4164
724.5471
753.7717
738.0463
577.2664
750.2265
692.6271
736.3348
724.5471
721.2397
722.8900
717.9589
736.3348
734.6304
738.0466
927.2519
743.2233
806.7030
721.2397
719.5963
724.5471
738.0463
719.5963
727.8810
736.3350
748.4648
738.0463
744.9634
743.2235
731.2418
748.4648
736.3348
741.4908
722.8900
724.5471
709.8705
727.8808
727.8810
753.7717
748.4648
732.9328
750.2265
692.6268
729.5579
731.2418
724.5471
750.2265
743.2235
726.2104
753.7717
726.2107
748.4646
736.3350
746.7105
734.6302
750.2265
724.5469
781.3347
734.6304
744.9634
734.6304
726.2107
746.7103
734.6302
729.5579
753.7717
711.4754
729.5579
722.8900
746.7105
726.2107
719.5960
732.9328
743.2235
744.9632
724.5471
722.8900
703.5142
719.5960
726.2107
743.2233
726.2104
744.9632
753.7717
739.7651
716.3286
741.4905
750.2265
736.3350
729.5581
717.9592
736.3348
731.2418
532.2993
750.2265
719.5963
724.5471
732.9328
692.6268
750.2265
739.7651
706.6799
736.3350
721.2397
746.7105
729.5581
726.2104
727.8808
816.8533
736.3348
726.2107
729.5581
731.2421
727.8810
727.8810
727.8808
711.4754
743.2233
724.5471
722.8900
744.9634
738.0466
746.7105
694.1642
743.2235
724.5471
744.9634
734.6304
671.7148
796.7750
727.8810
748.4648
744.9634
726.2107
753.7717
722.8902
783.2356
731.2418
721.2397
706.6799
719.5960
719.5963
736.3350
738.0466
729.5581
729.5581
739.7651
716.3284
714.7043
714.7045
746.7103
717.9589
732.9326
724.5469
724.5469
731.2421
775.6802
711.4756
731.2421
713.0867
724.5471
746.7105
744.9634
722.8902
727.8810
726.2107
743.2235
746.7103
732.9328
722.8900
724.5471
748.4648
726.2107
708.2723
743.2235
743.2235
732.9328
862.0892
724.5471
757.3467
751.9954
790.9219
750.2265
726.2107
724.5469
732.9326
741.4905
716.3284
724.5471
727.8810
744.9634
739.7651
743.2235
724.5471
713.0869
717.9589
746.7103
744.9632
739.7651
722.8902
732.9326
726.2107
695.7076
717.9589
717.9589
709.8705
721.2397
719.5960
727.8810
721.2399
722.8900
731.2421
743.2235
726.2107
701.9406
724.5471
729.5581
708.2723
705.0941
746.7105
732.9328
743.2235
741.4905
694.1642
750.2265
726.2107
750.2265
738.0463
770.0986
751.9954
734.6302
757.3467
706.6799
732.9328
732.9328
753.7717
734.6304
738.0466
750.2265
727.8810
741.4905
722.8902
750.2265
781.3347
729.5579
729.5581
746.7105
736.3350
746.7105
722.8900
746.7103
724.5469
722.8902
751.9954
736.3350
736.3348
706.6799
741.4908
724.5471
717.9589
750.2265
714.7043
717.9589
724.5471
719.5960
724.5471
719.5963
757.3467
744.9632
738.0466
732.9328
727.8810
724.5471
757.3467
713.0869
719.5960
724.5471
724.5469
729.5581
717.9589
726.2107
724.5471
734.6304
731.2418
736.3350
744.9634
724.5471
713.0869
714.7043
722.8902
724.5471
719.5960
753.7717
732.9328
738.0466
736.3350
757.3467
741.4905
724.5471
724.5469
751.9954
714.7045
736.3348
727.8810
727.8810
724.5469
724.5471
760.9517
731.2421
741.4905
727.8810
701.9409
734.6302
727.8810
726.2107
724.5471
717.9589
706.6801
726.2107
743.2235
738.0463
706.6801
727.8810
716.3284
744.9632
729.5581
719.5960
732.9328
713.0867
705.0941
729.5581
736.3350
729.5581
731.2421
721.2397
716.3286
731.2421
708.2720
732.9326
741.4908
719.5963
744.9632
788.9878
741.4908
722.8900
729.5579
732.9326
717.9592
691.0958
736.3350
736.3350
746.7103
717.9589
746.7105
744.9632
738.0466
746.7103
729.5581
724.5471
719.5963
731.2421
744.9632
697.2568
731.2418
744.9634
685.0296
750.2265
734.6304
732.9328
695.7074
711.4756
732.9326
739.7649
719.5960
748.4648
746.7103
719.5963
716.3284
708.2723
773.8119
700.3730
734.6304
732.9328
727.8810
731.2421
708.2723
734.6304
750.2265
724.5471
760.9517
673.1721
719.5963
746.7105
741.4908
739.7649
685.0294
705.0941
701.9406
727.8810
692.6268
726.2104
726.2107
722.8902
743.2235
697.2565
727.8810
732.9328
708.2723
751.9954
674.6344
738.0463
717.9592
750.2265
734.6304
751.9954
719.5963
757.3467
705.0941
700.3735
736.3348
701.9406
709.8708
722.8900
713.0867
724.5469
709.8708
714.7043
753.7717
719.5960
726.2107
727.8810
732.9326
719.5960
729.5579
703.5144
729.5579
711.4754
670.2632
739.7651
724.5471
726.2107
744.9632
736.3350
726.2107
751.9954
750.2265
706.6801
705.0939
775.6805
787.0618
676.1027
711.4756
732.9328
692.6273
753.7717
775.6805
727.8810
729.5579
736.3348
750.2265
731.2421
719.5960
726.2107
736.3350
750.2265
721.2397
750.2265
709.8708
711.4756
743.2235
732.9328
736.3350
736.3350
755.5555
716.3286
727.8810
726.2107
705.0941
734.6304
726.2107
736.3350
751.9954
713.0869
741.4908
734.6302
729.5581
719.5960
724.5469
705.0941
727.8808
709.8705
729.5581
719.5963
716.3284
741.4908
739.7651
727.8810
727.8808
727.8810
937.6639
713.0867
713.0869
734.6302
711.4756
722.8900
724.5471
719.5963
736.3350
721.2397
714.7043
706.6801
716.3284
748.4648
717.9592
722.8902
729.5581
688.0510
698.8120
721.2397
668.8171
751.9954
741.4908
808.7150
685.0296
711.4754
719.5960
750.2265
719.5960
714.7045
721.2397
721.2399
734.6304
716.3284
727.8810
724.5471
731.2418
744.9632
734.6304
726.2107
713.0869
703.5142
727.8810
722.8902
719.5963
734.6304
732.9328
734.6304
719.5963
729.5579
706.6799
732.9326
748.4648
750.2265
721.2397
727.8810
722.8902
717.9589
724.5471
738.0466
738.0466
698.8117
732.9328
731.2421
705.0939
731.2421
734.6304
709.8708
673.1721
716.3286
713.0869
709.8708
716.3286
706.6799
713.0869
790.9219
713.0867
727.8810
743.2235
726.2107
709.8708
686.5377
700.3732
714.7043
731.2421
722.8902
706.6801
721.2399
695.7076
703.5144
731.2421
706.6799
711.4756
703.5144
732.9328
726.2107
721.2397
727.8810
726.2107
743.2235
724.5471
713.0869
721.2399
732.9328
732.9328
724.5471
703.5142
658.8443
713.0869
716.3286
708.2723
726.2107
714.7045
700.3730
721.2399
729.5581
721.2399
743.2235
697.2568
744.9632
706.6799
722.8902
721.2397
694.1640
713.0867
711.4754
721.2399
708.2723
714.7045
722.8902
685.0296
697.2565
721.2399
738.0466
727.8810
709.8708
726.2107
685.0294
689.5705
706.6799
721.2397
719.5960
700.3735
722.8902
726.2107
709.8708
729.5581
700.3730
697.2565
722.8900
700.3730
673.1718
727.8810
729.5581
726.2107
697.2565
713.0869
717.9589
713.0867
719.5960
716.3286
691.0958
709.8705
719.5960
751.9954
703.5142
708.2720
706.6801
727.8810
705.0941
714.7043
721.2397
722.8902
706.6796
788.9878
717.9592
734.6307
722.8902
700.3732
706.6799
689.5705
716.3286
717.9592
709.8705
722.8900
726.2107
724.5471
685.0296
731.2421
697.2565
692.6271
705.0939
726.2107
697.2565
724.5469
701.9404
726.2107
716.3286
709.8708
701.9406
697.2565
719.5960
714.7045
705.0939
703.5139
739.7651
727.8810
705.0941
724.5471
717.9592
722.8902
670.2632
682.0312
694.1644
682.0312
729.5581
708.2723
703.5142
709.8708
734.6304
692.6268
724.5471
691.0958
703.5144
724.5471
697.2565
713.0869
709.8708
697.2568
703.5139
673.1718
694.1640
714.7043
686.5374
709.8708
701.9409
670.2632
694.1644
694.1642
711.4756
685.0294
711.4754
706.6801
692.6271
698.8117
701.9404
753.7717
709.8708
697.2565
701.9409
708.2723
708.2723
711.4756
709.8708
688.0510
679.0557
706.6801
698.8117
685.0296
706.6801
706.6801
677.5762
697.2565
698.8117
727.8810
713.0869
706.6801
722.8902
688.0510
680.5404
691.0958
679.0555
706.6801
711.4756
674.6344
716.3286
691.0958
685.0296
705.0941
691.0958
683.5276
706.6799
703.5144
682.0312
708.2723
692.6271
691.0956
668.8173
692.6268
679.0555
700.3732
692.6271
695.7076
724.5471
683.5276
686.5372
685.0296
688.0508
674.6344
677.5764
674.6346
701.9409
685.0296
691.0958
709.8708
689.5703
667.3764
692.6271
668.8171
695.7074
691.0956
676.1027
679.0557
682.0312
667.3766
701.9409
701.9406
705.0941
665.9411
722.8902
691.0956
691.0958
671.7148
697.2565
673.1718
673.1721
686.5372
680.5406
711.4756
673.1721
697.2565
692.6271
677.5764
677.5762
700.3730
682.0312
677.5764
661.6672
667.3764
713.0869
700.3730
692.6271
685.0296
729.5579
664.5111
701.9409
680.5404
673.1721
703.5144
691.0956
679.0557
673.1721
668.8173
695.7074
668.8173
668.8171
661.6672
694.1640
698.8117
671.7150
677.5764
617.6198
679.0555
673.1718
630.4202
656.0425
705.0941
670.2632
682.0310
657.4407
647.7590
676.1025
668.8171
683.5273
680.5406
680.5406
688.0510
665.9411
667.3766
674.6346
673.1718
650.4999
677.5764
677.5762
670.2632
682.0310
668.8171
643.6851
708.2723
706.6801
656.0425
674.6346
676.1027
654.6492
667.3764
665.9413
674.6346
650.5001
674.6346
686.5372
664.5111
664.5114
665.9411
563.0116
663.0867
653.2609
671.7150
656.0425
649.1271
692.6271
673.1721
674.6346
660.2531
658.8443
636.9927
631.7251
647.7592
656.0425
656.0425
645.0383
670.2634
649.1270
636.9927
645.0381
627.8235
663.0865
673.1721
646.3961
649.1270
700.3735
643.6852
674.6346
630.4200
640.9937
643.6851
656.0423
657.4407
654.6492
651.8778
649.1267
636.9927
633.0350
653.2609
620.1437
610.1531
629.1194
642.3367
630.4197
622.6855
658.8445
633.0350
590.9803
635.6685
636.9927
640.9935
639.6553
642.3372
634.3493
654.6492
639.6551
631.7249
646.3963
626.5323
653.2609
638.3215
653.2611
626.5320
658.8445
626.5323
620.1439
630.4200
635.6687
627.8235
617.6199
617.6199
642.3369
616.3646
656.0425
616.3644
617.6199
611.3867
634.3495
626.5320
620.1437
635.6687
633.0350
646.3959
611.3867
600.4354
635.6687
618.8797
602.8398
608.9235
602.8398
616.3646
616.3644
631.7251
595.6755
588.6559
607.6983
595.6757
622.6857
593.3199
610.1531
617.6199
612.6247
584.0546
596.8597
607.6985
590.9801
607.6983
592.1480
588.6562
594.4959
596.8597
605.2609
595.6759
608.9236
582.9137
572.8154
593.3199
573.9229
599.2392
593.3199
559.8068
571.7120
592.1480
586.3478
590.9801
571.7118
598.0473
565.1655
579.5143
573.9229
573.9229
552.4479
573.9229
570.6118
563.0114
575.0338
563.0116
570.6118
568.4227
572.8156
567.3334
599.2396
569.5154
575.0339
568.4227
549.3442
556.6328
550.3754
553.4893
553.4891
557.6874
557.6873
544.2362
551.4102
563.0116
563.0116
536.2288
556.6327
555.5816
645.0381
551.4100
517.9860
555.5816
534.2578
553.4893
558.7454
544.2362
543.2243
544.2362
542.2155
555.5816
550.3753
525.5382
531.3245
486.1419
538.2120
523.6328
522.6845
541.2100
535.2417
517.0548
520.7966
541.2100
520.7966
530.3527
524.5841
567.3333
528.4180
526.4951
517.0548
522.6846
510.6141
510.6141
520.7966
505.1993
515.2009
512.4407
508.7984
514.2781
515.2009
508.7984
495.5183
500.7602
512.4404
508.7984
499.0027
508.7984
502.5281
494.6535
493.7911
490.3670
478.6871
497.2554
492.0741
486.9821
495.5183
488.6697
491.2193
473.8216
433.4557
473.0186
478.6872
471.4195
479.5061
476.2443
468.2477
481.9769
475.4343
462.7810
458.9404
460.4703
459.7043
470.6232
459.7042
469.0374
458.1785
456.6609
449.1954
454.4001
465.8920
466.6750
462.0088
445.5372
455.1517
448.4599
446.2650
452.9030
446.2649
446.2650
455.9053
438.3650
444.8113
441.9273
434.8492
446.9947
448.4599
432.0694
430.6903
429.3185
437.6581
432.0694
444.0874
432.0695
424.5720
424.5721
426.5958
422.5639
420.5710
419.9099
423.9009
409.5587
418.5933
414.0362
413.3918
410.8300
407.0351
410.1937
414.0363
407.0351
402.0620
405.1586
399.6118
403.9154
399.6119
399.6118
397.7898
392.9955
400.8340
386.5522
399.0031
404.5363
386.5522
402.0620
385.3986
393.5899
384.2507
382.5389
380.8391
384.2506
382.5389
375.8108
374.7076
378.0325
378.0325
380.8391
381.4043
381.4043
374.7076
362.9020
373.0625
361.3375
373.6096
366.5941
363.4259
364.4772
363.4259
371.9720
365.0046
362.3794
354.6785
366.0631
355.1840
318.4394
357.7279
350.6754
347.2299
350.1798
353.6711
345.2846
349.6855
340.0215
341.9210
338.1384
342.8767
342.3984
336.2712
339.0779
339.5492
341.4445
334.4199
330.3114
333.0418
335.3436
329.4089
325.3942
333.0418
331.6723
328.9591
318.8674
324.0727
342.3984
328.9591
324.0726
318.8674
309.2395
321.8882
311.2947
318.0123
312.1226
319.7261
310.4702
308.0163
307.6102
306.3966
302.7990
305.1903
302.4031
304.3900
303.1955
299.2644
298.4873
296.9422
297.7133
298.0998
292.3781
296.1741
289.3931
292.7544
296.5578
287.9177
288.6541
287.1842
285.3624
288.2855
282.8404
285.3624
281.4140
281.7696
280.3513
278.9433
275.8134
271.3827
272.3958
271.7198
270.7103
271.3827
276.1587
267.3843
272.0576
270.3750
268.7076
269.0398
269.7061
257.1315
269.7061
257.7556
256.1996
262.8272
260.2736
259.3251
255.8900
257.4433
255.8900
253.4327
259.3252
253.7380
252.8237
256.8203
247.7305
250.7085
248.0260
249.5112
248.0260
248.0260
242.7821
244.8026
243.0693
240.2190
240.7853
238.5315
241.3534
237.6940
236.3073
236.5838
238.8116
237.4158
232.7547
233.8398
227.1717
229.8067
231.1402
229.2763
224.5785
228.7476
225.3522
225.8700
227.9578
224.8360
222.7876
218.7673
220.0128
221.5203
217.2853
218.5193
221.7730
216.5496
214.8459
213.6402
214.1214
214.1214
217.5314
209.1415
209.3750
210.3127
211.7301
213.8806
217.0397
218.5193
218.0246
219.5134
221.5203
227.9578
226.6497
228.2207
224.5785
225.3522
230.3388
225.6108
239.9366
234.9320
232.2148
237.9727
241.0691
239.6547
243.6451
246.5534
244.8025
248.0260
250.4084
252.2168
253.1279
252.8237
257.1316
250.4084
256.8204
255.2724
260.5908
262.1855
263.7942
267.0551
263.7942
270.7103
268.7076
271.7198
276.8510
273.0744
276.1587
276.1587
276.5045
277.1981
281.0591
277.5459
284.2774
286.0890
289.0232
288.6541
288.2855
289.0232
296.1741
293.5092
296.9422
296.9421
295.0276
302.0081
300.8276
305.9937
307.6101
302.0081
308.8310
306.8004
306.3966
318.8674
311.7083
312.1226
318.4395
316.3124
320.1567
321.8882
327.1693
327.6153
325.8366
325.3942
332.5843
333.9596
335.8069
337.6701
337.2028
341.9210
342.3984
345.7694
343.3563
349.1922
346.7420
347.2299
343.3562
350.6754
351.6695
349.6855
361.3375
352.1683
358.7534
352.6682
363.9509
367.6598
367.6599
365.5333
371.9720
366.0631
371.9720
373.6095
375.2586
380.8390
382.5389
386.5522
376.3642
446.2648
379.7124
394.7826
381.9709
399.0031
390.0457
391.2213
391.8113
400.2222
394.1855
411.4681
400.2221
405.7827
397.1855
421.2334
405.1587
412.1078
409.5588
421.8979
415.3299
415.9793
419.9101
423.2316
423.9010
420.5709
417.9373
429.3185
428.6352
424.5721
430.6904
428.6352
390.6328
438.3650
456.6610
436.9532
436.9531
440.4967
437.6581
446.9945
451.4140
441.9272
447.7263
454.4000
451.4140
455.9053
451.4140
462.0088
457.4187
457.4187
455.9053
461.2385
468.2477
470.6231
469.8292
455.1516
466.6750
465.1111
477.0560
470.6232
474.6269
488.6696
470.6232
457.4187
492.9315
483.6357
486.9821
490.3670
472.2178
469.0374
480.3273
496.3856
489.5170
496.3856
503.4158
497.2552
505.1995
499.0027
508.7986
517.9861
513.3580
506.0952
515.2009
499.8800
513.3580
517.0548
512.4407
507.8948
514.2781
507.8948
526.4952
541.2100
511.5261
523.6328
505.1996
518.9202
506.9936
514.2781
510.6143
535.2419
548.3160
543.2243
558.7454
547.2912
529.3839
511.5261
543.2243
545.2515
550.3754
538.2120
553.4893
533.2770
558.7452
538.2118
554.5338
537.2189
544.2362
563.0116
550.3754
556.6327
568.4225
567.3334
566.2477
556.6328
538.2120
568.4225
528.4180
557.6873
572.8156
561.9397
565.1655
576.1483
572.8156
563.0114
558.7454
573.9227
589.8162
600.4356
501.6429
572.8154
556.6327
590.9801
612.6247
579.5143
569.5154
577.2664
592.1480
586.3475
554.5338
575.0338
600.4356
605.2609
605.2609
581.7769
604.0482
576.1483
615.1134
598.0476
592.1482
587.4998
585.1990
613.8670
585.1990
602.8399
584.0544
570.6118
594.4959
596.8597
572.8154
604.0483
602.8398
598.0476
599.2396
601.6357
613.8670
629.1193
660.2531
593.3199
604.0482
629.1194
633.0350
612.6247
657.4407
611.3867
600.4354
634.3495
626.5320
615.1134
636.9927
630.4200
670.2634
671.7150
638.3215
643.6852
610.1529
654.6492
664.5111
633.0350
653.2611
631.7249
657.4407
627.8234
634.3495
627.8234
650.5001
665.9413
635.6687
620.1437
625.2454
633.0350
636.9926
642.3367
635.6687
633.0350
643.6851
636.9927
645.0383
635.6687
634.3495
642.3367
626.5320
660.2531
633.0347
646.3961
651.8781
642.3369
674.6346
650.5001
668.8173
653.2611
640.9937
645.0383
660.2531
650.4999
643.6852
674.6346
645.0381
656.0425
650.4999
649.1271
653.2611
646.3963
676.1027
658.8445
794.8154
663.0867
660.2533
661.6674
670.2634
634.3493
685.0296
670.2634
660.2531
646.3963
643.6852
671.7150
656.0423
668.8173
670.2632
650.4999
658.8445
679.0557
653.2611
660.2531
676.1027
667.3766
645.0383
676.1027
688.0510
661.6674
663.0867
688.0510
688.0510
660.2533
674.6346
670.2634
665.9411
660.2533
667.3764
683.5276
676.1027
663.0865
677.5764
674.6346
661.6672
654.6492
653.2611
649.1271
682.0312
686.5374
604.0483
671.7148
670.2632
642.3367
677.5764
753.7717
705.0941
688.0510
680.5406
670.2632
674.6346
673.1721
692.6268
692.6271
682.0312
663.0865
673.1721
701.9409
679.0557
689.5703
670.2634
695.7076
679.0557
653.2609
691.0958
680.5406
668.8171
671.7150
685.0296
686.5374
656.0425
636.9927
706.6796
680.5406
676.1025
674.6346
706.6801
692.6271
673.1721
679.0557
692.6268
631.7249
713.0869
685.0296
676.1025
703.5144
722.8902
698.8117
682.0312
679.0557
680.5406
682.0310
674.6346
875.8448
639.6551
703.5144
698.8120
726.2104
679.0557
673.1718
697.2565
585.1992
694.1642
709.8708
697.2568
682.0312
692.6271
697.2565
686.5374
691.0958
621.4126
734.6304
660.2531
709.8705
695.7076
689.5703
671.7148
698.8120
695.7074
750.2265
701.9409
680.5406
692.6273
719.5963
697.2565
695.7074
679.0557
697.2568
700.3735
698.8120
708.2723
677.5764
721.2399
701.9409
695.7076
722.8902
711.4756
694.1644
700.3730
692.6271
711.4756
680.5404
731.2421
695.7076
694.1644
714.7045
717.9592
708.2723
685.0296
697.2568
689.5705
709.8708
683.5273
698.8117
714.7043
716.3284
688.0508
734.6304
731.2421
668.8171
711.4752
674.6344
706.6799
719.5963
708.2723
713.0867
708.2723
695.7076
716.3286
722.8902
679.0555
692.6273
685.0296
716.3286
698.8122
698.8120
708.2723
695.7076
701.9409
556.6328
629.1194
680.5404
692.6268
686.5372
857.5894
729.5581
701.9409
708.2723
724.5471
722.8902
697.2565
726.2107
719.5960
703.5144
708.2723
727.8810
689.5705
732.9328
709.8705
729.5581
714.7043
724.5471
724.5469
785.1447
708.2723
731.2421
726.2107
731.2421
697.2565
721.2397
714.7045
719.5960
708.2723
700.3732
714.7045
706.6799
731.2421
722.8902
711.4754
711.4756
717.9589
757.3467
711.4754
726.2107
719.5960
714.7045
724.5471
691.0961
727.8810
724.5471
716.3286
713.0869
716.3286
734.6304
701.9409
727.8808
717.9589
724.5471
708.2720
729.5581
719.5963
716.3286
698.8120
727.8810
714.7043
703.5142
739.7651
724.5471
703.5139
700.3730
691.0958
705.0941
717.9589
647.7590
694.1642
759.1454
726.2107
738.0466
695.7074
741.4908
701.9406
731.2421
731.2421
721.2397
729.5581
714.7043
717.9589
670.2634
779.4420
705.0939
806.7030
713.0869
741.4908
722.8900
701.9409
716.3286
703.5142
705.0941
686.5372
683.5273
724.5469
727.8810
724.5471
716.3286
682.0312
781.3347
711.4756
726.2107
724.5471
719.5960
716.3286
722.8902
717.9592
734.6304
716.3284
721.2399
722.8902
716.3286
722.8900
727.8810
714.7043
705.0941
722.8902
716.3284
714.7043
719.5960
739.7651
724.5471
719.5963
719.5960
685.0296
716.3286
729.5581
727.8810
724.5471
741.4905
744.9632
736.3348
729.5579
721.2397
739.7651
731.2421
734.6304
656.0425
706.6799
719.5960
722.8900
714.7043
722.8900
698.8122
722.8900
726.2107
729.5581
673.1718
727.8810
719.5963
706.6801
726.2107
731.2421
701.9406
726.2107
724.5471
722.8900
731.2421
717.9592
729.5581
724.5471
726.2104
729.5581
731.2421
709.8708
714.7045
741.4908
686.5374
751.9954
738.0463
722.8900
711.4756
738.0466
738.0463
726.2107
714.7043
721.2397
736.3348
727.8810
729.5579
724.5471
706.6801
719.5963
700.3732
705.0939
709.8705
746.7103
709.8705
724.5471
726.2107
661.6674
734.6304
719.5963
727.8810
708.2723
722.8900
714.7045
695.7076
727.8810
709.8708
706.6801
750.2265
719.5960
676.1027
722.8902
719.5960
721.2397
726.2107
721.2397
827.2331
732.9328
709.8708
709.8705
703.5142
721.2399
689.5703
731.2418
719.5960
732.9328
708.2720
709.8708
706.6801
688.0510
731.2418
717.9589
716.3286
726.2104
729.5579
724.5471
709.8708
694.1640
726.2107
746.7105
727.8810
766.4164
721.2397
726.2107
734.6302
744.9632
727.8810
732.9328
739.7651
703.5142
724.5469
736.3350
736.3348
732.9328
731.2421
716.3284
729.5581
717.9592
724.5471
746.7105
721.2397
719.5960
781.3344
726.2107
736.3350
726.2104
708.2723
729.5581
714.7043
739.7651
738.0463
722.8902
729.5579
734.6302
729.5581
727.8810
792.8644
736.3350
724.5471
734.6304
746.7105
706.6799
738.0463
722.8900
713.0869
724.5471
732.9328
717.9589
719.5963
739.7651
724.5471
732.9328
739.7651
748.4648
726.2104
757.3467
734.6304
695.7076
708.2720
726.2104
750.2265
736.3348
743.2233
736.3350
717.9592
729.5581
748.4648
741.4905
722.8902
729.5579
744.9632
732.9328
679.0557
721.2399
703.5144
721.2397
731.2418
729.5579
708.2720
692.6268
726.2107
724.5471
717.9589
709.8708
706.6799
746.7103
726.2107
743.2233
688.0510
724.5469
717.9592
724.5471
727.8810
711.4754
744.9632
739.7649
731.2421
750.2265
734.6304
744.9634
738.0466
736.3350
739.7651
706.6801
717.9592
716.3286
729.5581
731.2421
732.9326
757.3467
722.8902
726.2107
736.3348
727.8810
701.9406
755.5555
724.5471
732.9328
714.7045
726.2107
719.5960
717.9589
741.4905
698.8117
726.2107
671.7150
736.3350
751.9954
726.2104
744.9632
743.2233
739.7651
721.2397
734.6304
716.3284
727.8810
757.3467
726.2107
729.5579
729.5581
714.7043
748.4648
790.9216
727.8810
729.5579
708.2720
719.5963
722.8902
736.3348
738.0466
738.0466
744.9634
734.6304
729.5581
719.5960
736.3350
738.0466
721.2397
724.5469
729.5581
727.8810
727.8810
750.2265
721.2397
739.7651
716.3286
750.2265
722.8900
719.5960
722.8902
708.2723
734.6302
731.2421
711.4754
700.3732
751.9954
748.4648
732.9328
708.2720
726.2104
721.2399
757.3467
746.7105
726.2107
709.8708
744.9632
738.0466
736.3348
724.5471
736.3350
727.8810
736.3350
739.7651
732.9328
719.5963
721.2397
724.5471
726.2107
739.7649
727.8810
717.9592
721.2397
741.4905
714.7045
729.5581
729.5579
726.2107
726.2104
746.7103
522.6845
775.6805
724.5471
739.7651
732.9328
732.9326
744.9634
741.4908
705.0939
760.9517
746.7105
741.4905
738.0466
762.7656
724.5469
698.8120
721.2397
736.3348
732.9328
808.7147
775.6805
750.2265
726.2107
743.2233
668.8171
727.8808
736.3350
736.3350
670.2632
743.2233
729.5581
722.8902
724.5471
738.0466
746.7105
722.8900
727.8810
736.3348
726.2107
724.5469
739.7649
726.2107
717.9592
713.0867
724.5471
724.5469
744.9634
738.0463
748.4648
744.9632
732.9328
722.8902
724.5471
732.9328
698.8117
734.6304
734.6304
689.5703
724.5469
726.2107
727.8810
680.5404
739.7651
750.2265
724.5471
739.7651
746.7103
721.2397
755.5555
721.2399
713.0867
802.7056
732.9328
731.2418
729.5581
729.5579
750.2265
736.3350
744.9634
750.2265
708.2720
736.3350
709.8705
739.7651
706.6799
748.4648
726.2107
724.5471
744.9632
731.2418
726.2107
743.2233
743.2233
713.0867
777.5570
732.9326
775.6805
714.7043
727.8810
732.9326
716.3286
744.9632
741.4905
726.2104
713.0867
734.6302
739.7651
714.7043
724.5471
773.8119
731.2418
727.8810
731.2421
739.7649
739.7651
726.2104
721.2397
726.2107
738.0466
743.2233
779.4417
685.0296
724.5471
722.8900
700.3730
741.4908
722.8900
739.7649
716.3284
721.2397
746.7105
724.5471
639.6551
706.6801
731.2421
722.8902
708.2723
719.5963
709.8708
731.2418
708.2723
732.9328
748.4648
705.0939
853.1320
736.3350
716.3286
716.3286
748.4648
724.5471
698.8120
757.3467
753.7717
844.3398
750.2265
743.2235
713.0869
792.8644
711.4754
744.9634
714.7045
729.5579
744.9632
727.8810
726.2107
741.4908
738.0466
722.8900
727.8810
736.3348
750.2265
722.8900
736.3350
727.8810
741.4908
743.2233
726.2107
750.2265
705.0939
773.8119
734.6302
738.0466
729.5581
729.5581
719.5960
750.2265
724.5469
739.7651
722.8900
748.4648
732.9328
697.2568
716.3284
744.9634
743.2233
743.2235
727.8810
751.9954
750.2265
719.5960
724.5469
744.9632
708.2720
700.3730
709.8705
711.4754
719.5960
738.0463
731.2421
709.8705
722.8902
717.9589
788.9875
753.7717
748.4648
739.7651
738.0466
744.9634
833.5751
755.5555
719.5960
750.2265
716.3284
722.8900
731.2418
724.5471
757.3467
724.5471
726.2107
739.7651
729.5579
727.8810
743.2235
757.3467
750.2265
736.3348
732.9328
741.4908
709.8708
746.7103
722.8900
732.9326
711.4754
743.2233
746.7105
719.5963
751.9954
727.8808
746.7105
773.8119
724.5471
703.5142
783.2356
746.7103
724.5471
731.2418
750.2265
736.3350
727.8810
744.9634
750.2265
777.5568
771.9513
732.9328
736.3350
738.0463
729.5579
726.2104
746.7105
743.2233
722.8900
722.8902
744.9632
750.2265
750.2265
721.2397
731.2421
743.2235
736.3350
781.3347
743.2235
739.7651
738.0463
743.2235
741.4908
736.3350
709.8708
748.4648
731.2418
722.8902
731.2418
732.9326
746.7103
746.7105
734.6304
726.2104
755.5555
734.6304
688.0510
741.4905
757.3467
746.7103
713.0867
731.2421
724.5471
750.2265
732.9328
731.2421
724.5471
734.6302
729.5581
705.0939
738.0463
744.9632
743.2233
743.2235
746.7103
751.9954
716.3286
726.2104
726.2104
708.2720
722.8900
739.7649
757.3467
722.8900
713.0867
724.5471
741.4908
736.3350
711.4754
729.5579
753.7717
743.2233
716.3286
775.6805
731.2418
732.9328
732.9326
743.2233
727.8810
722.8902
724.5469
713.0867
722.8900
750.2265
746.7105
750.2265
743.2233
744.9634
708.2720
750.2265
736.3350
777.5573
729.5579
746.7105
722.8902
750.2265
750.2265
734.6304
736.3348
935.0412
726.2107
732.9326
736.3350
810.7360
722.8900
719.5963
722.8902
724.5471
722.8900
731.2421
724.5469
744.9632
738.0463
866.6309
744.9632
727.8810
722.8902
727.8810
738.0466
746.7105
716.3284
744.9632
727.8808
739.7649
698.8120
785.1447
721.2397
717.9589
743.2235
727.8810
732.9328
750.2265
736.3350
788.9875
743.2235
750.2265
736.3348
751.9954
731.2421
738.0463
785.1447
732.9328
743.2233
726.2104
743.2233
726.2107
744.9632
698.8120
717.9592
744.9632
750.2265
729.5581
748.4648
534.2578
748.4648
734.6304
741.4908
727.8810
732.9328
746.7105
731.2421
734.6304
698.8117
736.3350
743.2235
732.9326
674.6346
698.8120
750.2265
738.0466
746.7105
738.0466
748.4648
668.8171
748.4648
748.4648
713.0867
736.3350
716.3286
724.5469
727.8810
691.0956
741.4905
750.2265
709.8705
757.3467
748.4648
731.2421
785.1447
746.7103
722.8902
692.6268
722.8902
750.2265
755.5555
739.7651
743.2233
719.5963
731.2418
743.2233
751.9954
744.9634
700.3730
743.2235
981.5125
788.9878
719.5960
700.3735
726.2104
783.2356
751.9954
759.1454
739.7651
753.7717
711.4754
755.5555
703.5142
726.2104
703.5139
748.4648
744.9632
713.0867
698.8122
757.3467
719.5963
721.2397
688.0510
746.7103
698.8120
777.5570
743.2233
748.4648
750.2265
697.2565
736.3350
688.0508
766.4164
729.5581
743.2235
688.0510
739.7651
734.6304
738.0466
705.0941
781.3347
719.5963
717.9589
729.5581
744.9634
743.2233
717.9589
736.3348
739.7649
750.2265
721.2397
792.8641
746.7103
731.2421
636.9927
743.2233
721.2397
731.2421
751.9954
726.2107
750.2265
719.5960
726.2104
729.5581
692.6273
779.4420
713.0867
734.6304
736.3350
679.0557
731.2421
736.3348
688.0508
757.3467
743.2235
732.9328
750.2265
744.9632
736.3350
724.5471
721.2397
727.8810
783.2356
736.3350
753.7717
727.8810
714.7043
719.5963
726.2107
726.2107
708.2723
796.7750
753.7717
748.4648
739.7649
724.5471
751.9954
726.2107
719.5960
736.3350
732.9326
751.9954
713.0869
751.9954
731.2421
775.6805
706.6801
713.0867
751.9954
726.2104
701.9409
785.1447
741.4908
724.5471
738.0466
734.6304
736.3348
750.2265
714.7043
722.8900
732.9328
736.3350
738.0463
744.9634
724.5471
738.0466
794.8154
750.2265
750.2265
736.3350
734.6302
731.2421
739.7649
796.7750
708.2723
647.7588
743.2233
736.3350
736.3348
721.2399
731.2421
729.5579
722.8902
743.2235
721.2399
746.7105
732.9326
738.0463
711.4756
738.0463
746.7105
736.3350
736.3350
738.0466
713.0869
716.3284
743.2233
766.4164
751.9954
731.2421
716.3286
734.6304
694.1640
694.1644
732.9326
753.7717
731.2418
750.2265
744.9632
794.8154
724.5471
775.6805
727.8808
726.2104
746.7103
748.4648
734.6304
777.5573
727.8810
777.5573
743.2233
727.8810
743.2233
744.9634
729.5579
790.9219
744.9634
750.2265
741.4905
744.9634
736.3350
731.2421
736.3350
729.5581
731.2421
755.5555
709.8708
741.4908
743.2235
970.2071
744.9632
636.9926
741.4905
739.7651
726.2107
770.0986
748.4648
721.2397
729.5581
729.5581
738.0466
727.8810
755.5555
762.7656
736.3350
751.9954
732.9328
724.5471
729.5581
783.2356
716.3286
738.0466
731.2418
729.5579
729.5581
722.8900
726.2107
727.8810
746.7103
714.7043
717.9589
724.5471
760.9517
721.2397
727.8810
743.2233
748.4648
719.5963
746.7103
739.7649
748.4646
743.2235
734.6302
642.3367
741.4908
738.0466
722.8900
731.2421
736.3348
750.2265
727.8810
729.5581
739.7649
748.4648
729.5581
744.9632
781.3347
727.8808
719.5960
731.2421
724.5471
757.3467
724.5471
739.7651
729.5579
753.7717
731.2421
748.4648
729.5581
750.2265
717.9589
757.3467
726.2107
721.2399
729.5581
722.8900
706.6801
713.0867
743.2235
748.4648
714.7043
751.9954
746.7105
751.9954
757.3467
755.5555
726.2107
750.2265
734.6302
727.8808
721.2397
711.4754
727.8810
750.2265
727.8808
701.9409
739.7651
734.6304
724.5471
744.9634
726.2104
727.8810
746.7105
753.7717
743.2233
757.3467
736.3350
717.9589
721.2397
726.2107
697.2568
716.3286
741.4905
739.7649
721.2399
721.2399
743.2233
755.5555
727.8808
722.8902
796.7750
724.5471
748.4648
757.3467
736.3350
751.9954
732.9326
779.4420
726.2107
738.0463
727.8810
743.2235
732.9328
751.9954
927.2519
731.2418
732.9328
743.2233
919.5789
726.2104
738.0466
727.8808
722.8900
709.8708
743.2233
732.9328
727.8810
750.2265
727.8810
750.2265
721.2397
729.5581
746.7105
698.8117
738.0466
746.7103
721.2397
806.7027
727.8810
732.9328
722.8900
727.8810
848.7157
731.2421
757.3467
738.0466
709.8705
736.3350
716.3284
736.3350
746.7105
743.2235
714.7043
695.7076
706.6801
743.2235
781.3347
724.5469
744.9632
731.2418
746.7105
731.2421
727.8810
732.9328
736.3348
732.9326
750.2265
732.9328
751.9954
750.2265
721.2399
978.6641
668.8171
734.6304
753.7717
744.9634
823.0533
732.9326
721.2397
785.1447
713.0867
709.8708
726.2107
748.4648
729.5581
753.7717
768.2535
727.8808
722.8900
722.8900
736.3350
682.0312
753.7717
741.4908
781.3347
743.2235
753.7717
633.0350
722.8900
750.2265
732.9328
739.7649
726.2107
727.8808
713.0869
751.9954
748.4646
738.0463
738.0466
755.5555
727.8810
724.5471
770.0986
743.2235
726.2107
721.2397
777.5570
697.2565
731.2421
738.0466
729.5581
708.2720
727.8810
792.8644
738.0466
731.2418
719.5963
671.7148
727.8810
727.8810
736.3350
739.7651
736.3350
750.2265
713.0869
726.2107
736.3350
741.4908
729.5581
751.9954
722.8900
726.2107
703.5142
736.3350
727.8810
714.7043
751.9954
731.2421
750.2265
732.9328
736.3350
722.8900
781.3347
746.7103
724.5469
727.8808
708.2720
738.0466
717.9589
739.7651
713.0867
722.8900
751.9954
880.5183
738.0466
802.7056
744.9634
750.2265
717.9589
716.3284
726.2107
729.5581
729.5581
731.2421
726.2104
722.8902
729.5581
731.2418
743.2233
551.4102
734.6304
764.5875
750.2265
750.2265
738.0463
736.3350
744.9634
753.7717
738.0466
714.7043
719.5960
719.5960
724.5471
719.5960
724.5471
719.5960
700.3735
726.2104
750.2265
726.2104
744.9632
731.2421
729.5579
750.2265
709.8708
724.5471
736.3350
719.5963
721.2397
738.0463
732.9328
785.1444
721.2397
743.2235
739.7651
731.2421
716.3286
746.7103
683.5273
732.9326
736.3350
736.3350
716.3286
724.5469
716.3286
739.7651
739.7651
719.5963
738.0463
709.8708
753.7717
785.1447
729.5581
738.0463
731.2421
709.8708
713.0867
716.3284
724.5471
746.7103
732.9326
717.9589
751.9954
731.2421
738.0463
719.5960
721.2399
727.8810
722.8900
751.9954
750.2265
743.2235
732.9328
726.2107
738.0466
729.5581
738.0466
732.9328
724.5469
734.6304
736.3350
717.9589
724.5471
706.6801
724.5471
738.0463
724.5471
716.3286
746.7105
734.6304
724.5471
746.7105
714.7045
751.9954
727.8810
706.6801
736.3350
719.5960
743.2235
721.2399
736.3348
748.4646
759.1454
729.5579
719.5960
726.2107
726.2107
738.0466
732.9326
724.5469
726.2104
721.2397
731.2418
734.6304
753.7717
719.5960
724.5469
726.2104
753.7717
820.9773
726.2107
729.5581
738.0463
729.5581
721.2399
818.9106
729.5581
719.5963
729.5579
711.4754
746.7105
724.5471
714.7045
722.8900
726.2107
757.3467
738.0466
748.4648
750.2265
727.8808
726.2107
721.2397
701.9406
721.2399
701.9406
719.5960
743.2235
722.8900
731.2421
744.9634
783.2356
679.0555
727.8808
717.9589
729.5579
724.5471
722.8900
746.7103
701.9406
714.7043
781.3344
713.0867
734.6302
751.9954
734.6302
719.5963
716.3284
731.2421
755.5555
746.7105
727.8810
716.3286
731.2418
751.9954
732.9328
757.3467
722.8900
719.5963
721.2399
771.9513
708.2723
750.2265
721.2399
785.1447
753.7717
743.2235
708.2720
750.2265
724.5469
713.0867
748.4648
722.8902
750.2265
738.0466
697.2565
719.5963
722.8900
729.5579
732.9328
750.2265
717.9589
736.3350
739.7651
717.9589
750.2265
721.2397
739.7651
731.2421
741.4908
729.5581
719.5963
714.7045
748.4648
734.6302
724.5471
729.5581
748.4648
744.9632
709.8705
738.0466
727.8810
726.2107
670.2632
741.4908
724.5471
741.4908
717.9589
787.0621
721.2399
713.0869
751.9954
753.7717
721.2399
726.2107
738.0466
727.8808
706.6801
739.7649
739.7651
736.3350
736.3350
724.5471
1016.9105
724.5471
731.2421
719.5963
727.8808
727.8810
757.3467
750.2265
744.9634
887.6125
717.9589
731.2418
729.5579
724.5469
713.0867
732.9328
750.2265
909.5245
692.6273
736.3348
726.2107
743.2233
732.9328
706.6801
729.5579
746.7105
755.5555
751.9954
719.5960
719.5963
724.5471
727.8810
739.7651
731.2421
708.2720
722.8902
714.7043
714.7045
753.7717
743.2235
729.5581
732.9328
727.8810
744.9632
739.7649
605.2609
759.1454
719.5963
717.9589
734.6304
732.9328
731.2418
716.3284
717.9592
705.0939
753.7717
739.7651
741.4908
719.5960
743.2233
729.5581
647.7592
732.9328
726.2104
722.8902
751.9954
726.2107
729.5581
724.5471
750.2265
785.1447
721.2397
731.2421
714.7045
739.7651
753.7717
739.7651
722.8900
727.8810
713.0869
719.5960
721.2399
734.6302
722.8902
743.2233
736.3348
724.5471
691.0956
753.7717
736.3348
714.7045
719.5960
792.8644
885.2364
689.5703
722.8900
732.9328
781.3347
721.2397
719.5960
734.6304
726.2107
709.8705
721.2397
717.9589
708.2720
706.6801
790.9219
736.3348
734.6304
709.8705
722.8902
716.3284
727.8810
726.2107
714.7045
738.0466
724.5471
654.6492
714.7043
739.7649
750.2265
736.3350
751.9954
711.4756
709.8708
734.6304
697.2568
698.8122
722.8902
734.6302
709.8708
724.5471
738.0463
719.5960
714.7045
724.5471
727.8810
739.7651
719.5960
716.3284
798.7432
716.3286
711.4756
717.9592
732.9328
713.0867
688.0510
697.2568
700.3732
741.4908
701.9409
691.0956
695.7074
709.8708
721.2397
703.5142
706.6799
722.8900
713.0869
743.2233
713.0867
726.2104
705.0941
722.8900
700.3735
709.8708
779.4417
714.7045
729.5581
703.5144
708.2723
708.2720
724.5471
727.8808
726.2107
658.8445
721.2399
709.8705
744.9632
719.5963
716.3284
719.5960
706.6799
713.0869
695.7076
732.9328
716.3286
719.5960
708.2723
703.5142
683.5276
726.2107
724.5471
714.7045
727.8810
700.3735
727.8810
717.9589
721.2399
727.8810
739.7651
717.9592
731.2421
739.7651
691.0956
750.2265
727.8810
727.8810
706.6801
716.3286
719.5963
722.8902
706.6799
719.5963
743.2235
719.5960
722.8902
721.2399
698.8120
709.8708
800.7200
711.4756
705.0939
717.9589
716.3286
711.4754
692.6273
719.5963
721.2397
709.8705
711.4756
729.5581
691.0958
755.5555
679.0555
719.5963
726.2107
705.0941
691.0956
717.9589
679.0559
721.2399
711.4756
726.2107
864.3549
729.5581
738.0466
714.7045
719.5960
709.8708
721.2397
721.2399
694.1644
697.2568
689.5705
726.2107
717.9589
722.8902
689.5703
698.8120
689.5705
722.8902
731.2421
721.2399
743.2235
688.0508
719.5963
726.2107
701.9406
703.5144
588.6559
703.5142
759.1457
703.5144
732.9328
751.9954
716.3284
716.3284
734.6304
709.8705
703.5139
729.5581
660.2533
713.0869
722.8902
701.9406
711.4754
709.8708
885.2364
724.5471
695.7076
691.0958
698.8120
705.0941
705.0937
726.2107
729.5581
695.7076
698.8122
724.5471
670.2634
698.8120
697.2568
686.5372
670.2632
703.5144
671.7148
677.5764
697.2565
711.4756
719.5963
727.8810
703.5144
705.0939
689.5705
703.5142
717.9592
676.1025
853.1313
685.0294
717.9592
717.9592
692.6271
705.0939
719.5960
670.2632
731.2421
698.8117
694.1642
734.6304
731.2421
701.9409
691.0958
726.2107
673.1721
694.1642
711.4756
679.0557
679.0557
691.0956
697.2565
685.0296
726.2107
667.3764
694.1642
743.2235
686.5374
688.0510
683.5276
802.7056
688.0508
729.5581
689.5705
703.5144
694.1642
700.3735
700.3735
691.0958
670.2632
701.9404
594.4959
706.6801
691.0958
697.2568
686.5372
686.5374
685.0296
708.2723
682.0312
677.5764
677.5762
679.0557
665.9411
732.9328
676.1025
676.1027
674.6346
700.3735
663.0865
688.0510
673.1718
688.0510
688.0510
697.2565
695.7074
703.5142
674.6346
677.5764
689.5705
750.2265
686.5374
697.2565
650.5001
673.1721
674.6346
682.0312
705.0937
671.7150
676.1027
683.5276
671.7148
694.1642
677.5764
685.0296
676.1027
708.2723
698.8120
689.5705
677.5764
674.6346
665.9411
746.7103
677.5764
689.5705
661.6674
694.1642
694.1642
676.1025
679.0557
671.7150
688.0510
663.0865
674.6346
660.2533
688.0510
661.6674
676.1027
689.5703
691.0958
674.6344
692.6271
705.0939
668.8173
714.7045
677.5764
665.9411
671.7148
677.5764
667.3764
668.8171
670.2634
673.1718
661.6672
670.2632
636.9927
685.0296
664.5111
677.5764
674.6344
671.7148
650.4999
674.6346
673.1721
654.6492
665.9413
673.1721
676.1027
679.0557
642.3369
650.5001
670.2632
654.6492
658.8443
682.0312
645.0383
667.3766
643.6849
658.8443
657.4409
653.2607
638.3215
636.9926
665.9413
635.6685
636.9929
676.1027
650.5001
656.0425
647.7592
607.6983
653.2611
653.2611
634.3495
651.8781
630.4200
647.7590
647.7590
663.0867
605.2607
642.3369
676.1027
645.0381
607.6983
645.0379
629.1193
630.4202
626.5320
625.2454
667.3766
623.9632
627.8235
604.0482
638.3215
660.2533
585.1992
650.5001
631.7249
653.2609
623.9634
667.3766
618.8795
640.9935
654.6490
630.4200
629.1193
633.0350
604.0482
639.6551
656.0421
653.2611
629.1194
616.3646
631.7251
625.2454
633.0350
589.8163
612.6245
622.6857
631.7251
635.6685
640.9935
618.8797
630.4200
668.8171
627.8234
613.8670
617.6199
589.8162
638.3215
616.3644
616.3644
589.8162
621.4126
622.6857
625.2455
602.8399
620.1439
627.8234
622.6855
630.4200
625.2455
602.8399
615.1134
592.1480
605.2607
602.8399
600.4356
610.1529
590.9801
594.4961
596.8594
601.6355
596.8597
612.6247
580.6437
582.9139
589.8163
588.6559
585.1994
586.3475
593.3203
593.3199
584.0546
588.6561
557.6873
584.0546
579.5141
556.6328
590.9801
590.9803
566.2476
573.9227
589.8162
578.3884
588.6559
559.8068
564.0868
581.7767
595.6757
593.3201
567.3333
590.9801
572.8154
571.7120
594.4961
567.3334
542.2155
567.3334
564.0866
576.1483
564.0868
567.3334
567.3333
564.0866
575.0336
553.4891
569.5155
526.4952
563.0116
558.7454
530.3525
548.3161
557.6874
551.4100
561.9397
557.6874
561.9399
577.2666
555.5816
552.4481
555.5814
544.2361
532.2993
537.2189
544.2362
528.4179
612.6245
531.3245
524.5841
538.2118
548.3161
530.3525
516.1264
525.5381
528.4179
528.4180
540.2075
537.2189
523.6328
519.8569
523.6329
514.2780
555.5816
535.2419
510.6141
521.7391
519.8569
510.6143
523.6329
519.8570
506.0951
509.7049
501.6427
515.2006
520.7966
506.0951
508.7986
508.7986
506.9936
508.7984
515.2008
492.0742
492.0742
499.8800
515.2009
497.2552
497.2554
490.3669
479.5060
492.9315
488.6696
497.2554
490.3670
480.3273
493.7912
485.3042
488.6697
486.9821
471.4196
481.9769
465.8918
471.4196
481.1510
468.2477
481.1510
465.1109
477.8705
472.2180
465.1109
462.7811
468.2477
462.0088
461.2384
460.4704
462.7811
455.9052
468.2477
464.3323
462.7811
455.9053
463.5555
457.4187
459.7043
450.6724
465.8920
441.2111
444.0874
444.8114
445.5372
451.4138
444.0874
442.6453
441.9272
436.2499
433.4556
438.3649
439.7843
421.2335
432.0694
428.6351
438.3650
435.5486
436.9532
434.8492
425.2450
423.2316
423.2316
423.9010
388.8755
415.9794
414.6823
420.5710
420.5710
419.2509
410.8301
415.3300
407.0352
419.2507
418.5931
405.1586
400.8339
412.1078
369.8060
360.8184
397.7899
394.1855
396.5826
403.2961
399.6119
393.5897
402.6783
388.2927
391.8113
390.0456
383.1081
386.5522
383.1081
382.5389
384.8240
384.8239
379.7124
371.9720
375.8108
368.1945
371.9720
366.0630
373.0624
372.5166
369.2677
365.5332
373.6096
365.5333
364.4772
365.0046
368.7305
349.1923
355.1840
363.9509
362.3794
353.1691
365.0046
354.6785
352.6681
354.1743
351.6696
352.6682
341.9210
347.2300
342.8768
343.3562
345.7694
344.3184
338.6076
337.6700
339.0779
343.8369
340.4948
327.1693
332.5844
332.5843
329.8598
324.0726
329.8597
331.2177
326.7242
326.7242
322.7593
328.5103
323.6340
319.7261
328.0623
314.2069
321.0207
334.4200
318.0122
317.1606
317.5860
317.1606
308.8310
318.4395
302.4031
305.1902
306.3966
302.4031
303.5929
299.6541
302.4031
300.4356
295.0276
297.7132
301.2203
298.0998
295.4091
292.7543
294.6469
291.6275
294.6469
297.7133
288.6541
290.5072
287.5505
287.1842
277.1981
281.7696
286.8184
306.3966
279.6460
281.7696
277.8943
281.4140
276.1587
280.7049
275.4689
276.1587
275.8135
276.8510
269.7062
271.7198
271.3827
273.7554
266.7263
252.5200
273.7554
261.5459
266.3983
260.5908
264.4418
256.5097
259.9569
259.9569
259.3252
254.3502
252.8237
255.8900
254.9645
252.5200
241.9235
253.4327
248.0260
245.9678
248.3220
247.1409
247.4354
243.0693
240.2190
245.6758
257.1316
243.9337
239.9366
239.0922
245.3841
232.2147
234.1121
236.3073
232.7547
231.4082
231.4081
232.4845
232.7547
238.5315
227.4333
226.9105
228.2206
230.0725
226.6498
225.8699
226.1295
220.5137
222.5333
222.2795
221.7730
222.7876
216.7945
217.0397
215.5738
211.9676
216.3051
212.6822
212.2054
211.4930
213.6401
211.9676
211.7301
209.6089
209.8431
208.9083
208.2107
207.7475
210.5481
208.2108
207.7475
212.4436
215.5738
213.1605
219.0155
218.2718
216.5496
222.7875
223.8085
226.3894
226.6498
226.3894
229.2763
228.4839
228.2206
232.2148
235.2062
235.4808
241.0691
239.6546
240.7853
219.5134
241.6382
246.5534
247.1409
249.5112
248.3220
252.5200
253.7380
250.4084
254.9645
255.5810
260.5908
263.1490
261.5459
264.4418
262.8272
266.7263
271.7198
269.0398
272.0576
274.0969
271.7198
278.5930
277.1982
282.1259
278.2433
294.2670
279.9983
279.9983
285.7253
287.5506
291.6276
288.6541
291.6276
294.2670
293.5092
292.0024
293.8877
294.6469
297.7132
283.5575
300.8276
305.1903
305.1903
306.3966
312.5378
307.2049
312.9538
312.9538
318.8675
310.0591
312.1226
317.1606
322.7593
321.4539
363.4259
326.2799
328.5103
329.8598
329.4089
341.4445
326.7241
336.7365
349.1922
339.5492
339.5492
345.7693
341.4445
347.2299
342.3983
343.3563
346.7420
358.2401
352.1683
355.1840
350.1799
367.6599
358.7535
362.3794
367.6598
363.4259
363.4259
371.4287
373.0624
375.8107
371.9720
376.3642
348.2090
366.0630
376.3643
383.6787
385.3986
384.2507
393.5897
384.8240
390.6328
389.4599
388.2927
392.9955
399.0031
399.0031
392.9955
405.7827
401.4471
406.4081
390.6328
402.0620
401.4471
409.5588
407.6637
409.5588
415.3300
419.9099
415.9793
419.9100
423.2316
412.1077
417.9373
421.8978
428.6352
434.1516
423.2315
424.5720
420.5709
432.0695
434.1516
429.3184
432.0694
443.3654
451.4140
444.0875
443.3654
441.9272
445.5370
443.3656
433.4557
446.2649
450.6724
449.9329
466.6750
469.0374
461.2385
455.9053
464.3323
469.8292
455.1516
467.4602
467.4603
465.8918
455.9052
464.3323
507.8948
465.8918
479.5061
482.8051
473.8216
476.2443
476.2441
477.0562
495.5183
500.7602
494.6535
481.9767
491.2193
486.9821
498.1277
492.9315
496.3856
499.0027
491.2193
514.2781
480.3274
519.8569
503.4158
500.7601
527.4550
506.0951
508.7986
515.2008
506.9935
508.7986
519.8569
521.7391
522.6846
513.3580
518.9202
477.8705
538.2120
513.3579
523.6329
529.3837
540.2075
536.2288
509.7050
543.2241
535.2417
505.1995
536.2288
534.2578
530.3527
534.2580
554.5338
540.2075
556.6328
544.2362
552.4479
530.3527
533.2770
550.3754
551.4100
556.6328
626.5320
570.6119
550.3754
571.7120
556.6327
560.8716
575.0338
548.3160
558.7454
590.9801
565.1655
563.0116
573.9229
550.3754
556.6327
532.2991
576.1481
585.1992
569.5154
593.3201
568.4225
585.1992
580.6437
571.7118
573.9229
592.1484
575.0336
599.2396
576.1483
582.9139
581.7769
611.3867
589.8162
590.9801
592.1480
586.3475
579.5143
599.2396
592.1480
582.9137
587.4998
593.3199
605.2607
595.6759
606.4775
601.6355
596.8596
599.2396
612.6247
620.1439
537.2189
605.2609
610.1531
621.4126
599.2396
608.9236
588.6559
598.0474
600.4356
616.3644
612.6247
593.3199
594.4961
627.8235
627.8235
576.1483
629.1194
618.8797
621.4126
611.3867
620.1437
608.9235
634.3495
618.8795
634.3495
573.9229
629.1194
627.8234
634.3495
649.1271
608.9235
631.7251
568.4227
625.2454
629.1194
626.5320
657.4409
629.1196
633.0347
636.9927
651.8781
649.1270
627.8235
640.9935
627.8234
642.3369
665.9413
661.6672
663.0865
631.7251
650.4999
661.6674
629.1194
650.4996
627.8234
654.6492
670.2634
621.4124
626.5320
625.2454
650.4999
668.8173
654.6492
650.5001
656.0425
640.9937
656.0425
647.7592
642.3369
638.3217
647.7590
656.0423
658.8443
650.5001
679.0557
673.1721
667.3766
701.9404
642.3369
658.8445
646.3961
653.2611
668.8171
677.5764
639.6553
651.8778
658.8445
670.2634
674.6346
680.5406
734.6302
663.0865
653.2611
667.3764
660.2533
676.1027
650.4999
654.6492
639.6553
692.6271
682.0312
682.0312
665.9413
656.0425
689.5705
667.3764
660.2531
698.8122
686.5374
670.2634
660.2533
668.8171
695.7074
689.5705
683.5276
661.6674
660.2533
671.7150
676.1027
674.6346
676.1027
658.8445
677.5764
691.0958
701.9404
674.6346
1105.7012
663.0865
683.5273
716.3286
680.5406
663.0865
692.6271
674.6346
679.0555
670.2632
664.5114
683.5276
691.0958
677.5764
685.0296
667.3764
649.1271
646.3961
689.5705
698.8117
670.2634
660.2533
670.2632
697.2565
688.0508
653.2609
661.6672
686.5372
673.1718
685.0296
695.7074
683.5273
694.1642
685.0296
676.1027
706.6799
708.2720
685.0294
682.0312
743.2235
670.2632
701.9404
692.6271
703.5139
664.5111
701.9409
703.5144
688.0508
697.2568
694.1640
697.2565
705.0941
700.3732
679.0557
676.1025
667.3764
665.9411
640.9937
721.2399
665.9411
700.3730
691.0956
692.6271
680.5406
694.1642
691.0956
682.0312
677.5764
708.2720
679.0557
695.7074
692.6268
727.8810
680.5406
685.0294
664.5111
721.2397
726.2107
709.8708
709.8708
698.8117
722.8902
691.0956
651.8778
676.1025
691.0958
698.8117
691.0958
716.3286
674.6346
705.0941
695.7076
697.2565
721.2399
695.7074
685.0296
708.2723
689.5703
709.8708
691.0961
685.0296
708.2723
689.5705
698.8120
705.0941
698.8120
708.2723
700.3730
698.8117
779.4420
724.5471
697.2565
714.7045
721.2399
700.3732
683.5276
719.5963
700.3732
714.7045
688.0508
705.0941
708.2723
706.6801
692.6268
668.8171
685.0294
700.3735
711.4754
698.8117
679.0557
717.9589
708.2723
716.3286
683.5276
724.5471
682.0312
706.6799
700.3732
741.4905
670.2632
709.8705
713.0869
691.0956
709.8708
717.9592
706.6801
689.5703
709.8705
732.9328
724.5469
731.2421
706.6799
727.8810
697.2568
697.2565
711.4754
585.1992
705.0939
709.8708
703.5142
726.2107
694.1642
708.2720
697.2568
731.2418
691.0956
724.5471
753.7717
726.2107
726.2107
917.0467
708.2723
706.6799
721.2397
732.9328
726.2107
708.2723
701.9406
721.2397
711.4756
734.6304
703.5142
724.5471
726.2107
714.7045
709.8708
785.1447
724.5471
701.9406
713.0867
709.8708
708.2723
717.9589
724.5471
638.3215
714.7045
711.4756
726.2107
717.9592
741.4905
722.8900
726.2107
734.6304
727.8810
732.9328
724.5471
739.7651
727.8810
708.2720
736.3348
717.9589
701.9409
694.1642
717.9592
721.2397
711.4756
726.2107
729.5581
717.9589
721.2397
717.9589
739.7649
722.8900
709.8705
716.3284
714.7045
731.2418
698.8120
709.8705
724.5471
724.5471
717.9589
711.4754
727.8810
738.0463
716.3284
719.5960
736.3350
716.3286
727.8810
736.3348
731.2418
701.9409
676.1027
722.8902
685.0294
727.8810
736.3348
716.3284
724.5471
719.5963
738.0463
726.2107
697.2568
689.5705
713.0869
721.2399
724.5469
743.2235
703.5142
709.8705
713.0869
722.8902
736.3350
750.2265
700.3732
698.8120
716.3286
726.2107
716.3284
713.0869
722.8902
716.3286
732.9328
705.0939
711.4754
722.8900
717.9589
722.8902
713.0867
719.5960
757.3467
734.6304
721.2397
709.8705
727.8810
738.0463
670.2632
738.0466
714.7045
686.5377
694.1642
673.1718
736.3350
726.2107
721.2399
724.5469
713.0869
705.0939
724.5471
748.4648
732.9328
709.8705
790.9219
676.1025
719.5960
726.2107
724.5469
719.5963
717.9592
726.2104
727.8808
738.0466
785.1447
729.5581
731.2421
661.6672
713.0869
572.8154
721.2399
743.2233
703.5142
590.9801
719.5960
732.9328
738.0466
661.6674
722.8900
738.0463
721.2397
755.5557
724.5471
711.4754
743.2235
729.5579
716.3286
717.9589
714.7045
738.0466
743.2235
724.5469
731.2418
722.8902
727.8810
748.4648
734.6304
734.6304
726.2107
722.8902
708.2723
703.5142
670.2632
731.2421
736.3350
714.7045
744.9632
719.5963
716.3286
670.2632
709.8708
783.2356
744.9632
781.3347
751.9954
721.2397
744.9632
697.2568
741.4908
748.4648
721.2397
741.4905
719.5963
719.5963
734.6304
748.4648
739.7651
744.9632
703.5142
645.0381
722.8902
746.7105
726.2107
719.5963
697.2565
706.6801
726.2107
721.2397
721.2397
792.8644
724.5471
700.3732
744.9632
719.5960
719.5960
705.0941
726.2104
673.1718
695.7076
727.8808
719.5960
738.0463
820.9773
741.4905
757.3467
726.2104
746.7105
753.7717
738.0466
734.6304
695.7074
732.9326
706.6801
746.7105
732.9328
750.2265
796.7747
700.3730
682.0310
837.8512
689.5703
788.9875
697.2568
685.0296
677.5764
750.2265
713.0867
759.1454
726.2107
741.4908
719.5960
751.9954
753.7717
724.5471
717.9589
738.0466
743.2235
751.9954
788.9878
741.4905
726.2107
717.9589
726.2104
731.2421
734.6304
751.9954
750.2265
727.8810
716.3284
736.3350
748.4646
714.7043
729.5581
726.2104
727.8810
731.2421
748.4648
709.8708
741.4908
731.2418
719.5960
724.5469
719.5963
727.8810
727.8810
721.2397
741.4908
711.4754
708.2723
705.0941
717.9589
724.5471
711.4754
726.2107
736.3350
743.2233
744.9632
748.4648
660.2531
734.6302
724.5469
727.8810
734.6304
743.2235
732.9326
726.2107
741.4905
753.7717
719.5960
726.2107
719.5960
727.8810
744.9632
729.5579
721.2397
721.2397
719.5960
731.2418
729.5579
878.1758
717.9589
750.2265
727.8810
711.4756
732.9328
743.2235
719.5960
731.2418
743.2233
751.9954
724.5471
751.9954
741.4905
746.7103
677.5767
738.0463
732.9326
729.5581
731.2421
736.3350
709.8708
726.2107
734.6304
726.2107
741.4908
727.8808
746.7103
738.0463
738.0466
736.3348
739.7651
731.2418
751.9954
732.9328
726.2107
717.9589
708.2720
806.7030
753.7717
726.2104
711.4754
731.2418
734.6304
716.3284
759.1454
721.2399
734.6302
743.2235
721.2397
750.2265
722.8902
753.7717
739.7651
741.4908
734.6304
738.0463
716.3284
743.2233
719.5960
743.2235
726.2107
716.3284
727.8810
746.7103
721.2397
719.5960
750.2265
717.9589
722.8900
736.3350
732.9328
724.5471
724.5471
731.2421
729.5581
701.9406
790.9216
736.3348
594.4961
750.2265
744.9634
727.8810
837.8512
779.4420
736.3350
806.7027
727.8810
878.1761
734.6304
727.8808
873.5249
743.2233
738.0466
753.7717
726.2104
833.5754
741.4905
729.5579
751.9954
717.9589
748.4648
750.2265
731.2418
731.2421
719.5963
719.5963
708.2723
743.2233
719.5963
746.7105
736.3350
625.2454
751.9954
724.5469
685.0296
779.4420
727.8810
736.3350
726.2104
711.4756
739.7651
750.2265
679.0555
748.4648
703.5144
741.4905
748.4648
724.5471
785.1444
753.7717
719.5963
734.6304
721.2397
746.7105
738.0463
721.2397
746.7103
842.1667
750.2265
727.8810
751.9954
724.5471
739.7649
746.7103
716.3284
724.5471
748.4646
713.0867
726.2107
711.4756
722.8900
748.4648
736.3350
738.0466
727.8808
729.5581
732.9328
732.9326
729.5581
719.5960
727.8808
705.0939
734.6304
721.2397
751.9954
724.5471
734.6304
746.7103
750.2265
751.9954
732.9328
731.2418
748.4648
721.2397
806.7030
736.3350
731.2421
711.4754
746.7105
726.2107
736.3350
729.5581
736.3350
736.3350
685.0296
665.9413
729.5581
751.9954
751.9954
750.2265
726.2107
703.5142
932.4316
724.5469
726.2104
796.7750
753.7717
727.8808
729.5579
734.6304
743.2233
751.9954
743.2235
750.2265
708.2723
741.4905
741.4905
744.9634
744.9632
746.7103
727.8810
744.9632
744.9632
716.3284
743.2233
755.5555
671.7148
727.8808
743.2233
753.7717
721.2397
729.5579
727.8808
750.2265
759.1454
743.2235
731.2421
741.4908
721.2397
759.1454
722.8902
722.8902
736.3348
744.9634
741.4905
724.5471
705.0939
739.7649
727.8810
785.1444
727.8808
746.7105
705.0939
727.8808
719.5960
726.2107
582.9139
750.2265
706.6801
721.2397
732.9328
741.4905
731.2421
746.7105
711.4756
726.2107
729.5581
743.2235
708.2720
719.5960
724.5471
726.2104
750.2265
738.0463
746.7105
726.2107
738.0463
757.3467
709.8705
738.0463
727.8808
716.3286
722.8902
721.2397
726.2107
738.0463
748.4648
750.2265
716.3284
724.5471
721.2397
709.8705
748.4648
744.9634
736.3350
744.9632
753.7717
726.2104
731.2421
727.8810
726.2104
794.8152
771.9513
743.2235
736.3350
729.5581
744.9632
717.9589
729.5579
750.2265
738.0466
726.2107
750.2265
722.8900
790.9216
736.3348
724.5471
727.8810
750.2265
844.3395
731.2418
736.3348
736.3350
743.2233
719.5960
727.8810
753.7717
727.8808
731.2418
738.0466
743.2235
746.7105
727.8808
724.5471
703.5142
738.0463
759.1454
746.7103
719.5963
750.2265
739.7649
727.8810
751.9954
727.8808
743.2233
724.5471
741.4908
781.3347
732.9328
746.7105
744.9634
736.3350
726.2107
743.2235
743.2235
741.4908
667.3764
736.3348
722.8902
724.5469
717.9589
736.3350
698.8117
713.0867
751.9954
729.5579
736.3348
724.5471
739.7649
753.7717
738.0466
719.5960
738.0466
709.8705
734.6304
744.9632
744.9634
729.5579
731.2418
741.4905
744.9632
727.8808
738.0463
734.6304
724.5471
757.3467
734.6302
711.4754
757.3467
734.6302
721.2397
785.1447
736.3348
719.5960
750.2265
734.6302
751.9954
736.3350
716.3286
719.5960
726.2107
738.0463
716.3286
744.9634
743.2233
726.2107
739.7651
804.6996
800.7200
708.2723
750.2265
729.5579
751.9954
744.9634
746.7105
751.9954
695.7076
711.4754
683.5273
721.2397
827.2334
750.2265
721.2397
753.7717
717.9589
741.4905
719.5960
721.2397
716.3284
743.2235
729.5579
731.2421
732.9328
664.5114
748.4646
729.5579
661.6672
744.9632
705.0939
729.5581
719.5960
750.2265
731.2418
623.9632
732.9328
714.7043
738.0463
744.9634
743.2235
714.7043
736.3350
736.3350
724.5471
750.2265
692.6273
783.2356
727.8808
736.3350
757.3467
748.4648
739.7649
736.3348
726.2107
748.4648
750.2265
775.6805
777.5570
750.2265
724.5469
719.5960
732.9326
746.7105
722.8900
743.2233
744.9634
750.2265
746.7103
729.5581
739.7651
691.0956
724.5469
732.9326
645.0381
739.7651
719.5960
726.2104
741.4905
753.7717
719.5960
743.2233
751.9954
750.2265
833.5751
738.0466
716.3284
731.2421
724.5471
734.6304
734.6304
738.0466
724.5469
751.9954
721.2397
736.3348
779.4420
750.2265
722.8902
714.7045
705.0939
746.7105
724.5471
738.0463
806.7027
697.2565
880.5179
734.6304
757.3467
726.2107
714.7043
743.2235
732.9328
727.8808
727.8810
734.6304
732.9326
713.0867
729.5581
726.2104
744.9632
744.9632
750.2265
744.9632
739.7649
741.4908
743.2233
719.5960
727.8810
729.5581
744.9632
736.3348
743.2233
738.0466
777.5573
759.1454
751.9954
736.3348
750.2265
722.8900
727.8810
706.6796
738.0466
757.3467
777.5573
726.2107
738.0466
744.9632
721.2399
738.0466
739.7649
731.2418
709.8705
726.2107
682.0312
783.2356
717.9589
744.9632
716.3284
705.0939
727.8808
729.5579
709.8705
750.2265
719.5963
741.4905
705.0941
729.5581
743.2235
719.5960
717.9589
753.7717
775.6805
717.9592
729.5579
724.5471
788.9875
722.8900
736.3348
698.8120
727.8810
739.7649
739.7651
726.2107
743.2235
739.7649
751.9954
722.8902
724.5469
741.4905
738.0463
746.7103
727.8810
732.9328
750.2265
750.2265
732.9326
744.9632
657.4409
750.2265
796.7747
743.2233
719.5963
734.6302
736.3348
734.6304
697.2568
721.2399
716.3284
726.2107
731.2421
724.5471
890.0002
736.3348
713.0867
743.2235
743.2233
750.2265
727.8810
738.0463
714.7043
750.2265
741.4908
753.7717
724.5469
726.2107
739.7649
729.5581
729.5579
743.2233
722.8900
750.2265
717.9589
726.2107
741.4908
721.2397
727.8810
738.0463
743.2233
716.3286
705.0939
775.6805
683.5273
722.8902
729.5579
726.2107
722.8900
731.2418
703.5144
743.2233
804.6996
726.2104
734.6302
743.2233
726.2104
746.7105
727.8808
739.7649
721.2397
726.2107
716.3284
746.7105
722.8900
722.8900
729.5581
734.6304
736.3350
717.9592
711.4756
726.2107
717.9589
800.7197
734.6302
716.3284
732.9328
727.8810
744.9632
743.2233
721.2397
697.2568
739.7649
697.2568
787.0621
755.5555
741.4908
721.2397
722.8900
750.2265
732.9326
717.9589
746.7103
739.7651
781.3347
743.2233
750.2265
717.9589
739.7649
706.6801
714.7043
729.5581
743.2235
722.8902
724.5471
731.2421
732.9328
727.8810
724.5471
739.7651
727.8808
697.2568
734.6302
719.5960
731.2421
717.9589
716.3286
738.0463
741.4908
741.4905
729.5581
739.7651
724.5469
714.7043
751.9954
729.5579
724.5471
722.8902
746.7103
534.2580
729.5579
734.6304
727.8810
727.8808
724.5471
722.8900
727.8810
750.2265
734.6302
734.6304
726.2107
719.5960
743.2233
722.8900
751.9954
744.9634
676.1027
719.5960
724.5471
727.8810
750.2265
736.3350
743.2233
726.2104
753.7717
744.9632
736.3348
724.5469
729.5579
668.8173
717.9589
748.4648
743.2235
716.3284
751.9954
738.0463
736.3350
726.2107
739.7649
736.3350
727.8810
746.7105
738.0466
714.7043
722.8900
729.5579
919.5789
716.3284
753.7717
746.7103
713.0867
709.8708
698.8120
708.2720
731.2418
727.8808
781.3344
744.9632
729.5581
736.3350
739.7649
750.2265
840.0043
727.8810
722.8900
746.7105
719.5960
750.2265
748.4648
783.2356
734.6304
732.9328
714.7043
719.5963
729.5579
744.9632
724.5471
750.2265
771.9513
724.5469
748.4648
674.6344
738.0463
724.5471
719.5963
840.0043
719.5963
744.9632
727.8808
724.5471
750.2265
736.3350
721.2397
738.0466
753.7717
727.8808
757.3467
739.7651
788.9878
722.8900
738.0466
738.0466
744.9634
738.0466
744.9632
736.3350
736.3348
1459.1899
719.5963
721.2399
751.9954
759.1454
729.5581
750.2265
708.2720
746.7103
751.9954
731.2421
744.9632
722.8900
726.2104
753.7717
743.2235
724.5471
677.5764
753.7717
731.2421
703.5144
729.5581
726.2107
716.3286
727.8810
750.2265
724.5471
734.6302
753.7717
717.9589
724.5471
668.8173
727.8808
711.4756
708.2723
706.6801
706.6799
716.3286
717.9589
732.9328
743.2233
743.2235
630.4200
705.0941
719.5960
744.9632
998.9263
751.9954
734.6304
729.5579
700.3732
741.4908
750.2265
717.9589
755.5555
726.2107
741.4908
722.8900
724.5471
711.4754
709.8708
753.7717
729.5579
781.3347
627.8235
779.4417
746.7105
724.5471
724.5469
724.5469
783.2356
750.2265
627.8235
746.7103
727.8810
713.0869
722.8902
746.7105
731.2421
732.9328
719.5960
757.3467
727.8810
739.7649
731.2421
744.9632
713.0867
741.4908
724.5471
748.4648
751.9954
727.8808
727.8810
727.8810
748.4648
751.9954
736.3350
709.8705
750.2265
739.7649
726.2107
716.3284
721.2397
746.7103
736.3350
744.9634
746.7105
743.2235
713.0867
751.9954
753.7717
743.2233
743.2235
750.2265
751.9954
732.9328
729.5579
750.2265
724.5471
698.8120
732.9326
708.2720
726.2104
726.2107
677.5764
743.2233
743.2233
726.2104
729.5579
739.7651
721.2399
741.4905
750.2265
738.0466
738.0463
808.7150
731.2421
744.9634
722.8900
750.2265
741.4908
721.2397
679.0555
777.5570
711.4756
658.8445
527.4550
729.5579
721.2397
727.8808
729.5579
709.8705
721.2399
739.7649
714.7043
741.4905
739.7651
717.9589
757.3467
743.2235
751.9954
722.8900
727.8810
726.2104
731.2421
731.2418
732.9326
722.8902
708.2720
709.8705
724.5471
746.7105
727.8810
722.8902
726.2107
736.3350
753.7717
709.8708
717.9589
741.4905
732.9328
753.7717
738.0463
721.2399
794.8152
746.7105
750.2265
698.8117
716.3284
746.7103
744.9632
781.3347
727.8810
717.9592
744.9632
714.7045
734.6304
750.2265
738.0463
736.3350
698.8117
927.2519
709.8705
708.2720
724.5471
743.2233
722.8900
721.2397
726.2107
717.9589
741.4908
731.2421
746.7103
750.2265
724.5471
724.5471
746.7103
716.3286
722.8900
736.3350
727.8810
732.9328
779.4420
722.8900
757.3467
750.2265
750.2265
743.2233
736.3350
721.2397
716.3284
726.2104
751.9954
738.0466
722.8900
729.5581
750.2265
713.0867
727.8810
703.5144
741.4908
743.2235
753.7717
753.7717
744.9632
694.1640
753.7717
726.2107
738.0466
676.1025
750.2265
777.5570
683.5276
741.4905
755.5555
753.7717
781.3347
716.3286
722.8902
744.9634
731.2421
744.9632
714.7043
709.8708
722.8900
694.1640
748.4648
993.0602
716.3286
719.5960
653.2611
732.9326
743.2233
739.7651
734.6304
729.5581
721.2397
709.8705
732.9326
757.3467
739.7649
750.2265
727.8808
746.7105
726.2107
731.2421
757.3467
729.5579
750.2265
729.5579
722.8902
750.2265
783.2356
705.0939
746.7105
709.8708
739.7649
700.3732
746.7105
862.0889
724.5471
753.7717
701.9406
759.1454
716.3286
703.5139
724.5471
750.2265
703.5142
706.6799
785.1447
691.0956
736.3350
1010.8505
777.5573
787.0618
736.3350
750.2265
721.2397
746.7103
721.2397
748.4648
743.2235
716.3284
717.9592
738.0466
746.7105
736.3348
734.6304
724.5471
729.5581
731.2418
743.2235
726.2104
739.7649
724.5469
716.3284
717.9592
721.2399
727.8808
734.6304
753.7717
750.2265
753.7717
750.2265
706.6799
743.2235
729.5579
697.2568
748.4646
773.8119
726.2107
744.9634
719.5960
716.3284
722.8902
700.3732
777.5568
711.4754
741.4908
695.7076
673.1718
736.3350
743.2233
743.2235
732.9328
798.7432
719.5960
724.5471
741.4908
721.2397
716.3286
736.3350
703.5142
724.5469
729.5581
724.5471
721.2397
781.3347
757.3467
736.3348
724.5469
760.9520
719.5960
743.2233
748.4648
744.9634
808.7150
738.0466
661.6672
785.1447
716.3284
727.8810
746.7103
590.9803
721.2397
743.2235
709.8708
719.5963
722.8900
739.7651
714.7043
716.3284
739.7651
738.0466
726.2107
721.2399
757.3467
721.2397
726.2107
726.2104
724.5469
744.9632
736.3350
741.4908
703.5144
783.2356
744.9634
731.2421
706.6799
731.2418
721.2397
738.0466
721.2397
724.5471
741.4908
692.6268
751.9954
716.3286
743.2235
717.9589
743.2233
721.2399
750.2265
727.8810
731.2418
709.8705
757.3467
722.8900
732.9328
709.8708
721.2399
726.2104
674.6346
727.8810
746.7105
732.9326
721.2399
732.9326
750.2265
717.9589
750.2265
831.4515
688.0508
713.0867
724.5471
746.7105
729.5581
722.8900
724.5469
741.4905
721.2399
716.3284
746.7105
736.3350
727.8810
719.5960
721.2397
731.2418
722.8900
717.9592
751.9954
727.8808
719.5963
722.8900
713.0869
726.2107
717.9589
732.9328
716.3284
726.2107
770.0986
727.8810
727.8810
746.7103
750.2265
744.9632
739.7651
746.7105
724.5471
743.2235
724.5471
713.0867
739.7649
727.8808
698.8117
746.7103
708.2723
757.3467
732.9328
727.8810
714.7043
732.9328
743.2235
753.7717
726.2107
711.4756
724.5471
736.3350
717.9592
717.9592
716.3286
732.9328
743.2233
716.3284
732.9328
746.7105
689.5707
731.2418
722.8900
682.0312
714.7045
743.2235
731.2421
724.5471
734.6302
731.2421
724.5471
727.8810
736.3350
729.5579
732.9328
724.5471
717.9589
717.9592
711.4754
722.8900
727.8810
736.3350
751.9954
721.2397
724.5471
674.6346
729.5579
717.9589
736.3350
729.5581
727.8810
738.0463
736.3350
721.2397
701.9409
716.3286
724.5471
736.3350
724.5471
717.9592
724.5471
743.2235
739.7651
711.4754
722.8900
731.2421
719.5960
726.2107
744.9634
724.5469
705.0939
746.7103
719.5960
705.0937
706.6799
731.2421
741.4908
731.2418
736.3348
694.1644
734.6304
739.7651
726.2107
716.3286
719.5960
732.9328
719.5960
727.8810
724.5471
727.8810
716.3284
703.5144
732.9328
722.8902
724.5471
755.5555
724.5471
719.5963
721.2399
726.2107
713.0867
746.7105
727.8810
746.7105
751.9954
708.2723
697.2568
717.9589
738.0463
716.3284
703.5142
729.5581
698.8120
746.7105
726.2107
724.5471
743.2235
719.5963
698.8120
711.4754
726.2107
726.2107
717.9592
729.5581
736.3348
716.3286
694.1640
726.2107
727.8810
726.2107
729.5579
741.4908
711.4756
724.5471
738.0466
727.8810
719.5963
722.8902
713.0869
736.3350
729.5581
726.2107
743.2233
750.2265
732.9328
691.0956
685.0296
705.0939
694.1640
722.8902
709.8705
709.8708
674.6346
717.9592
683.5276
729.5581
722.8902
731.2421
717.9592
721.2397
726.2107
721.2397
726.2107
722.8900
708.2723
714.7043
806.7030
703.5144
714.7043
726.2104
748.4648
703.5144
724.5471
724.5471
709.8705
695.7076
721.2399
716.3284
732.9328
719.5963
719.5960
703.5142
706.6801
701.9406
726.2107
698.8117
729.5581
729.5581
731.2421
727.8810
717.9592
741.4908
729.5579
719.5963
695.7076
739.7649
726.2104
709.8705
726.2107
726.2104
701.9404
727.8810
719.5963
698.8122
708.2723
724.5469
721.2399
727.8810
722.8902
727.8810
694.1640
722.8902
706.6799
722.8902
691.0958
537.2189
706.6801
724.5471
695.7074
729.5581
717.9592
703.5144
706.6801
716.3286
717.9589
698.8122
676.1025
714.7043
705.0937
709.8708
714.7045
703.5144
709.8705
701.9409
703.5144
726.2107
700.3730
689.5705
688.0510
713.0867
708.2723
713.0869
709.8708
711.4754
907.0419
719.5963
706.6801
722.8902
727.8810
721.2397
719.5960
724.5471
731.2421
697.2565
692.6268
716.3286
683.5273
708.2723
701.9409
708.2723
701.9404
700.3735
729.5581
708.2723
698.8120
703.5142
703.5144
688.0508
685.0294
703.5139
705.0941
716.3286
722.8902
703.5142
729.5579
713.0867
682.0310
722.8900
726.2107
711.4756
694.1642
717.9592
697.2568
721.2397
703.5139
697.2568
685.0294
700.3735
688.0508
691.0958
698.8120
676.1027
697.2568
701.9404
703.5144
700.3732
683.5276
724.5471
692.6273
688.0510
706.6801
679.0555
703.5144
705.0941
734.6302
694.1642
714.7045
674.6346
682.0312
706.6801
676.1027
677.5762
674.6346
691.0956
711.4756
688.0510
698.8120
689.5705
713.0869
682.0312
586.3477
727.8810
636.9927
706.6801
682.0312
691.0956
682.0312
700.3730
703.5144
689.5705
705.0941
679.0555
685.0296
679.0557
673.1721
691.0958
677.5762
688.0513
697.2565
671.7148
692.6268
677.5764
689.5705
688.0508
667.3764
697.2565
773.8119
680.5406
679.0557
713.0869
709.8708
674.6346
667.3766
722.8900
665.9411
664.5111
667.3764
787.0621
705.0941
664.5114
661.6674
708.2723
676.1027
668.8171
697.2565
657.4407
691.0958
673.1718
685.0294
706.6801
665.9411
671.7148
709.8704
676.1027
677.5762
683.5276
663.0865
694.1642
691.0958
657.4407
697.2565
692.6271
676.1025
680.5406
673.1721
653.2609
663.0867
656.0423
658.8443
668.8173
677.5764
564.0866
679.0555
677.5764
686.5374
823.0533
691.0958
668.8173
679.0557
658.8445
670.2634
661.6674
670.2632
664.5111
646.3963
663.0867
689.5705
677.5764
674.6346
677.5764
697.2565
623.9632
653.2611
640.9935
670.2632
650.4999
639.6553
650.4999
665.9413
654.6492
650.4999
639.6551
656.0425
643.6852
668.8171
661.6674
650.5001
679.0557
647.7592
657.4409
639.6553
670.2634
657.4409
664.5114
679.0557
654.6492
653.2611
656.0425
658.8443
645.0381
642.3369
647.7592
643.6851
653.2609
623.9632
623.9634
651.8781
646.3961
645.0383
685.0296
647.7590
663.0867
654.6492
645.0381
650.4999
638.3217
658.8445
651.8781
656.0425
650.4999
633.0350
634.3495
651.8781
645.0383
618.8797
633.0347
649.1270
646.3963
643.6852
639.6551
587.5001
625.2454
650.5001
645.0381
625.2454
631.7251
630.4200
643.6852
622.6857
654.6492
663.0867
642.3367
634.3495
630.4197
651.8781
616.3644
643.6851
633.0350
626.5323
618.8797
620.1439
621.4124
613.8668
607.6985
605.2607
623.9632
636.9927
621.4126
613.8670
563.0114
618.8797
625.2455
608.9236
601.6357
701.9409
599.2396
605.2609
615.1134
589.8162
599.2396
598.0473
617.6199
605.2609
610.1531
588.6559
611.3867
596.8596
588.6562
594.4961
577.2664
579.5141
593.3203
607.6985
582.9137
466.6750
640.9937
590.9801
587.4998
593.3201
578.3884
588.6559
588.6559
596.8594
573.9227
584.0544
592.1480
576.1481
586.3475
568.4225
580.6435
587.4999
567.3333
575.0336
567.3334
559.8066
575.0336
577.2666
568.4225
556.6328
570.6118
566.2477
549.3442
571.7120
558.7452
408.9255
600.4354
564.0866
563.0116
573.9229
565.1655
556.6328
573.9229
550.3754
556.6327
551.4100
572.8156
541.2098
560.8715
549.3443
554.5336
557.6874
538.2120
558.7454
541.2100
542.2155
554.5338
547.2912
550.3756
589.8162
555.5816
540.2075
544.2362
552.4481
540.2075
542.2155
536.2288
522.6845
542.2155
549.3442
547.2914
527.4551
530.3527
534.2580
536.2288
522.6845
549.3443
517.9861
556.6328
518.9202
515.2009
501.6429
527.4551
516.1264
395.3812
494.6534
522.6845
502.5280
507.8947
507.8947
489.5170
507.8948
514.2781
500.7602
507.8947
518.9202
505.1995
499.8802
484.4687
497.2554
508.7984
494.6535
498.1277
502.5281
488.6697
498.1276
494.6535
497.2554
485.3040
489.5170
480.3274
480.3274
498.1277
479.5061
473.8216
478.6872
481.1510
481.9769
470.6232
468.2477
474.6268
465.1111
473.8217
469.0374
461.2385
469.8292
468.2477
461.2385
475.4343
458.9404
462.0087
452.1575
468.2477
461.2385
456.6610
449.1954
454.4001
461.2385
446.9947
449.9330
455.9053
451.4140
461.2384
444.0874
438.3649
444.8113
451.4140
430.0035
436.9532
447.7263
420.5709
439.7842
444.8113
425.2449
437.6581
429.3185
423.9009
440.4967
430.0036
425.9195
417.2829
422.5639
416.6304
421.8978
416.6303
422.5639
414.6823
420.5710
403.9154
421.2336
420.5710
412.1078
409.5588
412.1078
403.9155
400.2222
402.6783
405.1587
403.9155
400.2221
394.7825
399.0031
391.2214
400.2222
400.2222
392.4027
389.4599
386.5521
392.9955
379.1511
384.2507
432.7617
387.7111
388.8756
379.7125
385.3987
373.0624
379.1512
376.9191
373.6095
371.9720
371.9720
371.4285
370.3456
367.1264
333.5002
367.1263
366.5941
365.0046
364.4772
365.5333
360.3005
358.2401
359.7837
359.2680
354.1742
352.1683
355.1840
356.7069
356.7069
371.9720
349.1922
357.7279
343.3563
340.9692
350.6753
353.6711
344.8010
338.1383
343.3563
341.9210
336.7365
339.0779
345.2847
323.6339
333.5002
331.2177
337.2028
307.2048
323.1961
328.0623
330.7640
330.7640
318.0122
305.5916
318.0123
321.4539
320.1567
319.7260
321.4540
321.4540
312.5378
318.4394
315.4677
317.1606
310.8820
306.3966
304.3900
300.8276
304.3900
299.6540
302.4031
302.4031
300.8276
300.4357
296.1741
297.3272
311.2947
294.6469
293.8877
292.3781
294.6469
293.5092
292.0024
285.0000
287.9177
287.9177
289.0233
280.7048
292.3780
285.3623
283.1987
298.0999
279.2943
282.1259
276.5045
269.7062
278.2433
279.9983
273.0744
274.4389
271.0462
271.0462
270.3750
271.0462
271.0461
267.7142
272.3958
267.0551
265.7437
267.3843
263.4713
262.5061
260.2736
257.7556
258.0684
259.6407
259.6408
259.3252
254.9645
253.4327
254.0438
250.7085
251.3103
247.1409
248.0260
246.8469
250.7085
243.0693
244.8025
247.4355
244.8025
252.5200
240.5019
245.0931
241.0691
240.2190
236.5837
240.2190
237.6940
235.2061
240.2190
232.2147
232.4845
231.9455
230.3388
228.4839
228.7477
225.6109
225.3521
229.0118
226.9105
224.8360
222.2794
223.8085
221.2681
224.8360
220.0128
220.2631
222.5333
214.8459
222.0260
216.0609
214.3625
214.3625
213.4001
212.9211
211.2562
209.6089
211.4930
208.9082
208.2108
207.0552
206.1370
204.9970
206.5955
213.8806
201.6272
