115.6811
116.7084
119.7317
123.6927
126.2886
126.2886
126.1636
132.3225
130.6216
132.8509
134.8540
135.5294
137.5791
139.5246
141.6448
143.2236
143.3681
147.6361
146.8895
147.7859
149.4462
152.6785
154.0896
152.6785
155.1980
157.2824
157.1208
161.2213
160.8885
162.7297
163.7449
165.1109
165.2827
168.9414
168.9414
168.7649
169.8275
170.5405
172.1588
171.9780
172.7025
179.5916
177.8840
180.3573
179.4008
181.9013
183.2663
182.4846
185.0408
184.6445
185.6373
187.2401
185.6373
188.2511
187.8459
189.0650
191.1200
190.2945
190.5005
191.7422
194.2579
192.7852
191.1200
194.6814
194.0466
193.2044
193.8356
195.9593
196.3877
199.4217
198.5485
200.9621
200.0800
204.0910
200.0799
200.0800
200.5204
200.0799
200.3000
201.4052
211.0198
203.1904
202.7421
201.8495
204.3170
203.4150
205.4520
204.0910
204.5433
204.5433
206.3661
204.9970
205.4520
203.6400
204.7700
205.2243
205.4520
207.2857
209.6089
206.5954
207.5164
204.3170
204.7700
207.7475
206.5954
208.6754
207.0552
210.5481
206.1370
208.9082
207.5164
208.6754
207.9790
208.6754
208.4429
205.2243
208.2108
208.4429
211.2562
208.9083
208.4429
210.7838
207.9789
211.0198
210.0778
211.4929
210.3128
215.8172
208.9083
207.7475
211.4930
209.1415
209.3750
210.7838
211.2562
210.5480
210.7837
211.7301
211.7301
211.9676
211.2562
211.9676
211.0198
211.2562
211.2562
211.4930
210.7838
213.6401
213.1604
208.2107
211.7301
210.7838
210.3127
211.2562
211.7301
211.9676
209.8432
212.2054
213.6401
211.7301
211.9676
211.9675
212.2054
213.1604
211.9675
212.6822
213.6402
213.1604
211.2562
209.6089
211.7301
213.6402
213.1604
212.6822
210.5481
212.6822
211.9675
215.3308
213.4001
213.4001
210.7837
213.4002
210.3127
212.2054
211.7301
213.8806
211.4929
215.3308
215.0882
210.0778
212.9211
211.9676
212.9211
211.0198
211.4930
211.2562
211.9676
212.2054
212.2054
211.0198
215.0882
211.7301
214.3625
219.2643
212.2054
209.8432
211.7301
213.1605
213.1605
210.7838
215.0882
213.4002
212.4436
211.2562
211.7301
211.2562
211.9676
211.9676
214.8459
212.2054
211.7301
209.3750
210.0778
210.7837
208.6754
210.7837
212.9211
212.9212
211.0198
211.9676
211.9676
212.4436
215.3308
210.0778
209.3750
211.0198
210.7837
212.4436
213.6401
211.4930
211.7301
208.4429
210.5481
211.9676
210.7838
208.9083
210.5481
210.7838
209.3750
209.8432
209.6089
210.7838
211.0198
211.7301
209.8432
208.6754
208.6754
209.8432
210.7838
208.4429
209.8432
210.0778
208.6754
208.4429
212.2054
209.6089
208.6754
207.0552
208.6754
207.9790
210.3128
208.2107
208.9082
207.9789
211.0198
207.7475
207.7475
211.9676
207.5164
214.1214
208.4429
205.2243
210.3128
207.2856
208.4429
207.7475
208.4429
207.2857
206.1371
208.9083
208.2108
208.2108
208.2108
205.9083
206.1371
204.3170
206.8252
206.1371
205.4520
206.5955
207.0552
208.4429
203.6400
202.9661
204.5434
204.5433
204.5433
205.2243
205.6799
204.5433
203.4151
201.6271
200.3000
201.8495
197.6805
198.1138
200.5204
199.8602
198.5485
199.8602
202.0722
197.0326
195.5321
197.0326
196.1734
195.9593
197.4642
193.6249
197.4642
194.4695
194.2579
186.6370
190.7067
191.7422
192.3671
190.5005
189.0650
188.4541
187.6437
187.4418
187.0388
185.0408
186.6370
186.0363
185.4382
184.6445
181.3203
183.6587
180.1655
178.8301
181.1272
178.6404
171.9780
171.9780
171.9780
172.3398
172.3398
172.1588
171.6172
171.4372
169.1181
170.1835
166.3179
167.5358
166.4912
165.6269
164.0851
161.7222
162.3930
161.0548
158.7455
155.8357
157.6061
155.9957
154.7218
153.3037
152.8345
150.5144
149.2944
148.0861
145.8520
144.9696
143.9480
142.7909
141.5023
142.2165
140.5094
138.8262
137.8551
138.4090
134.4506
134.4506
131.9277
132.9834
130.3621
129.5872
128.5620
126.4137
125.5408
125.2926
122.4774
122.4774
121.0364
118.2095
117.9773
116.3649
116.0224
113.7671
113.9905
111.9964
111.7772
109.6091
107.6955
106.4390
108.1177
109.3948
110.9046
112.4363
114.7761
118.6757
118.6757
121.3949
124.0599
123.9374
126.7899
128.6897
130.2326
132.0592
133.6480
134.4506
137.0291
139.1050
140.5094
140.9339
143.6577
143.8028
145.9997
148.9912
150.9751
148.6888
151.1290
152.8345
153.9320
156.4767
159.8950
158.0932
159.0729
161.7222
163.2363
163.2363
164.7681
167.5358
167.1867
170.8985
169.6498
170.1835
170.8985
172.1588
171.9780
172.1588
172.3398
179.9739
179.7826
181.3203
181.3203
182.2899
183.4624
182.6797
184.4468
184.2494
186.2363
187.2401
188.0484
187.2402
187.0388
189.2692
191.5345
191.9502
193.8356
194.8936
192.9946
194.0466
195.3189
194.2579
194.0466
196.1734
195.5321
196.6024
197.4642
197.4642
196.8174
200.5204
198.7664
200.5204
202.0722
201.6272
200.5204
202.5185
201.8495
200.5204
198.5485
201.1835
200.9621
203.4151
203.6400
203.8653
204.5434
204.0910
203.4150
205.4520
206.1371
204.5434
204.3170
209.3750
204.9970
203.8653
207.9790
207.5164
206.3660
206.5954
207.2857
207.9790
206.1370
208.2108
207.2856
208.4429
207.9790
208.9083
207.5164
211.2562
209.1415
208.6754
208.6754
207.9789
210.3128
208.6754
209.1415
209.3750
211.7301
208.4429
208.9083
210.3128
209.3750
211.9676
208.4429
208.4429
215.3308
212.9211
211.2562
209.1414
207.9790
211.4929
211.7301
207.5164
209.6089
211.2562
208.6754
210.7837
209.6089
210.5481
210.7838
210.7838
211.7301
209.8432
211.0198
215.0882
209.3750
211.4930
211.2562
212.6822
213.4001
209.6089
211.0198
212.4436
211.7301
208.4429
212.6822
211.4930
211.2562
211.9675
213.1604
211.9676
212.9212
211.4929
210.7838
211.7301
212.4436
211.7301
212.6822
211.9676
212.2054
206.5955
208.4429
209.8432
212.4436
214.3625
211.9676
212.4436
215.3308
209.8432
212.4436
203.8653
211.0198
212.2054
208.2108
211.4929
215.5738
212.6822
212.2054
213.1604
213.8805
213.8806
212.6822
211.7301
213.4001
210.7838
213.8806
213.1604
214.3625
211.9675
211.0198
216.5496
214.6040
211.9676
213.8806
211.9676
210.7838
209.3750
212.6822
211.9676
213.6402
212.2054
211.9676
213.1604
211.9676
209.8432
211.9676
212.6822
216.7945
210.3128
209.8432
212.2054
212.2054
209.1415
210.7837
208.2107
208.9082
209.8431
211.7301
212.2054
209.6089
212.4436
211.0198
206.8251
211.4930
211.9675
209.3750
211.2562
211.7301
212.4436
211.2562
206.1370
208.6754
210.7838
210.5480
210.0778
212.4436
210.0778
210.0778
208.2108
211.9676
212.9212
209.3750
210.0778
207.7475
207.9790
212.2054
209.8432
209.3750
207.7475
208.4429
211.9676
214.8459
208.6754
208.2108
207.9789
208.4429
208.4429
209.8432
208.9083
208.9082
210.0778
206.8251
207.2856
209.1415
207.7475
206.1371
206.1370
206.1371
206.5955
208.2108
207.5164
208.4429
207.9790
205.2243
207.9790
207.2857
205.9084
207.9790
205.4520
208.2108
206.3661
205.2243
201.6272
207.0552
206.5955
205.4520
210.7838
204.3170
206.8252
203.1904
199.6408
200.5204
204.7699
203.4151
199.6408
201.1835
200.9621
204.3170
201.6271
199.8602
202.2952
201.1835
201.1835
200.0800
199.8602
197.4642
199.4217
197.8970
198.5485
197.2483
196.6024
196.3877
196.6024
194.6814
193.6249
194.2579
193.2045
195.5321
192.3671
190.7067
189.8835
186.8378
191.5345
187.2402
185.6373
185.6373
186.8377
186.6370
185.0408
184.4468
184.0522
181.3203
182.8749
176.9444
179.5916
178.4509
181.1272
179.2103
171.4371
172.1588
171.6172
170.1835
171.6172
169.8275
167.0125
168.9414
168.2368
169.4724
166.1448
166.4912
163.2363
162.5612
163.4057
161.7222
159.2369
157.7682
158.7455
158.9091
156.9595
152.8345
152.8345
151.4374
149.7505
149.1427
147.7859
145.2630
147.1876
144.2390
145.5571
142.2165
142.0733
141.5023
138.6870
137.7170
137.4414
134.5849
133.1160
133.3817
131.1423
130.2325
128.1799
126.7899
126.2886
126.6643
123.4486
123.9374
121.9950
120.3228
119.6139
119.1438
116.7084
116.3649
114.6636
112.1062
112.2162
110.9046
109.2877
104.8897
106.2311
106.6474
108.2236
109.6091
110.9046
110.6876
115.9085
118.5590
118.3259
120.5601
122.8406
124.0599
126.6643
128.0529
129.8449
129.9740
131.4035
133.7814
135.8007
137.8551
139.3846
139.9457
143.6577
144.3848
143.6577
148.5379
147.9359
150.3613
151.2831
153.7746
154.8803
155.8358
156.9595
159.0729
159.5656
161.2213
160.3908
162.5612
165.6268
168.5887
165.9719
168.0612
169.1181
167.3611
170.7194
171.6172
171.9780
173.0662
171.6172
178.0727
180.5494
180.7417
179.5916
181.1272
181.7073
182.0955
184.0522
186.4365
185.6373
186.4365
187.4418
187.8459
189.0650
189.4737
190.0889
190.9132
190.9132
191.9502
191.9502
190.9132
194.0466
194.0466
195.9593
196.8174
195.7455
197.4642
198.7664
197.8970
197.4642
198.3310
197.6805
199.2029
200.7411
201.1834
199.6408
200.5204
200.5204
201.6272
201.6272
202.0722
203.6400
201.6272
202.7421
200.5204
203.6400
203.8653
202.5184
205.4520
204.5434
206.1371
206.1371
206.5954
205.4520
206.3661
207.9790
205.2243
205.6800
210.3128
206.3661
208.6754
208.4429
208.4429
207.5164
211.0198
209.1414
205.9083
209.8432
207.5164
208.4429
208.4429
208.6754
208.6754
207.9790
209.6089
214.1214
208.6754
209.8431
208.2108
210.0778
208.4429
211.2562
209.1415
209.3750
206.1371
209.6089
213.1604
209.6089
211.0198
210.7838
211.2562
209.6089
209.8432
209.6089
209.8432
210.3128
210.0778
209.6089
209.8431
211.4930
211.0198
209.8432
210.7838
211.0198
208.4429
211.2562
210.7837
212.4436
210.5481
210.7837
211.9676
210.3128
209.3750
212.9212
210.7838
210.7838
211.9676
210.5480
212.4436
211.0198
210.3127
210.0778
213.8806
207.7475
209.3750
215.5738
211.0198
209.8432
213.1604
212.9212
212.2054
211.4929
213.6402
211.2562
213.4001
210.3127
214.3625
213.1604
211.0198
211.0198
211.9676
215.3308
211.7301
211.4930
211.9676
212.9211
215.8172
212.2054
214.8459
216.5496
211.4930
211.2562
213.4002
213.6401
211.9676
211.7301
210.3127
217.2854
211.4929
211.0198
212.2054
213.6402
212.6822
212.4436
211.9676
212.2054
213.1604
211.7301
213.1604
211.4930
210.7837
215.8172
212.4436
211.4929
214.3625
210.0778
214.1214
215.0881
211.4930
211.7301
213.4001
212.6822
210.7838
212.9212
211.9676
212.9211
210.5480
212.6822
208.6754
212.4436
211.7301
211.9676
210.7838
210.7838
209.8431
211.4930
211.0198
211.4930
211.0198
211.7301
212.6822
208.4429
208.6754
209.6089
208.9083
210.3128
212.4436
207.9789
207.9789
209.8431
209.6089
208.4429
208.6754
208.4429
207.7475
207.7475
209.8432
207.5164
210.5481
208.4429
209.8432
208.4429
209.1414
213.6402
207.7475
213.4001
208.6754
208.2108
209.3750
207.7475
207.2856
208.6754
209.3750
208.2108
208.2108
206.1370
207.7475
207.0552
205.9083
208.2108
207.7475
207.2857
204.5433
206.3661
206.8252
207.7475
206.5954
203.4151
206.8252
205.4520
204.9970
203.6401
204.9969
206.1371
207.5164
203.6400
206.1371
203.8654
203.1904
203.1904
202.2952
201.4052
201.6271
200.3000
202.9661
200.5204
199.2029
201.1834
201.8495
198.5485
199.2029
199.6408
196.3877
199.2029
199.6408
200.9621
197.0326
198.7664
194.8936
197.6805
195.9593
194.0466
194.2579
195.7456
187.8459
192.9947
192.3671
192.3671
190.5005
192.7852
188.4542
188.6575
187.4418
187.6437
187.2401
185.8366
186.8377
182.8749
183.8553
185.4382
182.2899
181.1272
177.3195
178.2616
177.5074
177.5074
176.9444
172.1588
171.7975
171.0778
171.6172
170.8985
172.7025
169.1181
168.7649
167.7107
167.7107
167.0125
165.9719
164.5970
164.2555
162.0571
160.3908
159.2369
158.4189
159.0729
156.6374
155.3571
152.8345
152.6785
152.8345
151.9014
149.5983
148.0861
145.5571
145.4100
145.2630
144.3848
141.7874
142.2165
140.2272
139.1050
136.4815
137.0290
136.0725
133.3817
134.1825
132.0592
130.4917
130.3621
127.6725
126.0387
126.1636
123.6927
122.7194
121.6345
120.0860
120.4414
118.0934
117.1681
115.7948
116.1365
114.2144
113.3217
108.7543
110.2549
108.9673
108.3295
106.4391
106.0236
109.1808
105.3006
