14.7863
16.4179
16.8498
17.9945
18.9543
20.0000
20.9928
22.0021
23.1764
23.8844
25.0573
26.6430
27.3915
29.1594
29.2410
30.7263
32.3316
34.0645
35.1262
36.6138
38.0880
39.5943
40.5044
42.7078
43.9114
47.2227
48.1817
50.8565
51.6948
53.8606
56.9266
56.9266
59.4937
60.6828
62.1461
63.6364
65.9575
68.6226
70.7317
72.5300
74.8132
74.7386
77.7730
79.4872
82.6087
84.1691
87.1145
88.4058
89.4518
92.7513
96.4500
98.4492
101.5752
104.2903
106.4532
111.5732
112.8932
115.4696
118.1092
122.3731
124.8147
128.5794
130.5094
134.8724
139.8243
141.8069
142.9546
147.9564
152.6998
150.8423
155.5382
160.0826
162.2478
165.1343
168.6127
171.8221
177.1574
180.1916
184.4738
187.6712
189.2971
191.9786
197.0620
201.8798
204.8009
208.4746
208.4746
209.8751
218.3055
217.5649
219.2982
229.5774
232.2516
238.2899
238.0107
242.5345
242.8213
250.4493
253.4743
261.5894
262.8711
264.4860
270.7560
272.1036
274.8284
283.2476
285.0494
281.8182
287.9678
295.4612
305.2449
308.4789
307.6655
316.3701
320.6472
321.0797
320.2155
349.2595
334.4828
334.4828
334.9442
341.9859
346.8086
357.7976
351.2397
364.5492
366.1355
367.7328
364.5490
379.2276
382.0482
378.6674
387.7904
400.9174
391.8920
397.2678
401.5309
416.0681
417.3721
421.9886
424.6637
424.6637
427.3664
430.7841
440.5942
430.7841
446.3643
436.3458
460.5749
464.4382
473.1281
466.7821
461.3434
471.5284
484.5825
487.0968
490.4830
493.0485
492.1907
506.2177
479.6179
519.0477
512.5655
526.6258
518.1131
546.4088
537.3541
534.3922
557.8312
541.3469
554.6763
547.4308
543.3621
541.3469
562.0855
565.3126
574.0742
584.2105
591.1392
585.3557
584.2105
585.3557
588.8141
606.6435
617.7915
604.2131
611.5549
617.7915
638.5031
625.4208
609.0907
642.5205
620.3167
628.0000
630.5979
643.8691
642.5203
631.9035
625.4208
645.2228
666.1363
635.8490
609.0907
666.1363
670.4611
670.4611
652.0660
653.4497
563.1577
633.2142
635.8490
635.8492
622.8597
614.0364
616.5355
610.3207
606.6435
597.0212
624.1380
600.5987
614.0367
604.2131
585.3557
572.9666
574.0742
555.7248
580.7979
574.0742
538.3477
545.3900
533.4107
529.5159
534.3920
525.6684
518.1131
519.0477
499.1222
512.5654
523.7624
499.1222
494.7713
480.4393
493.9087
479.6178
480.4395
455.2541
456.0080
453.0046
439.1706
428.0463
426.6880
426.6881
416.0680
411.5554
403.9999
396.6647
390.1257
430.7841
390.7130
381.4814
378.6674
366.6667
361.4084
363.4976
357.2863
361.4084
353.7396
345.3508
344.3842
344.3842
330.8259
326.3405
320.2155
323.2558
310.9384
302.8529
302.4570
296.6102
302.0619
281.4626
277.5933
280.7531
267.1000
271.7658
261.2704
255.0065
249.2537
245.1327
242.8213
237.4536
236.3450
232.5213
220.5479
220.0469
218.8011
216.0942
208.4746
205.4830
201.6575
199.2327
190.3226
186.6643
181.9277
180.9606
176.4090
171.1023
167.5596
161.0775
158.9314
154.1111
150.0763
149.1634
143.9678
141.2371
135.1421
131.2906
127.9432
124.1993
122.8571
120.1021
116.4949
113.2257
109.3023
109.0886
105.1089
101.6745
98.5454
97.3970
93.3884
90.3323
88.4058
85.0847
83.1805
80.7548
76.0912
75.3372
74.1442
71.0884
67.6561
67.6561
64.6231
63.2450
61.6979
58.5059
58.6287
56.8665
53.3995
53.2847
51.5825
50.2477
48.1817
45.8074
44.5209
43.1568
42.1628
40.6009
38.8842
38.9313
37.0711
35.3495
34.5048
33.1924
32.5457
31.5240
30.1033
28.8749
28.4706
27.3123
26.6821
26.0970
25.4019
24.6386
23.4363
23.4363
23.1764
21.7844
20.9928
19.8946
20.3173
19.5795
19.0234
18.1989
18.0626
17.4194
17.3184
16.5504
16.2527
15.4009
15.2709
15.1089
14.6898
14.3695
14.0510
13.7342
13.8607
13.5135
13.7342
12.6702
12.4228
12.5464
11.9311
11.9005
11.9617
12.3303
11.5044
11.2923
11.4741
11.4437
11.1714
10.9906
10.7805
10.5711
10.5412
10.4220
10.5711
10.7206
10.7206
11.7478
12.1457
12.2995
12.5773
12.9811
13.2623
13.4192
13.9875
14.6898
15.7597
15.8580
16.6168
17.3857
17.5879
18.6097
20.3173
20.0704
21.3873
21.9294
22.9545
24.5627
25.6328
26.5647
28.3498
29.6501
31.1029
32.1181
33.0193
34.6818
36.0239
38.9313
40.0718
41.8673
43.5080
44.9301
46.2761
49.0989
51.5264
53.0555
54.8497
56.6265
58.8133
59.9922
62.5968
65.4880
66.8364
69.9523
71.8783
74.5896
75.4123
78.8600
81.5562
84.0863
85.6722
88.4925
91.7584
94.4906
97.7783
100.0000
104.1885
107.1844
111.0281
114.2297
117.8771
120.9334
124.8147
127.4368
128.7071
133.0014
134.6033
141.0951
141.3793
144.8430
147.6565
150.9960
158.2781
159.0952
163.5983
168.0851
171.6418
173.2733
179.8087
181.9277
189.7064
191.1483
195.5612
196.8467
200.7712
203.2210
204.1218
213.1931
214.1542
220.5479
219.7969
220.5479
236.3450
236.0689
241.3922
247.4756
252.2580
254.6991
262.5498
264.8107
268.7528
271.4286
276.8983
280.0464
280.0464
282.1746
290.5579
292.0536
300.0977
297.7659
300.4890
309.2954
320.6472
321.9474
320.2155
332.1900
329.4704
337.2664
343.9025
347.7857
344.8670
347.2966
365.0768
364.0228
364.0228
366.6667
363.4976
372.5909
379.2275
383.1858
389.5398
386.0535
399.6949
400.9174
408.3798
405.2436
419.9999
422.6548
416.7192
423.3226
429.4117
442.7436
443.4639
452.2589
450.0335
453.7525
459.0443
465.9988
469.1454
464.4385
469.1454
472.3270
481.2632
468.3553
485.4182
489.6327
491.3356
489.6327
493.0486
504.4280
501.7634
509.8288
528.5493
519.0475
537.3542
545.3900
537.3542
535.3763
551.5512
549.4845
586.5046
554.6763
581.9319
562.0855
584.2107
583.0692
564.2334
570.7618
562.0855
604.2133
586.5046
581.9318
612.7937
605.4264
620.3167
601.7993
621.5860
621.5860
645.2230
669.0140
622.8597
630.5977
630.5979
637.1737
649.3139
633.2139
637.1737
642.5203
647.9453
643.8691
643.8691
646.5815
637.1737
645.2228
617.7915
633.2139
667.5726
624.1380
617.7915
625.4208
616.5355
604.2131
620.3167
628.0002
591.1392
583.0692
589.9747
584.2105
568.5715
585.3557
537.3542
569.6649
547.4308
555.7245
559.9518
546.4088
534.3920
528.5493
536.3636
525.6683
521.8677
515.3267
491.3356
509.8288
500.8804
498.2471
491.3356
477.1671
480.4395
482.9181
473.9314
447.8261
456.0081
447.0941
429.4117
444.1861
426.0115
420.0001
414.1244
399.0858
399.0858
395.4627
383.7567
384.9024
384.3287
380.3518
381.4814
372.5909
374.2328
364.0228
353.2374
345.3508
340.0860
340.0859
332.6466
318.9258
329.4704
322.8188
321.5131
316.3701
306.0486
307.2600
294.3188
287.2340
282.1746
282.5316
272.4420
274.4856
267.7593
265.7884
260.0000
255.3146
246.0076
237.4536
233.6049
231.9822
231.4448
221.0505
217.0732
217.0732
212.4762
208.7071
202.3256
197.2777
197.7099
191.1483
187.8735
186.0636
181.1535
175.2941
168.4366
167.7346
167.7346
158.2781
153.9535
149.9237
145.7246
142.9546
138.7059
136.3636
132.2087
129.7335
125.0618
122.8571
119.7478
113.5593
112.2311
109.6238
106.4532
104.6988
100.3915
98.2571
95.5121
91.3999
89.9791
87.6289
85.3360
83.2625
79.0164
77.0811
75.1872
74.1442
70.5895
68.6921
67.7248
65.2876
62.9851
61.0619
60.9986
57.2883
55.6738
54.2082
52.8841
51.8072
49.9176
48.0210
45.4965
44.2155
42.7575
41.0853
39.7372
38.7430
38.1346
36.4772
35.1708
33.7143
35.5736
31.8204
31.3974
30.3103
28.7938
28.6320
27.8688
26.9571
26.3304
25.0573
24.1097
23.8095
23.4363
21.9657
21.8206
20.6363
20.3527
19.6844
19.3704
18.7473
17.9945
17.9266
17.6893
17.0167
16.3518
16.4510
16.1208
15.6943
15.4660
14.4654
14.5935
14.2419
13.9875
13.8290
12.9499
12.9188
13.2310
12.6702
12.3919
12.6083
12.1457
11.7784
11.8089
11.5044
11.3528
11.2923
10.7805
10.9606
10.8104
10.9005
10.6308
10.3327
10.3625
10.2436
10.2733
10.3922
10.2436
10.9606
11.3226
11.4134
11.8700
12.2072
12.2687
13.1059
13.4506
13.7658
14.3695
14.7219
15.4009
16.3187
16.8831
17.6217
17.7570
18.6441
19.7544
20.6363
21.0643
22.4398
23.1394
24.5627
25.9806
26.8391
29.0373
28.9155
30.4348
32.1181
33.1058
35.0371
36.2502
37.7165
39.5468
41.4263
42.8073
44.6741
45.4449
47.9675
50.4132
51.6948
52.9983
55.3195
57.1675
59.7425
61.3157
64.1612
65.2209
68.0689
70.0228
72.0950
75.1123
76.8517
79.0164
81.7980
84.7507
88.4058
89.1892
92.2987
95.4187
96.9223
100.6861
104.3923
106.1415
110.8108
113.8940
118.5748
119.7478
123.4652
127.5632
131.9456
136.0911
135.6835
136.3636
144.6967
146.7611
151.3041
152.3883
161.0775
161.5778
170.7438
172.7273
174.3719
176.9699
176.0364
184.8696
188.8889
191.7706
189.2971
195.5612
203.8961
203.8961
207.0866
210.8159
213.1931
220.5479
220.5479
232.5213
230.6419
241.3923
243.3963
241.6772
248.6590
256.5521
256.5521
262.2291
264.8107
266.1154
271.4286
281.1075
280.0464
287.6006
291.6786
293.9395
295.0797
301.6675
308.8866
313.4276
313.4276
320.6472
324.1325
323.6937
329.9213
335.4067
332.6466
343.4217
348.7672
351.2397
365.6056
360.8891
367.7328
374.2328
370.4193
375.8861
391.8920
388.3721
382.6164
397.2678
402.7624
404.6210
430.7841
367.7328
410.2804
417.3720
421.9886
419.9999
444.9102
442.0251
455.2541
437.7545
460.5749
451.5152
457.5220
469.1452
469.1452
491.3356
477.1670
472.3271
477.1670
484.5825
480.4393
495.6365
498.2469
493.9087
509.8287
521.8677
530.4849
521.8679
518.1131
525.6686
541.3470
538.3478
476.3546
562.0855
543.3621
557.8314
595.8368
574.0742
567.4814
593.4800
586.5046
594.6566
570.7618
591.1392
601.7993
595.8368
599.4021
591.1393
654.8387
625.4208
617.7915
619.0519
642.5203
620.3167
612.7935
616.5355
595.8368
625.4208
641.1764
624.1380
666.1363
659.0361
653.4497
647.9451
649.3137
652.0660
652.0660
647.9451
634.5293
633.2139
630.5977
656.2329
616.5355
625.4208
599.4021
578.5419
599.4021
552.5898
588.8141
588.8143
586.5046
599.4021
548.4560
580.7980
567.4814
547.4308
568.5715
549.4845
562.0855
524.7138
522.8135
512.5654
525.6686
505.3216
524.7138
499.1223
498.2469
491.3356
489.6327
474.7368
485.4180
474.7369
485.4180
475.5447
462.1140
458.2822
456.7640
442.0251
439.1706
426.6880
417.3720
411.5553
410.2805
404.6209
394.8641
393.0764
387.2101
381.4814
376.9948
368.2676
364.5492
368.8037
364.0228
352.7363
347.7857
340.0859
338.6717
333.1042
328.5715
324.5723
321.5131
320.6472
315.1039
300.0977
294.3188
293.9395
289.4436
281.4626
282.1746
275.1718
271.4286
268.7528
263.5153
254.3921
251.0501
247.4756
245.4239
236.3450
232.5213
226.6853
226.6853
216.8279
216.3384
208.7071
210.1098
210.1098
197.7099
194.4984
191.3554
184.4738
183.6855
177.3451
175.2941
169.3193
164.4495
161.2440
157.3044
151.9225
146.4640
144.9895
144.4046
136.9106
135.6834
131.1600
128.5794
125.6820
121.0526
118.4583
115.0171
111.1369
108.5561
106.8704
104.8012
104.0867
97.7783
94.3983
91.3104
89.1018
87.0290
84.9176
81.7980
80.8346
76.6228
74.3666
73.1867
71.3748
68.9008
66.9725
64.3588
62.0819
61.3157
58.7517
56.9868
53.9763
53.8606
52.0891
49.8079
48.4502
46.1717
45.9633
43.9620
42.6084
41.3287
39.4992
38.4615
37.7165
36.4772
34.8592
33.9330
32.7606
31.6932
30.8934
29.8145
28.8749
28.2292
27.4311
26.0970
25.8645
25.5942
24.1097
23.7721
22.6599
22.4398
21.1718
20.5653
20.3881
20.1056
19.0926
18.9888
17.9605
17.8248
17.4867
17.3857
16.9499
15.0766
16.0879
15.2061
15.5311
14.9151
14.3695
14.0827
13.9875
13.8290
13.5135
12.7633
13.1059
12.8566
12.2379
12.0843
12.2072
11.6260
11.3528
11.2318
11.4437
11.3528
11.2621
10.6308
10.5412
10.6607
10.2436
10.0067
10.3030
9.7708
10.2436
10.1251
9.9772
10.3625
