11.5956
12.3303
12.8566
13.1997
13.7658
15.0766
15.7597
16.5173
17.0167
18.0285
18.6441
19.7193
20.3173
21.6758
22.4764
23.5480
24.9047
26.5647
27.5105
28.5916
29.5681
32.1181
32.9330
34.3724
36.6594
38.0415
39.6419
40.4080
41.8673
43.9620
47.0641
48.2890
50.3580
52.7700
53.9763
56.2679
57.5909
59.8673
62.1461
64.1612
66.6328
68.0000
70.5184
72.7484
75.3372
77.7730
77.8502
82.4460
84.6674
85.8407
89.9791
93.8461
95.6989
100.0977
101.3769
104.0867
106.4532
110.4857
114.6789
116.4949
120.6952
123.9541
127.6897
131.5522
133.9332
137.8739
142.0928
142.9546
146.3158
148.7094
151.3041
151.7676
155.6978
160.0826
163.4288
169.3193
172.5457
176.7827
178.6662
185.0679
184.6715
191.1482
191.9786
196.2025
202.1026
205.2553
213.4329
212.0000
216.0942
216.3384
228.7836
229.8429
234.4222
236.6215
251.9553
245.7155
245.4239
253.7798
251.9553
260.3168
260.6341
267.4294
270.4207
280.7532
275.8605
286.5031
292.0537
297.3799
293.9395
296.9947
304.8443
307.2601
319.7847
318.9258
325.8971
332.1900
344.8670
349.7529
328.5715
333.1042
335.8701
343.9025
357.2864
359.3382
356.7763
374.2328
379.7891
364.0227
375.8861
384.3289
390.1258
393.6709
393.0764
389.5397
408.3800
404.6210
416.7193
420.0001
423.9923
428.0463
442.0251
419.9999
439.1706
444.9102
440.5941
458.2822
477.1671
473.9313
458.2823
474.7368
470.7317
484.5825
485.4180
482.0896
493.9087
488.7849
491.3358
492.1910
485.4180
494.7712
516.2527
514.4035
522.8135
537.3542
523.7622
542.3529
541.3470
513.4831
534.3920
531.4572
555.7245
568.5715
566.3953
556.7763
568.5715
599.4023
565.3126
580.7980
589.9747
592.3076
586.5046
591.1392
607.8650
626.7081
628.0000
624.1380
621.5860
629.2966
622.8597
616.5355
621.5860
649.3137
673.3712
680.7436
647.9451
654.8386
626.7081
680.7434
660.4454
652.0660
666.1363
697.4685
667.5728
661.8602
692.8364
692.8364
689.7782
699.0243
686.7435
713.3066
625.4208
716.5501
718.1816
670.4611
736.5681
761.1987
736.5681
750.4673
711.6946
748.7047
750.4676
748.7047
746.9494
714.9252
733.1639
729.7869
750.4673
759.3914
772.2043
813.0436
763.0136
783.4949
779.6990
766.6666
793.1295
787.3237
754.0148
806.9769
764.8362
800.9903
711.6946
781.5932
804.9725
829.6254
808.9902
797.0424
799.0123
823.3372
829.6257
806.9769
831.7406
808.9902
821.2599
819.1920
833.8654
862.3969
817.1334
840.2984
833.8654
821.2599
838.1443
871.5299
869.2305
862.3969
833.8654
827.5198
869.2305
811.0124
831.7406
840.2984
849.0153
844.6365
844.6365
819.1920
785.4052
869.2305
885.5591
866.9418
849.0153
840.2984
866.9418
935.3981
862.3969
842.4625
862.3969
873.8403
825.4238
835.9999
864.6641
892.7275
892.7275
878.4943
900.0005
914.8699
880.8380
876.1617
904.9081
922.4719
922.4719
904.9081
927.6035
935.3981
869.2305
902.4481
904.9081
907.3802
873.8403
887.9375
873.8403
904.9081
819.1920
895.1400
904.9081
1058.4156
897.5641
912.3610
940.6606
900.0002
922.4719
935.3981
907.3802
902.4481
912.3610
919.9253
935.3981
954.0538
900.0002
925.0312
917.3914
909.8644
925.0312
904.9081
940.6606
829.6254
895.1400
938.0227
965.0192
956.7739
855.6591
935.3981
990.5454
914.8699
996.3849
757.5916
945.9768
938.0227
938.0227
945.9768
938.0227
919.9253
962.2565
951.3477
902.4481
945.9768
945.9768
943.3120
973.3941
902.4481
1014.2859
943.3120
954.0538
981.9018
962.2565
1165.8424
954.0538
967.7963
987.6489
984.7677
1002.2883
990.5454
880.8380
951.3477
976.2151
973.3941
1014.2859
1002.2883
987.6489
945.9768
965.0192
990.5463
1008.2550
965.0192
956.7739
996.3854
965.0192
996.3849
970.5878
938.0227
996.3858
914.8699
973.3941
990.5454
876.1617
965.0192
967.7963
990.5463
981.9018
1011.2620
967.7963
979.0509
981.9018
1002.2878
1014.2859
965.0192
999.3291
1005.2634
914.8699
1020.3831
1026.5475
1011.2620
1026.5475
999.3291
979.0509
1011.2620
981.9026
973.3941
970.5878
984.7681
932.7872
890.3267
993.4574
956.7739
976.2151
996.3849
930.1886
1106.1849
1014.2859
1026.5475
990.5463
945.9768
962.2565
945.9768
1002.2883
981.9018
862.3969
1017.3262
954.0538
799.0117
1014.2859
959.5081
996.3854
1425.1392
1002.2883
945.9768
990.5454
948.6553
984.7677
981.9022
919.9253
1014.2863
1081.8179
1116.9385
996.3858
943.3120
973.3941
948.6553
954.0538
927.6035
954.0538
984.7677
945.9768
945.9768
902.4481
948.6553
956.7739
981.9018
1078.4169
956.7739
973.3941
967.7963
967.7963
909.8644
932.7868
1127.8859
967.7963
956.7739
951.3477
1005.2634
930.1886
976.2151
907.3802
907.3802
970.5878
900.0002
904.9081
945.9768
930.1886
900.0002
900.0002
873.8403
873.8403
764.8362
914.8699
902.4481
925.0312
902.4481
907.3802
907.3802
907.3802
892.7275
909.8644
907.3802
895.1400
943.3120
902.4481
967.7963
866.9418
912.3610
876.1617
871.5299
885.5591
880.8380
840.2984
864.6641
890.3260
897.5641
871.5299
880.8380
849.0149
838.1443
833.8654
904.9081
829.6254
835.9999
857.8945
866.9418
860.1404
806.9769
844.6365
829.6254
840.2984
808.9902
860.1404
817.1334
829.6254
862.3969
844.6365
840.2984
840.2984
948.6553
840.2984
833.8654
806.9769
833.8654
793.1295
813.0436
831.7409
785.4052
774.0660
781.5929
800.9903
781.5929
795.0817
785.4052
766.6666
806.9769
774.0660
783.4949
791.1858
768.5046
811.0124
793.1298
802.9764
772.2043
777.8133
842.4625
746.9494
752.2372
724.7731
738.2806
761.1987
723.1158
724.7736
741.7267
716.5501
766.6666
724.7731
660.4454
700.5864
700.5864
711.6946
694.3743
705.3096
710.0889
716.5501
682.2350
710.0889
689.7782
666.1363
666.1363
670.4611
677.7778
654.8386
671.9132
666.1367
649.3137
635.8490
635.8490
653.4497
616.5355
635.8490
625.4208
591.1392
631.9035
625.4208
593.4800
599.4021
604.2131
604.2133
587.6574
592.3076
585.3557
594.6566
559.9515
566.3954
553.6312
553.6312
542.3529
545.3900
550.5162
543.3622
509.8288
515.3267
555.7246
516.2527
522.8137
517.1816
508.0179
494.7712
501.7635
507.1164
502.6490
495.6365
484.5823
482.9181
459.8087
465.2174
458.2823
445.6362
454.5023
444.1861
444.9102
422.6547
410.9171
410.9171
402.7623
410.2805
397.2678
390.1257
389.5398
382.0482
382.0482
362.4506
366.1355
359.3382
367.7328
350.2474
348.2759
338.2022
339.6135
338.6717
335.4067
331.2797
321.5131
323.2558
316.7939
311.7648
306.4516
297.7659
285.4118
291.3043
290.9308
286.8682
280.7532
279.3423
271.0920
262.8711
265.4618
260.6341
254.0856
255.0065
252.5613
243.6845
245.4239
239.1304
232.2516
228.5198
220.5479
228.7836
219.7969
217.0732
211.0520
204.3478
205.0280
196.6317
194.2867
191.3554
177.1574
183.0971
178.2875
175.8505
172.0027
167.7346
166.6884
161.9124
160.9111
156.9815
153.6389
150.2292
147.6565
144.2589
142.9546
137.8739
133.1341
130.6393
126.1806
124.1993
120.9334
119.6299
116.1520
113.3368
110.2696
105.9341
106.2453
104.1885
102.1723
99.8048
97.3018
94.7681
91.1319
88.4925
86.3481
83.9210
81.7173
78.8600
77.7730
75.7134
73.9223
72.8213
71.0884
69.1799
68.0000
65.1543
64.1612
62.6614
61.0620
59.7425
57.8947
55.8516
53.9763
52.6561
51.6386
49.6437
48.2353
47.2227
45.7555
45.8074
43.1068
42.5091
41.0853
39.6896
38.9784
38.0880
36.6138
35.7984
35.1708
33.9330
32.8036
32.0755
31.0190
30.6012
29.6091
28.5916
28.3900
27.2332
26.6430
25.7099
25.3252
25.2868
25.9806
23.2506
22.4764
22.1112
21.6758
20.8856
20.7430
19.7894
19.5795
18.1989
19.1273
17.6893
17.6555
17.0502
16.6833
16.7165
15.9892
15.8252
15.9236
15.4334
14.8506
14.6256
14.3056
14.2419
14.0827
13.3564
13.2310
13.3250
12.7944
12.7013
12.4846
11.9311
11.9923
11.8700
12.0230
11.7784
11.3225
11.2318
10.8404
10.9005
10.5711
10.6906
10.1843
11.0509
10.1547
10.2436
9.7708
9.5945
9.7708
9.6239
9.6239
9.8592
9.2146
10.0658
10.2140
10.3922
10.2733
10.9907
10.7505
11.7174
11.9005
12.0230
12.4228
13.3878
13.3564
13.9558
14.4334
15.0119
15.6943
16.2197
16.9833
17.2177
18.3697
18.6785
19.5795
20.3173
21.3513
22.4398
23.5480
24.7145
25.7485
27.1542
28.4706
29.4043
30.3517
31.6509
32.8036
33.8454
36.2049
37.3470
38.7430
40.9881
42.2122
44.1140
46.0153
47.5942
50.0825
51.5264
53.5721
54.9669
57.5909
59.5558
60.9986
62.9851
64.6893
67.4504
70.2349
72.0950
74.5896
74.3666
78.3148
82.0404
85.1684
87.4571
90.6868
93.9380
96.7331
99.3186
101.0803
104.9037
107.8153
109.3023
112.7825
116.0380
119.2771
119.8658
124.5681
126.5560
132.0771
145.4300
139.9648
138.5669
144.5506
149.4669
153.1685
156.4986
160.7450
163.0903
170.2079
170.7438
173.8215
180.5755
185.8639
188.6852
191.3554
190.9414
195.3480
199.4516
206.3973
208.9400
214.6370
219.5474
220.0469
228.5198
231.9822
234.6956
241.3923
246.3002
245.4239
250.7495
254.3921
260.9520
266.4430
271.7658
276.5517
278.2910
282.5316
288.7043
292.4294
300.4890
301.2738
313.8454
312.5945
312.1792
321.5131
327.6763
333.5627
350.2474
341.0339
336.7999
345.3508
355.7596
349.7529
355.2529
360.8890
353.2374
365.0768
368.2676
378.1086
380.9159
384.9023
409.0119
398.4784
402.1458
410.2804
412.8366
411.5553
421.3239
423.3226
431.4730
441.3087
450.7734
450.0335
452.2589
450.0335
464.4385
468.3553
477.9816
472.3271
465.2174
469.9375
483.7490
477.1670
483.7491
495.6364
494.7713
494.7713
500.8804
504.4282
502.6490
538.3477
542.3529
516.2527
495.6364
546.4088
547.4308
550.5162
551.5512
549.4845
567.4816
552.5895
564.2334
579.6681
543.3621
591.1392
585.3557
587.6574
610.3207
601.7993
604.2131
612.7935
625.4210
647.9453
612.7935
630.5977
652.0662
649.3137
660.4454
663.2803
652.0660
646.5815
647.9451
650.6873
642.5203
669.0138
669.0138
666.1363
666.1367
685.2349
676.3034
719.8196
682.2350
691.3043
688.2579
716.5501
729.7869
819.1920
731.4722
721.4641
740.0001
746.9494
733.1639
726.4376
718.1816
705.3096
740.0001
768.5046
768.5046
755.7994
733.1639
768.5046
768.5046
772.2043
789.2505
700.5864
750.4673
772.2043
775.9357
783.4949
804.9725
793.1295
819.1920
791.1858
799.0117
827.5198
804.9725
844.6365
777.8133
838.1443
821.2599
808.9902
844.6365
811.0124
849.0149
864.6641
831.7406
808.9902
849.0149
860.1404
866.9418
835.9999
840.2984
829.6254
876.1617
970.5878
833.8654
804.9725
825.4238
887.9375
851.2194
815.0839
904.9081
885.5598
887.9375
869.2305
831.7406
864.6641
862.3969
853.4344
871.5299
819.1920
851.2194
857.8945
904.9081
849.0149
880.8380
885.5591
866.9418
890.3267
897.5641
869.2305
902.4481
892.7275
895.1400
880.8380
718.1816
1051.8986
869.2305
873.8403
938.0227
869.2305
909.8644
763.0136
904.9081
909.8644
925.0312
869.2305
919.9253
907.3802
945.9768
902.4481
892.7275
930.1886
996.3849
967.7963
887.9375
919.9253
943.3120
917.3914
917.3914
897.5641
932.7868
902.4481
932.7868
932.7868
938.0227
919.9253
922.4719
909.8644
951.3477
935.3981
945.9768
954.0538
959.5081
930.1886
967.7963
925.0312
909.8644
943.3120
948.6553
1011.2620
984.7677
927.6035
1011.2616
967.7963
932.7868
979.0509
954.0538
959.5081
1011.2620
1026.5475
927.6035
973.3941
973.3941
973.3941
996.3849
1014.2859
967.7963
990.5454
1008.2550
993.4574
935.3981
892.7275
1142.7924
940.6606
979.0509
984.7677
1017.3262
967.7963
1008.2546
1026.5475
1005.2634
1008.2546
943.3123
993.4583
945.9768
990.5463
970.5878
996.3849
1035.9224
917.3914
970.5878
1008.2546
965.0192
1005.2629
951.3477
1008.2546
932.7868
897.5641
895.1400
954.0542
976.2151
1011.2620
967.7963
785.4052
981.9018
993.4583
1035.9224
984.7677
951.3477
945.9768
996.3858
1039.0820
990.5454
959.5081
973.3941
1011.2620
981.9018
987.6497
996.3858
987.6489
984.7677
987.6489
993.4574
987.6497
976.2151
892.7275
990.5463
940.6606
987.6489
956.7739
976.2151
943.3120
959.5081
1005.2634
1032.7802
943.3120
1011.2620
1002.2883
984.7677
962.2569
1032.7802
1058.4156
951.3477
938.0227
1029.6552
1020.3831
951.3477
967.7963
973.3941
912.3610
976.2151
996.3849
938.0227
962.2565
935.3981
990.5454
959.5081
943.3120
990.5454
976.2151
1008.2546
954.0538
967.7963
967.7963
954.0538
999.3291
990.5454
1035.9224
956.7739
996.3849
925.0312
945.9768
1005.2634
981.9018
951.3477
938.0227
956.7739
938.0227
935.3981
940.6606
948.6553
973.3941
967.7963
962.2565
904.9081
976.2155
902.4481
900.0002
907.3802
912.3610
922.4719
943.3120
897.5641
869.2305
787.3237
925.0312
925.0312
948.6553
907.3802
922.4719
890.3267
909.8644
954.0542
885.5591
902.4481
909.8644
885.5591
869.2311
914.8699
919.9253
892.7275
900.0002
869.2305
883.1935
897.5641
912.3610
897.5641
935.3981
967.7963
902.4481
914.8699
927.6038
904.9081
862.3969
1039.0825
853.4340
853.4340
864.6641
853.4340
890.3267
862.3969
862.3969
876.1617
844.6365
838.1443
777.8136
835.9999
873.8403
890.3267
883.1929
840.2984
835.9999
835.9999
849.0153
851.2194
802.9771
855.6591
846.8207
817.1334
802.9771
829.6254
797.0430
851.2194
827.5198
819.1920
827.5198
761.1987
779.6990
800.9900
774.0660
774.0660
783.4949
740.0001
770.3506
787.3240
833.8654
795.0817
766.6666
770.3506
766.6666
761.1989
617.7915
775.9357
748.7047
733.1637
740.0001
754.0146
761.1987
734.8625
745.2013
752.2372
746.9494
761.1987
697.4683
738.2806
746.9496
746.9496
716.5501
719.8196
703.7292
682.2350
686.7435
700.5864
721.4641
683.7321
673.3712
697.4683
671.9132
691.3043
653.4497
667.5728
710.0889
645.2228
645.2228
607.8650
600.5987
642.5203
643.8693
646.5817
628.0000
622.8599
614.0367
599.4021
598.2098
597.0212
612.7937
598.2096
586.5046
585.3557
587.6574
591.1392
577.4194
557.8312
561.0168
572.9666
570.7618
532.4325
562.0857
550.5162
534.3920
537.3542
534.3920
520.9248
527.5862
525.6686
505.3215
511.6504
497.3742
499.1222
485.4180
507.1165
482.0894
486.2561
474.7368
451.5151
456.7640
448.5600
442.7435
466.7821
450.0335
450.0335
427.3664
419.3406
412.8366
414.1243
407.7495
394.8641
384.3288
392.4835
385.4773
389.5397
384.3287
366.1355
365.0767
372.0461
365.0768
349.7529
346.3216
334.9442
334.9442
330.3731
327.6763
326.7848
328.5715
313.0107
314.2641
306.4516
308.4789
303.2496
298.1527
294.6989
285.0494
281.4626
284.3266
272.4420
271.4286
265.4619
261.5894
258.7385
250.1496
248.0663
243.1086
241.6772
238.0107
235.7934
229.5775
220.0469
220.0469
218.8011
219.7969
216.3384
211.0521
205.0280
198.7961
198.5782
191.3554
187.8735
183.2930
179.8087
176.2226
172.9090
170.3863
167.7346
160.0826
160.5791
157.7904
153.6389
150.5353
148.2570
144.5506
141.5217
141.2371
137.5979
131.8143
131.4213
127.6897
123.4652
118.2254
117.6455
116.3805
114.6789
109.5165
106.0377
105.0062
103.5794
99.9024
98.2571
93.8461
93.6628
89.3642
88.4925
86.6879
86.1787
80.9145
78.9382
77.3111
75.7134
74.4409
71.3031
70.8742
68.9008
68.4146
65.5549
63.1149
61.8257
60.1799
58.4446
57.2279
56.1487
54.7327
52.4288
50.9677
50.5792
48.2353
47.2227
45.6000
44.9814
42.7078
41.6710
40.3118
39.4517
38.8371
37.6702
37.3931
35.6185
34.9481
33.8892
32.6745
31.8204
30.6012
30.1033
29.3226
29.4043
28.2292
26.9964
26.5647
25.4019
25.5172
24.8285
23.5853
23.5853
22.4398
22.1112
20.8143
20.7786
20.4943
20.1408
19.7193
19.0926
18.4724
18.1648
16.6500
17.6217
16.8164
17.0502
16.5173
16.0550
15.7924
15.4985
15.5637
15.0442
14.6898
14.4014
13.6711
13.6395
13.5450
13.2937
12.9188
12.9811
13.0435
12.5155
12.3919
12.1150
11.9923
11.9311
11.7479
11.2318
11.2923
11.0207
10.9305
10.9305
10.5711
10.5114
10.5412
10.3030
10.5711
9.8886
9.8297
9.9772
9.5066
9.3312
10.0954
9.3312
9.2728
9.5945
9.4773
10.3030
10.3328
10.6906
10.3922
10.7206
10.9907
10.9305
11.8394
12.1764
12.3303
12.8566
13.6395
14.1463
14.1145
14.5615
15.2385
15.8908
16.3848
17.0167
17.8926
18.0626
18.8852
20.1761
20.4235
21.6036
22.3666
23.4363
25.4403
25.7871
27.0753
27.8689
29.6912
30.0206
31.5240
33.2791
33.8454
34.7704
37.4392
38.1346
39.6896
41.2313
42.9070
44.6230
47.3817
49.0446
49.6984
51.7510
53.8028
55.3785
57.1072
59.1837
62.0178
63.0500
65.3543
67.5875
70.0935
71.6621
74.5152
75.8643
78.9382
81.3150
85.2522
87.5429
90.0673
93.6628
96.2617
97.6828
99.9024
104.0867
108.5561
110.0538
112.0114
117.2990
118.4582
121.6509
121.1720
128.3245
131.9456
137.0478
138.7059
139.8243
145.4300
148.7094
154.1111
155.6978
159.7526
163.4288
166.3415
170.9229
174.0047
177.9097
182.5112
187.0663
189.2971
195.7746
202.1026
203.4458
208.7071
215.6069
214.1542
214.8789
217.3189
220.0469
235.2436
233.0623
237.1758
245.4239
249.8505
250.1496
256.8628
268.4211
266.7712
266.4430
272.7811
275.1718
282.8893
287.9678
295.0797
293.5609
302.0618
304.8442
306.0486
315.9472
319.7847
328.1234
325.8971
332.6466
325.4545
336.3346
343.9025
347.2966
348.2759
351.7375
364.0228
351.7374
365.0768
364.5492
363.4975
368.2676
382.6163
384.9024
397.8724
402.7623
400.3054
391.8919
418.6827
421.9886
421.3240
439.1705
478.7986
451.5152
460.5749
441.3087
457.5221
474.7369
453.7525
463.6614
472.3270
462.1139
473.1281
477.9817
487.0966
454.5023
501.7634
507.1165
497.3744
508.0178
519.9847
518.1132
519.9847
537.3541
518.1131
544.3746
537.3541
541.3469
552.5895
552.5895
579.6681
578.5419
579.6681
597.0212
600.5987
600.5987
604.2131
598.2096
621.5860
609.0907
617.7915
625.4208
653.4499
611.5549
617.7915
660.4454
647.9451
666.1363
666.1363
671.9134
666.1363
667.5723
650.6873
667.5723
551.5512
691.3046
686.7435
692.8364
679.2579
713.3066
692.8366
688.2579
705.3096
714.9252
703.7290
766.6666
731.4722
714.9252
734.8625
714.9252
745.2013
729.7874
745.2013
748.7047
761.1987
759.3914
791.1858
759.3914
766.6666
759.3914
743.4607
757.5916
770.3506
770.3506
759.3914
793.1295
791.1860
764.8362
791.1858
817.1334
827.5198
802.9767
878.4943
775.9357
827.5198
851.2194
827.5198
800.9903
833.8654
827.5198
851.2194
827.5198
846.8210
855.6591
829.6254
829.6254
849.0149
846.8207
829.6254
754.0146
775.9357
829.6254
825.4238
851.2194
851.2194
880.8380
833.8654
815.0839
857.8945
876.1617
838.1443
866.9422
890.3260
866.9422
892.7275
846.8207
907.3802
880.8380
869.2305
857.8945
887.9375
853.4340
873.8403
904.9084
883.1929
821.2599
880.8380
878.4943
885.5591
940.6610
862.3969
890.3264
917.3914
873.8403
932.7872
892.7275
892.7275
912.3610
909.8648
919.9257
917.3914
1276.4705
873.8403
909.8644
897.5641
904.9081
917.3917
895.1400
883.1935
873.8403
940.6606
919.9253
917.3914
1039.0820
940.6606
895.1400
932.7868
940.6606
948.6553
976.2155
909.8644
940.6606
907.3802
919.9253
935.3981
959.5081
935.3981
976.2151
945.9768
981.9026
922.4719
954.0538
996.3849
951.3477
976.2151
973.3949
967.7963
956.7739
979.0509
993.4574
981.9018
948.6553
965.0192
973.3941
945.9768
959.5081
1002.2883
1029.6548
999.3282
1011.2620
996.3854
973.3941
1042.2594
1005.2634
954.0538
984.7686
1185.7142
987.6497
993.4583
970.5878
956.7739
962.2565
993.4574
967.7963
965.0192
993.4574
996.3849
1048.6675
1039.0820
967.7963
993.4583
999.3291
979.0509
956.7739
967.7963
999.3282
1042.2594
973.3941
951.3477
1135.2944
1002.2883
970.5878
1005.2634
999.3282
1020.3831
945.9768
1014.2859
1011.2620
1011.2620
1061.7024
1032.7802
970.5878
959.5081
993.4574
1014.2859
1035.9224
925.0312
970.5878
1002.2883
1058.4161
1058.4161
993.4583
981.9018
996.3858
1008.2542
979.0509
1014.2859
940.6606
1005.2634
1017.3262
999.3291
996.3849
990.5463
1042.2594
999.3291
1029.6552
1020.3831
979.0509
1048.6675
965.0192
996.3849
984.7677
1048.6675
987.6489
1005.2634
1020.3831
990.5463
1008.2546
1026.5475
1020.3831
987.6489
935.3981
1002.2878
999.3291
1002.2883
981.9018
970.5878
981.9018
996.3858
987.6489
1005.2634
984.7677
999.3291
962.2565
996.3849
965.0192
922.4719
973.3941
965.0192
981.9018
999.3291
987.6489
984.7677
967.7963
1008.2542
1029.6552
993.4574
996.3849
943.3120
914.8699
943.3120
948.6553
967.7963
954.0538
956.7739
979.0509
973.3941
979.0509
1032.7802
965.0192
945.9768
959.5085
938.0227
967.7963
948.6553
967.7963
973.3941
935.3981
956.7739
1023.4568
897.5641
932.7868
873.8406
948.6553
1276.4712
956.7739
959.5081
895.1400
902.4481
912.3610
902.4481
981.9018
907.3802
938.0227
880.8380
885.5598
945.9768
885.5591
892.7275
897.5641
880.8386
900.0002
914.8699
932.7868
840.2984
900.0002
902.4481
887.9368
880.8386
819.1923
897.5641
829.6254
846.8207
851.2194
799.0120
857.8945
883.1929
1131.5792
900.0002
873.8403
885.5594
829.6254
860.1404
853.4340
827.5198
840.2984
866.9418
823.3372
827.5198
835.9999
871.5299
791.1858
864.6641
838.1443
795.0822
804.9720
825.4238
819.1920
815.0839
764.8362
823.3372
806.9769
770.3506
804.9725
811.0124
873.8403
772.2043
783.4949
817.1334
815.0839
789.2511
789.2508
745.2013
783.4949
793.1295
799.0117
768.5046
768.5046
900.0002
757.5916
755.7994
729.7874
746.9494
791.1860
777.8136
714.9252
733.1639
752.2372
777.8133
729.7874
729.7869
741.7267
721.4644
719.8196
708.4895
719.8196
680.7436
740.0001
723.1158
708.4895
695.9183
700.5864
691.3043
679.2579
714.9252
680.7438
659.0359
666.1367
663.2807
685.2349
685.2349
661.8604
656.2325
660.4454
647.9453
620.3167
631.9037
631.9035
597.0212
617.7913
604.2131
605.4262
597.0212
609.0907
611.5549
598.2096
592.3076
603.0042
584.2105
578.5419
571.8622
587.6576
549.4845
555.7245
570.7618
559.9518
546.4088
482.9181
538.3478
537.3542
529.5159
520.9248
520.9248
498.2468
500.0000
505.3215
499.1222
493.9086
491.3357
481.2632
482.0894
467.5677
467.5676
490.4830
462.8868
444.9102
450.0335
452.2589
423.3227
426.0115
426.6880
421.3240
414.1243
400.3055
392.4834
390.1258
386.6310
378.6674
375.8861
380.3518
372.5909
363.4976
353.7396
348.2759
346.8086
347.7857
340.5594
335.8701
329.0205
320.2155
321.0797
316.3701
307.2600
306.4516
305.2449
298.5402
303.2496
293.9394
283.2476
287.2340
291.3043
276.5517
270.4207
259.0531
266.4430
261.2704
259.6838
250.7495
248.0663
247.4756
240.2576
237.7319
233.0623
226.9461
219.5474
221.0505
216.5829
216.5829
214.3954
215.1212
205.4830
204.3478
196.6317
195.9884
187.8735
177.3451
183.0971
175.4793
174.7400
168.7890
165.3061
167.3849
160.0826
156.9815
151.7676
153.7961
149.3151
147.9564
140.6700
140.5286
136.9106
134.6033
131.8143
135.0072
123.9541
124.0766
117.9931
117.4144
113.4480
110.2696
107.0796
105.9341
103.4782
101.2779
99.4156
96.6386
94.7681
92.2084
89.6272
90.8646
85.6722
83.7559
81.3150
78.9382
76.9281
74.8879
73.3333
71.0169
69.8818
68.7616
66.5650
64.5570
63.4404
61.3793
60.1173
59.2456
57.1675
55.0843
53.5145
52.5992
50.6900
49.1532
48.0745
47.3287
45.3932
44.0633
43.2570
41.4752
40.8427
39.6896
37.9949
37.3470
36.5228
35.7534
34.5490
33.5834
32.8898
31.3974
30.9353
29.8557
30.2688
28.8749
27.9488
27.2727
26.2136
25.8258
25.0955
23.8844
23.9219
23.3620
22.4398
21.8931
21.6036
21.0643
20.1056
19.8595
19.8595
19.1966
19.0234
18.4039
18.0966
17.4867
17.6893
16.9833
16.7498
15.9892
15.4985
15.2385
15.0442
15.0119
14.4974
14.1782
13.8924
13.8607
13.2937
14.0827
13.0435
12.9811
12.8566
12.7633
11.9617
12.3919
11.8394
11.7478
12.0230
11.5044
11.6260
9.8297
10.9606
9.9476
10.1843
11.0509
10.9606
9.9181
10.8704
10.2436
10.1251
10.0659
9.6239
9.9476
9.4481
9.5359
9.9181
9.3020
9.5652
9.0691
9.3896
