10.6009
11.0509
11.5956
12.1457
12.2687
13.2937
13.5450
13.8607
14.3695
15.4009
16.4179
16.5836
17.5542
18.6441
18.8162
19.7544
20.7430
21.4593
22.1477
23.3991
24.3736
26.6430
28.0288
28.2694
29.2818
31.0610
32.8467
34.0206
35.3048
36.8878
37.7628
40.2157
42.1628
43.4075
45.2900
46.1717
48.6119
48.9362
52.2022
54.8497
55.4375
57.5303
60.6828
61.9537
63.8983
65.6218
67.7248
70.2349
72.1673
75.3372
76.9281
80.3568
81.5562
84.6674
88.1461
89.8030
92.5700
96.3558
99.2216
102.5723
104.8012
107.3943
110.5940
114.0058
116.3805
118.9254
123.1000
123.1000
125.1856
134.4689
136.0911
137.8739
140.6700
150.5353
150.3822
152.8558
158.4412
163.9381
163.9381
168.2607
171.2819
174.0047
175.4793
181.9277
185.0679
187.6712
194.7104
198.1434
205.0279
203.4457
206.6267
218.5530
216.0941
219.2982
226.1648
228.5198
232.7915
243.3962
240.2576
250.7495
249.5518
256.8627
258.7385
263.8383
268.0899
273.4610
275.1717
279.3423
281.4625
275.5157
291.3044
296.6102
304.8443
301.2738
319.7847
308.0718
317.2185
315.9471
325.0131
331.2796
337.7338
349.2594
343.9025
364.0227
350.7430
359.3383
357.7976
363.4975
369.8795
376.4397
370.4193
379.7890
378.6674
386.0534
391.3017
404.6211
407.1208
400.9173
416.0680
411.5553
404.0001
428.0463
447.8260
445.6362
465.2174
456.7642
447.8260
483.7490
463.6614
473.9313
478.7985
468.3553
475.5446
483.7490
487.0969
492.1910
508.9219
516.2527
500.0000
514.4035
513.4831
518.1131
529.5159
530.4850
531.4573
546.4088
556.7763
548.4560
563.1577
538.3477
584.2105
597.0212
585.3557
581.9318
600.5987
615.2839
592.3076
620.3167
611.5553
612.7939
626.7081
629.2966
621.5860
647.9451
633.2139
650.6873
657.6317
654.8386
670.4611
667.5728
682.2350
694.3746
692.8364
694.3743
654.8386
710.0889
697.4683
702.1547
676.3034
703.7290
598.2096
710.0889
729.7874
743.4604
763.0136
734.8625
759.3914
736.5681
770.3506
860.1404
757.5916
763.0136
775.9357
766.6666
789.2505
777.8133
793.1300
802.9771
750.4673
838.1443
811.0124
806.9769
806.9769
802.9771
817.1334
799.0123
833.8654
795.0822
815.0839
799.0123
795.0822
853.4340
813.0436
827.5198
793.1300
860.1404
831.7406
849.0149
829.6254
871.5306
853.4340
819.1920
781.5929
821.2599
819.1920
880.8386
827.5198
883.1929
876.1624
855.6591
876.1624
862.3969
885.5598
892.7275
938.0227
890.3267
851.2194
938.0227
914.8699
871.5306
892.7275
873.8410
900.0002
866.9418
860.1404
878.4949
876.1624
914.8699
897.5641
904.9081
890.3267
907.3802
873.8410
907.3802
919.9253
914.8699
973.3949
851.2194
927.6035
897.5641
900.0002
919.9253
917.3914
927.6035
945.9768
925.0312
917.3914
925.0312
902.4481
900.0002
932.7868
925.0312
940.6606
909.8644
935.3981
932.7868
935.3981
927.6035
973.3941
943.3120
967.7963
976.2159
925.0312
943.3120
909.8644
935.3981
938.0227
973.3941
956.7739
927.6035
996.3858
956.7739
981.9026
1026.5475
965.0192
940.6606
984.7686
981.9026
965.0192
999.3291
967.7963
973.3941
990.5463
970.5878
967.7963
1039.0820
970.5878
962.2565
1020.3831
1045.4550
1008.2546
981.9026
1008.2546
990.5463
973.3941
1002.2883
999.3291
993.4583
1055.1479
1026.5475
990.5463
1020.3831
996.3858
993.4583
993.4583
1102.6426
1005.2634
967.7963
999.3291
990.5463
1023.4568
1048.6675
1065.0068
965.0200
1023.4568
1058.4156
1029.6552
1058.4156
1014.2859
984.7686
1045.4545
1023.4568
973.3949
1002.2883
1039.0820
1026.5475
1020.3831
1088.6788
1002.2883
1042.2594
1017.3262
1071.6736
970.5878
1029.6552
1065.0068
1011.2620
866.9418
1023.4568
1032.7802
1042.2594
1035.9224
1011.2620
1413.8628
999.3291
1048.6675
1071.6736
979.0518
1071.6736
1032.7802
1032.7802
1002.2883
1011.2620
1020.3831
1051.8986
1020.3831
1017.3262
1081.8179
1085.2384
1039.0820
1039.0820
1039.0820
1045.4545
1075.0355
1061.7019
1065.0068
1048.6675
1061.7019
1002.2883
970.5878
1035.9224
1055.1479
1081.8179
1051.8986
1068.3307
1071.6736
1002.2883
1075.0355
1035.9224
993.4583
1048.6675
1048.6675
1058.4156
1071.6736
1045.4545
1081.8179
1078.4169
1065.0068
1026.5475
1085.2384
1058.4156
1085.2384
1042.2594
1055.1479
1008.2546
1035.9224
1032.7802
1051.8986
1039.0820
1075.0355
1113.3337
1068.3307
1058.4156
1055.1479
1058.4156
1035.9224
1035.9224
1029.6552
1058.4156
1124.2156
1061.7019
1065.0068
1068.3307
1071.6736
1139.0320
1099.1221
1078.4169
1081.8179
1035.9224
1085.2384
1102.6437
1078.4169
1055.1479
1088.6788
1055.1479
1068.3307
1085.2384
1116.9395
815.0839
999.3291
1068.3307
1116.9395
1071.6736
1131.5792
951.3477
987.6497
999.3291
1078.4169
1075.0355
1197.9396
1061.7019
1102.6437
1106.1860
1058.4156
1011.2620
1088.6793
1402.7520
1039.0820
1068.3307
1127.8864
1035.9224
1142.7924
1068.3307
1099.1221
1078.4169
1065.0068
1078.4169
1068.3307
1116.9395
1068.3307
1032.7802
967.7963
1088.6788
1116.9395
1154.2114
1071.6736
1051.8986
1055.1479
1120.5667
1120.5667
1131.5792
1092.1393
1085.2384
1065.0068
1106.1860
1150.3818
1120.5667
1202.0665
1120.5667
1081.8179
1131.5792
1055.1479
1035.9224
1334.3259
1065.0068
1154.2114
1146.5756
1124.2156
1088.6788
1146.5756
1106.1860
1116.9395
1088.6788
1106.1860
1124.2156
1116.9395
1092.1393
1146.5756
1142.7924
1131.5792
1150.3818
1124.2156
1177.6910
1109.7494
1181.6901
1158.0646
1113.3337
1146.5756
1732.2161
1124.2156
1150.3818
1154.2114
1193.8387
1120.5667
1017.3262
1085.2384
1142.7924
1124.2156
1081.8179
1139.0320
1061.7019
1124.2156
1139.0320
1075.0355
1085.2384
1127.8864
1120.5667
1109.7494
1058.4156
1081.8179
1102.6437
1158.0646
1109.7494
1075.0355
1139.0320
1065.0068
1127.8864
1131.5792
1161.9415
1124.2156
1158.0646
962.2565
1120.5667
1113.3337
1109.7494
1158.0646
1185.7142
1116.9395
1181.6901
1158.0646
1061.7019
1113.3337
1158.0646
1314.5081
1109.7494
1154.2114
1102.6437
1127.8864
1154.2114
1177.6910
1146.5756
1185.7142
1181.6901
1206.2198
1218.8402
1135.2944
1058.4156
1161.9415
1106.1849
1124.2156
1165.8424
1165.8430
1165.8424
1142.7924
959.5081
1017.3267
1085.2389
1029.6556
1088.6793
1085.2389
1051.8990
1061.7024
1095.6205
1116.9390
1055.1484
1113.3333
1085.2389
1109.7483
1075.0360
1071.6741
1099.1210
1068.3312
1071.6736
1113.3333
1113.3326
1058.4156
1459.9991
1106.1849
1116.9385
1102.6426
1088.6788
1142.7917
1109.7483
1131.5787
999.3291
1139.0315
1078.4175
1048.6675
1131.5787
1039.0820
993.4574
1078.4169
1023.4568
1131.5792
1139.0320
1173.7175
1071.6741
1109.7483
1085.2384
1158.0652
1106.1855
1116.9385
1095.6200
1120.5657
1113.3333
1085.2389
1051.8986
1061.7024
1081.8179
1127.8853
1124.2145
1113.3333
1120.5662
1113.3333
1142.7924
1092.1398
1173.7169
1154.2114
1075.0360
1075.0355
1058.4161
1116.9390
1092.1398
1085.2384
1135.2944
1088.6788
1092.1393
1048.6675
1005.2634
1139.0315
1109.7483
1092.1393
1102.6426
1109.7488
1109.7488
1124.2156
1058.4161
1085.2389
1339.3674
1078.4175
1088.6788
1075.0360
1095.6205
1081.8179
1020.3836
1102.6426
1227.3909
1065.0068
1055.1484
1413.8635
1035.9227
1124.2151
1131.5787
1081.8184
1088.6788
1014.2863
1081.8179
1029.6552
1095.6200
1161.9421
1095.6200
1011.2616
1127.8859
1095.6200
1127.8853
1039.0820
1085.2384
1081.8184
999.3282
1165.8424
1088.6788
1055.1479
1051.8986
1095.6200
1142.7928
984.7677
1011.2625
1020.3836
1017.3262
1071.6741
1113.3326
984.7686
1039.0820
990.5458
1005.2634
1051.8986
1081.8179
1014.2859
1109.7488
1075.0360
1131.5781
1048.6675
1039.0820
954.0538
984.7677
1014.2863
990.5454
1109.7488
1055.1479
1008.2546
1092.1398
1048.6675
1139.0320
1109.7483
1008.2546
1032.7802
1008.2542
1045.4550
1146.5750
1026.5480
1020.3831
1005.2634
1023.4568
1078.4175
993.4583
1051.8990
1002.2883
1045.4545
999.3282
1011.2620
1065.0073
1032.7802
1113.3326
1068.3312
1011.2620
1058.4156
1048.6675
1002.2878
1092.1393
1023.4573
1039.0825
1095.6205
1014.2859
1035.9227
1042.2594
1058.4161
1402.7527
1039.0820
1032.7802
990.5458
1055.1479
996.3858
1035.9224
999.3282
1026.5475
1008.2542
1051.8990
999.3287
993.4578
996.3849
1008.2546
1011.2620
981.9018
1005.2629
1051.8986
1020.3831
979.0509
1032.7802
979.0513
1002.2878
1068.3307
981.9018
987.6493
1023.4573
1014.2863
979.0513
959.5085
878.4943
990.5458
990.5454
956.7744
956.7744
967.7967
948.6553
987.6493
919.9257
959.5081
959.5081
930.1890
954.0538
1002.2878
943.3120
956.7739
1061.7024
993.4578
1011.2616
979.0513
1008.2542
940.6606
970.5878
987.6489
853.4340
925.0312
976.2155
999.3287
914.8699
948.6553
927.6035
917.3917
970.5883
962.2569
883.1932
954.0538
932.7868
885.5594
948.6558
956.7744
919.9257
981.9018
912.3610
919.9257
938.0227
938.0227
914.8699
999.3291
938.0231
956.7744
917.3917
919.9257
917.3917
914.8703
878.4943
1002.2878
883.1932
902.4481
925.0312
895.1396
930.1886
907.3802
853.4344
885.5594
914.8703
919.9257
860.1404
919.9253
883.1932
838.1443
851.2194
860.1408
864.6644
857.8945
883.1929
878.4946
873.8403
878.4943
1061.7024
838.1443
823.3372
836.0002
853.4340
909.8644
838.1446
855.6594
846.8210
802.9767
853.4340
855.6591
866.9422
750.4676
836.0002
800.9897
768.5046
783.4949
774.0660
808.9899
783.4952
838.1443
797.0424
831.7406
772.2043
799.0120
787.3237
779.6993
775.9359
799.0120
787.3240
781.5929
726.4379
768.5046
799.0120
741.7269
777.8136
772.2046
740.0004
734.8625
757.5916
740.0004
731.4720
682.2352
723.1155
703.7292
748.7047
699.0245
736.5678
719.8196
716.5504
682.2352
692.8366
699.0245
691.3043
695.9183
649.3137
703.7290
671.9132
667.5726
673.3710
677.7776
685.2347
674.8343
667.5726
657.6318
647.9451
670.4606
654.8387
657.6318
654.8387
649.3137
638.5031
593.4802
629.2968
629.2968
642.5205
649.3139
653.4499
626.7081
614.0367
612.7937
635.8492
584.2103
626.7081
606.6437
571.8621
614.0366
564.2336
589.9749
588.8143
567.4816
576.3008
578.5421
568.5714
565.3127
564.2336
563.1579
550.5164
536.3636
547.4309
556.7763
539.3444
543.3622
525.6684
523.7624
541.3470
475.5446
500.8806
498.2471
507.1165
506.2177
487.9397
402.7624
475.5447
487.0968
489.6328
430.7841
461.3433
469.1454
469.9375
456.7641
454.5024
440.5941
446.3643
432.1637
423.9922
443.4639
392.4835
416.7193
419.3406
409.0117
404.6210
404.6210
387.2101
383.7566
390.7131
375.3337
380.3519
391.8920
371.5026
386.0533
369.8796
356.2674
359.3382
345.3508
341.0339
339.1421
349.7529
334.0223
330.3731
322.8188
325.0129
315.5251
310.9384
310.1151
300.4890
300.0977
289.4436
293.5608
282.5316
281.4626
275.8605
266.4430
266.7712
270.4207
263.1929
260.6341
254.3921
254.0856
245.1328
242.5345
240.5405
235.7934
232.5213
234.6956
229.8429
218.0582
219.2982
214.6370
209.8751
208.4746
205.0280
197.2776
194.9226
195.5612
191.5628
186.2635
183.6855
179.8087
176.4091
174.7400
167.7346
162.5842
163.9381
160.5791
158.2781
158.4411
152.8558
149.3151
147.6565
142.3794
143.0988
140.1055
139.2638
134.0669
133.7996
128.8349
128.9628
125.1856
123.9541
121.0526
116.9536
116.3804
113.5593
110.7024
107.7099
104.4944
103.1754
100.7845
98.4492
95.8862
101.3769
89.2766
88.9273
87.0290
86.5179
83.6735
82.8533
79.1730
78.0822
76.8517
75.2621
74.8132
71.3748
69.8818
67.9311
66.9044
64.4909
64.3588
61.4429
60.5568
57.8339
56.5068
55.7330
54.8497
53.9184
51.8635
51.0791
49.3163
47.8606
46.6953
45.3416
44.5209
43.3071
42.8073
41.1826
40.3118
40.0718
38.6960
37.4853
36.5228
36.2956
35.8885
34.1963
33.3225
32.5028
31.6509
31.3974
29.8969
30.1033
28.8749
28.8749
27.3519
27.1542
26.3304
25.5942
25.5172
24.7525
23.6226
24.1097
22.6231
22.6966
21.9294
21.2794
20.8143
20.4235
20.1761
19.6494
19.7894
18.9543
18.5410
17.8587
17.7570
18.1307
17.4194
17.1171
16.5836
16.3848
16.1208
15.8252
15.5311
15.6616
15.2061
14.6577
14.4654
14.7220
14.5615
13.8924
13.8607
13.6080
13.1372
13.0123
12.6083
13.1059
12.5155
12.2687
12.6083
12.3611
11.7174
11.3831
11.5044
11.4134
11.2621
10.8404
10.9606
10.8104
10.6009
10.6906
10.3922
10.2436
10.0363
10.1843
9.5945
10.0954
9.4481
9.5652
9.3604
9.5359
9.2437
9.4773
9.0401
9.2728
9.5945
9.0691
9.7414
9.6532
8.9530
9.9181
10.4518
10.1843
10.9606
10.6308
11.3225
11.7174
11.8700
12.5773
12.7013
13.4506
13.7658
13.7658
14.8829
15.0442
15.9236
15.6290
17.0836
17.2177
17.1841
18.2671
18.8162
19.6494
21.1001
20.6008
21.8569
22.5131
23.8844
24.6386
25.7099
26.7213
28.2292
28.5916
30.0619
31.1869
33.1924
33.0626
34.8592
36.0239
37.9020
38.2279
39.3568
41.0367
43.9620
45.4449
47.2227
48.7198
49.7532
50.7454
53.7451
56.0297
56.8665
58.8133
59.9922
63.0500
65.8230
68.2070
70.1641
73.4067
74.4409
77.7730
78.8600
82.9350
85.0011
87.7149
90.5981
89.6272
94.3061
95.7925
101.4760
102.5723
105.8306
107.2893
112.4514
115.1300
119.5122
120.2205
124.3221
128.7071
130.8994
132.6044
137.0478
141.0951
142.0928
145.4300
151.9225
152.3883
160.0826
160.9111
162.4159
166.3415
172.3645
177.9097
180.9606
183.0972
187.6712
193.8644
194.9226
194.7103
201.6575
206.3973
209.8751
215.1212
219.2982
218.5531
220.5479
234.1494
241.6772
247.7707
246.5933
248.3624
255.9322
260.6341
251.6530
235.2435
270.4207
277.5933
281.4626
278.9913
287.6006
286.5031
294.3188
294.3188
299.3174
311.3510
308.0718
318.0705
322.8188
331.2797
324.1326
332.1899
339.1421
347.2966
347.2966
346.8085
356.2674
354.7473
361.4084
360.3710
348.2758
368.2676
380.9160
391.8919
394.2668
400.9174
409.0118
416.0680
374.7826
423.3226
422.6547
429.4117
426.6880
439.8813
440.5941
455.2541
453.0046
453.7524
459.8086
462.8867
478.7985
468.3553
476.3546
490.4829
517.1815
496.5041
502.6490
501.7634
511.6506
502.6490
512.5654
526.6257
525.6686
549.4845
541.3469
552.5895
547.4308
550.5162
554.6761
562.0855
581.9318
583.0692
584.2105
600.5987
592.3076
588.8141
584.2105
622.8597
581.9318
637.1739
625.4208
621.5860
724.7731
649.3137
653.4497
666.1363
659.0359
673.3712
667.5728
674.8345
667.5728
683.7321
688.2579
703.7290
703.7290
726.4379
705.3096
697.4683
718.1816
738.2806
713.3066
708.4895
724.7736
736.5681
761.1987
775.9357
741.7267
757.5916
764.8362
736.5681
779.6990
804.9725
755.7994
802.9764
750.4673
763.0136
777.8133
764.8362
777.8133
799.0123
770.3506
777.8133
763.0136
817.1334
811.0124
777.8133
851.2194
795.0822
800.9903
808.9902
827.5198
799.0123
887.9375
866.9418
846.8207
890.3267
866.9418
840.2984
864.6641
853.4340
840.2984
853.4340
880.8380
887.9375
846.8207
817.1334
880.8380
862.3969
890.3260
840.2984
840.2984
873.8403
945.9768
883.1935
940.6606
895.1400
892.7275
864.6641
878.4949
909.8644
907.3802
871.5299
909.8644
890.3267
904.9081
895.1400
876.1617
895.1400
897.5641
917.3914
890.3267
912.3610
900.0002
855.6591
945.9768
935.3981
951.3477
948.6553
940.6606
917.3914
979.0513
987.6489
979.0509
932.7868
999.3291
973.3941
938.0227
935.3981
940.6606
907.3802
935.3981
956.7739
940.6606
1005.2634
962.2565
962.2565
987.6489
999.3291
976.2151
1032.7802
954.0538
990.5463
967.7963
943.3120
970.5878
940.6606
1099.1210
932.7868
993.4583
1005.2634
1008.2546
981.9018
990.5463
1002.2883
895.1400
984.7686
948.6553
948.6553
1035.9224
984.7677
999.3291
993.4583
1002.2883
1058.4156
999.3291
996.3858
987.6489
984.7681
1081.8179
1023.4568
1002.2883
1023.4568
962.2565
1075.0355
1026.5475
1045.4545
1142.7924
1035.9224
1014.2859
1008.2546
1045.4545
987.6497
1035.9224
1005.2634
1039.0820
1106.1860
1039.0820
1029.6552
1051.8986
1017.3262
1045.4545
1109.7483
1039.0820
1039.0820
1081.8179
1026.5475
1071.6736
987.6497
1035.9224
1026.5475
1061.7019
1065.0068
1045.4545
1081.8179
1085.2384
962.2565
1045.4545
1055.1479
1058.4156
1127.8864
1061.7019
1045.4545
1065.0068
1102.6426
1039.0820
1095.6200
1055.1479
1055.1479
1048.6675
1085.2384
1061.7019
1061.7019
1039.0815
1029.6552
1088.6788
1095.6200
1026.5475
1032.7802
1109.7483
1081.8179
1161.9415
1055.1479
1014.2859
1290.4928
1161.9415
1102.6426
1085.2384
1078.4169
1099.1210
1085.2384
1032.7802
1092.1393
1271.8599
1099.1210
1008.2546
1068.3307
1088.6788
1035.9224
1068.3307
1088.6788
1048.6675
1055.1479
1150.3818
1029.6552
1032.7802
1023.4568
1078.4169
1011.2620
1085.2384
1071.6736
1071.6736
1005.2634
1065.0068
1092.1393
1078.4169
1068.3307
1055.1479
1081.8179
1058.4156
1026.5475
1081.8179
1106.1855
1048.6675
1055.1479
1081.8179
1061.7019
1095.6200
1092.1393
1099.1210
1285.7872
1065.0068
1088.6788
1113.3337
1068.3307
1102.6426
1078.4169
1088.6788
1088.6788
1113.3337
1075.0355
1099.1210
1081.8179
1071.6736
1113.3326
1139.0320
1029.6552
1065.0068
1109.7483
1051.8986
1081.8179
1075.0355
1127.8864
1051.8986
1150.3818
1075.0355
970.5878
1300.0004
1150.3818
1181.6901
1092.1393
1085.2384
1058.4156
1131.5792
1150.3818
1085.2384
1161.9415
1081.8179
1146.5756
1095.6200
1088.6788
1071.6736
1142.7924
1088.6788
1142.7924
1116.9395
1139.0320
1131.5787
1095.6200
1078.4169
1142.7924
1142.7924
1102.6426
1032.7802
1106.1849
1099.1210
1092.1393
1102.6426
1131.5792
1127.8853
1058.4156
1088.6788
1124.2145
1202.0665
1231.7069
1197.9396
1124.2145
1253.7184
1078.4169
1058.4156
1169.7675
1085.2384
1146.5756
1319.4110
1142.7924
1058.4156
1150.3818
1075.0355
1109.7494
1177.6910
1102.6437
1165.8424
1210.3998
1223.1014
1124.2156
907.3802
1058.4156
1154.2120
1131.5792
1106.1849
1075.0355
1120.5667
1092.1393
1106.1860
1154.2114
1124.2156
1173.7169
1078.4169
1078.4169
1181.6901
1124.2156
1092.1393
1218.8402
1131.5792
1142.7924
1092.1393
1210.3998
1065.0068
1061.7019
1131.5792
1095.6200
1165.8424
1202.0665
1142.7924
1075.0355
1150.3818
1139.0320
1189.7637
1185.7142
1214.6064
1139.0320
1150.3818
1099.1221
1099.1221
1127.8864
1253.7184
1158.0646
1223.1014
1161.9415
1223.1014
1177.6910
1214.6064
1202.0665
1202.0665
1092.1393
1102.6426
1227.3901
1142.7924
1150.3818
1131.5792
1139.0320
1370.3770
1139.0320
1193.8387
1154.2114
1193.8387
1055.1479
1081.8179
1218.8402
1344.4445
1210.3998
1131.5792
1165.8424
1227.3901
1139.0320
1324.3480
1055.1479
1169.7675
1055.1479
1214.6064
1109.7483
1120.5667
1120.5667
1005.2634
1154.2114
1127.8864
1197.9396
1127.8864
1113.3337
1165.8424
1109.7494
1177.6910
1146.5756
1120.5667
1154.2114
1161.9415
1150.3818
1135.2944
1106.1849
1231.7075
1150.3818
1127.8864
1165.8424
1206.2198
1158.0646
1146.5756
1206.2198
1231.7069
1197.9396
1154.2114
1116.9395
1146.5756
1161.9415
1197.9396
1181.6901
1181.6901
1150.3818
1092.1393
1139.0320
1197.9396
1193.8387
1008.2546
1120.5657
1181.6901
1120.5667
1202.0665
1158.0646
1075.0355
1150.3818
1127.8864
1142.7924
1135.2944
1158.0646
1139.0320
1146.5756
1135.2944
1150.3818
1131.5792
1088.6788
1135.2944
1124.2145
1169.7675
1142.7924
1206.2198
862.3969
1139.0320
1142.7924
1206.2198
1131.5792
1142.7924
1154.2114
1227.3901
1092.1393
1109.7494
1165.8424
1023.4568
1185.7142
1150.3818
1135.2944
1139.0320
1169.7675
1193.8387
1139.0320
1154.2114
1127.8864
1139.0320
1150.3818
1095.6200
1142.7924
1165.8424
1088.6788
1173.7169
1124.2156
1139.0320
1085.2384
1131.5792
1051.8990
1131.5792
1139.0320
1102.6426
1177.6910
1078.4169
1099.1210
1088.6788
1177.6910
1102.6437
1071.6736
1161.9415
1109.7483
1109.7483
1081.8179
1088.6788
1102.6426
1085.2384
1075.0355
1055.1479
1146.5756
1102.6426
1139.0320
1099.1210
1124.2156
1120.5667
1088.6788
1135.2944
1048.6675
1099.1210
1206.2198
1068.3307
1095.6200
1065.0068
1051.8986
1042.2594
979.0509
1020.3831
1124.2145
1065.0068
1058.4156
1161.9409
1102.6426
1088.6788
1048.6675
1113.3337
1120.5667
1045.4545
1023.4568
1081.8179
1095.6200
1099.1210
1075.0355
1146.5756
1051.8986
1106.1849
1065.0068
1051.8986
1165.8430
1023.4564
1085.2384
1102.6426
1081.8179
1109.7494
1085.2384
1039.0820
1051.8986
1088.6788
1078.4169
1039.0820
1131.5792
1068.3307
1032.7802
1099.1210
1088.6788
1088.6788
1078.4169
821.2599
1081.8179
1609.8120
1081.8179
1127.8864
1023.4568
1085.2384
1068.3307
1061.7019
1075.0355
1032.7802
1131.5792
1154.2114
1065.0068
1045.4545
797.0430
1088.6788
1045.4545
1092.1393
1032.7802
1075.0355
1071.6736
1078.4169
1026.5475
1045.4545
1061.7019
1088.6788
1081.8179
1068.3307
999.3291
1020.3831
1020.3831
907.3802
1008.2546
987.6489
1011.2620
1029.6552
1008.2546
1020.3831
1078.4169
996.3858
1014.2859
1020.3831
987.6497
1045.4545
1039.0820
1020.3831
999.3291
981.9018
959.5081
981.9026
1023.4568
1008.2546
1023.4568
984.7686
940.6606
948.6553
945.9768
945.9768
943.3120
938.0227
954.0538
965.0192
956.7739
940.6606
973.3941
1139.0320
981.9018
976.2151
951.3477
927.6035
981.9018
979.0509
930.1886
956.7739
930.1886
948.6553
883.1929
938.0227
919.9253
954.0538
940.6606
900.0002
945.9768
1197.9396
909.8644
948.6553
927.6035
917.3914
927.6035
919.9253
987.6489
932.7868
927.6035
922.4719
897.5641
895.1400
885.5598
880.8386
930.1886
855.6591
919.9253
904.9081
907.3802
831.7406
869.2305
883.1935
871.5299
880.8380
857.8945
804.9725
846.8207
907.3802
846.8207
857.8945
838.1443
866.9418
833.8654
844.6365
831.7406
795.0822
869.2305
855.6591
833.8654
819.1920
880.8380
835.9999
800.9903
811.0124
838.1443
840.2984
844.6365
862.3973
851.2194
833.8654
789.2505
831.7406
833.8654
851.2194
808.9902
940.6606
835.9999
815.0839
823.3372
806.9769
815.0842
764.8362
785.4055
787.3240
815.0839
808.9899
745.2013
757.5916
761.1987
774.0660
770.3506
775.9357
746.9494
706.8964
745.2013
770.3506
750.4673
743.4604
733.1639
714.9252
721.4641
702.1547
708.4895
705.3096
694.3743
718.1816
700.5864
694.3743
685.2349
688.2579
679.2579
694.3743
671.9134
724.7734
676.3034
688.2579
694.3746
654.8386
670.4611
660.4454
663.2803
659.0359
656.2325
660.4454
653.4497
670.4611
660.4454
625.4208
642.5203
638.5031
669.0138
614.0367
622.8597
617.7915
604.2131
609.0907
616.5355
637.1737
615.2839
597.0212
591.1392
589.9747
594.6564
576.3007
584.2105
567.4818
562.0855
571.8622
571.8622
554.6761
549.4845
561.0170
545.3900
563.1577
541.3469
528.5493
566.3953
521.8677
530.4850
508.0178
522.8135
502.6490
495.6364
493.0486
511.6504
497.3744
466.7820
477.9816
480.4393
492.1907
467.5676
465.2174
459.8087
459.8085
452.2589
439.1705
428.7281
444.1861
423.3226
421.9886
418.6827
403.9999
407.1208
405.8677
411.5553
396.0629
397.2677
394.2667
385.4772
380.9159
379.2275
380.3518
369.3410
372.0461
361.4085
356.7763
353.2374
346.8085
342.4635
334.4827
332.1899
328.5715
325.0130
319.7847
317.6440
319.7847
310.9384
305.2448
299.7072
293.1830
288.7043
286.5031
281.4626
274.1434
277.2455
268.7528
274.1434
264.4860
259.0531
259.0531
254.0856
248.3624
244.2623
240.2576
238.8498
233.8769
226.4248
220.2972
219.0495
220.2972
215.8504
212.4762
208.9400
205.4830
204.5742
198.5782
195.9884
193.0233
188.2788
185.4653
185.0679
181.1535
173.8215
176.5957
176.2226
166.3415
161.7450
161.2440
156.9815
152.2328
152.8558
149.4670
147.6565
141.5217
143.5325
140.1055
136.5002
134.0669
131.9456
128.3245
126.0558
125.6820
122.4939
119.7478
118.2254
114.3418
112.7825
109.8386
108.6624
105.3146
103.5794
101.7738
97.9695
96.4500
94.4906
92.8420
92.2987
88.4058
87.3713
83.9210
82.6087
78.7819
78.2372
77.6958
74.2183
72.8213
70.7317
70.7317
67.9311
66.0247
64.5570
62.7907
61.4429
58.5059
58.6287
56.2679
54.8497
54.1502
53.5145
52.0891
50.4685
49.5344
48.2353
46.7479
45.6000
44.4699
44.1648
42.8571
41.4752
40.0718
38.5552
39.1201
37.4853
36.2956
35.8434
34.2843
33.6706
33.7580
32.3743
31.5663
31.1449
29.9794
29.2410
28.8749
28.5512
27.3519
27.4708
26.3304
25.9806
25.5942
24.7525
24.1850
23.5108
23.0284
22.4032
22.1841
21.5314
21.2076
20.8856
19.8946
20.1056
19.1273
19.6494
18.4724
18.7129
18.2330
17.6893
17.6217
16.9833
16.5836
16.4510
16.0221
16.0879
14.7863
15.2385
15.0766
14.8506
15.5963
14.6577
13.9875
14.0510
13.6080
13.9558
12.9811
13.4506
12.9811
12.7944
13.2937
12.5773
12.0230
12.0536
12.0230
11.7174
11.7174
11.5044
11.2318
11.2016
10.8704
10.9005
10.9606
10.8704
10.4220
10.4816
10.4518
10.4220
9.9772
9.8297
9.7414
9.7120
10.4518
9.8886
9.7414
9.2728
9.4481
9.7414
9.4481
9.2728
8.1474
8.7794
9.0110
9.1563
9.3896
9.5066
9.9476
9.6532
8.7505
10.2140
10.6009
10.6308
11.0508
11.2016
11.2923
12.2687
12.1150
12.8566
12.9811
13.7342
13.7658
14.5935
15.2385
15.2385
15.5963
15.7924
16.6833
19.2661
17.6217
18.0966
19.0580
19.4400
20.1408
21.1718
22.0748
22.6231
23.2506
24.5627
25.6328
26.4474
27.4708
28.7533
29.3226
30.3103
32.2034
33.6706
34.2403
35.5287
36.4773
37.9485
38.9785
40.6009
42.4596
43.9620
45.6518
47.1169
49.3708
50.5791
52.7130
53.6297
55.7330
57.1675
59.8673
61.6341
63.9640
65.7559
69.0402
70.2349
72.8213
74.8879
77.6958
78.5481
81.1546
85.1684
87.8010
88.1461
90.5981
94.7681
96.3558
99.4156
102.8734
104.4944
107.4994
108.9819
112.3412
117.4144
118.5749
122.9785
123.4652
128.8349
130.6393
134.2007
136.6368
139.6839
145.5772
147.8064
151.7676
154.2689
158.6044
163.7681
169.1423
171.4617
174.5558
178.4767
181.5401
188.6852
190.3226
193.2331
197.4937
200.3300
208.4746
208.7071
209.6408
216.5829
220.0469
229.0478
228.7836
241.3923
239.9751
248.6590
251.0501
251.3513
256.8628
263.8383
261.5894
264.8107
269.4182
269.4181
278.9913
279.3423
284.3266
294.6989
300.0977
299.7072
302.0619
306.0486
308.4788
318.0704
317.2185
333.5627
330.3731
332.1900
332.1899
335.8701
350.7430
349.2595
358.3099
354.2429
359.8539
363.4976
366.6667
369.8795
393.0765
387.2100
399.6949
405.8679
409.6453
413.4796
419.9999
426.6880
399.6949
434.2466
438.4615
457.5220
463.6614
453.0046
461.3434
463.6614
476.3546
477.1670
482.0894
480.4393
489.6327
482.9181
523.7624
497.3744
503.5372
502.6490
509.8287
520.9249
552.5895
508.9219
531.4573
530.4850
519.9847
544.3745
558.8900
556.7761
585.3557
552.5895
597.0212
576.3007
593.4800
588.8141
592.3076
606.6435
599.4021
614.0367
616.5355
603.0042
509.8287
622.8597
650.6873
666.1363
667.5728
679.2579
663.2803
641.1764
641.1764
685.2349
688.2582
652.0660
677.7778
679.2579
688.2579
692.8364
692.8364
705.3096
700.5864
718.1816
719.8196
710.0889
728.1089
711.6946
726.4381
694.3743
763.0136
729.7874
738.2806
766.6666
768.5046
740.0001
741.7267
759.3914
763.0136
764.8362
935.3981
783.4949
763.0136
804.9720
783.4949
787.3237
799.0123
823.3372
795.0817
829.6254
815.0839
840.2984
1386.3882
855.6591
802.9771
823.3372
825.4238
806.9769
797.0430
876.1617
902.4481
825.4238
842.4625
808.9902
904.9081
880.8386
846.8207
855.6591
851.2194
871.5299
860.1404
895.1400
895.1400
907.3802
887.9375
885.5598
846.8207
892.7275
871.5299
840.2984
871.5299
883.1935
890.3267
892.7275
844.6365
919.9253
925.0312
883.1935
887.9375
917.3914
895.1400
938.0227
940.6606
892.7275
895.1400
873.8403
897.5641
938.0227
943.3120
919.9253
902.4481
907.3802
917.3914
912.3610
902.4481
948.6553
962.2565
948.6553
951.3477
935.3981
907.3802
945.9768
956.7739
917.3914
1169.7675
945.9768
935.3985
959.5081
984.7677
973.3941
935.3981
1026.5475
935.3981
954.0538
948.6553
840.2984
984.7677
956.7739
970.5878
1023.4568
999.3291
993.4574
935.3981
973.3941
1002.2883
999.3291
1011.2620
979.0518
948.6553
932.7868
993.4583
1002.2883
981.9018
987.6497
1002.2883
1061.7019
1045.4545
1023.4568
1008.2546
1032.7802
1081.8179
999.3291
996.3858
1071.6736
1026.5475
1011.2616
1078.4169
1008.2546
1127.8864
1032.7802
1026.5475
1035.9224
1014.2859
1109.7483
1008.2546
1085.2384
1081.8179
1055.1479
1020.3831
1055.1479
1005.2634
990.5463
791.1863
993.4583
1002.2883
1071.6736
1055.1479
1058.4156
1071.6736
1020.3831
1061.7019
1023.4568
981.9018
1078.4169
1106.1855
1032.7802
1020.3831
1078.4169
1169.7675
1058.4156
1023.4568
1078.4169
1020.3831
1081.8179
1085.2384
1081.8179
987.6489
1023.4568
1081.8179
1048.6675
1131.5792
1106.1860
943.3120
1039.0820
1026.5475
1165.8424
900.0002
1113.3337
1102.6426
1045.4545
1071.6736
981.9018
1095.6200
1081.8179
1039.0820
1099.1221
1055.1479
1042.2594
1095.6200
1120.5667
1075.0355
1095.6200
1120.5667
1102.6426
1081.8179
1065.0068
1088.6788
1071.6736
1078.4169
1116.9395
1048.6675
1023.4568
1197.9396
1075.0355
1169.7675
1061.7019
1071.6736
1088.6788
1142.7924
1055.1479
1042.2594
1078.4169
1017.3262
1113.3337
1088.6788
1008.2546
1102.6426
1081.8179
1020.3831
1131.5792
1106.1849
1127.8859
1081.8179
1075.0355
1045.4545
1075.0355
1142.7924
1210.3998
1158.0646
1048.6675
1197.9396
1109.7494
1139.0320
1081.8179
1142.7924
1055.1479
1113.3326
1099.1210
1078.4169
1109.7483
1106.1849
1085.2384
1253.7184
1127.8864
1095.6200
1081.8179
1109.7483
1139.0320
1109.7494
1210.3998
1102.6426
1014.2859
1116.9395
1075.0355
1102.6437
1102.6437
1078.4169
1106.1849
1058.4156
1014.2859
1135.2944
1150.3818
1088.6788
1158.0646
1349.5575
1150.3818
1099.1221
1202.0665
1113.3337
1181.6901
1127.8864
1088.6788
1102.6426
1113.3337
1177.6910
1092.1393
1135.2944
1081.8179
1106.1849
1081.8179
1173.7169
1120.5667
1185.7142
1165.8424
1113.3326
1181.6901
1169.7675
1146.5756
1131.5792
1075.0355
1131.5792
1092.1393
1154.2114
1075.0355
1165.8424
1181.6901
1075.0355
1185.7142
1197.9396
1169.7675
1113.3337
1193.8387
1165.8424
1142.7924
1177.6910
1165.8424
1181.6901
1142.7924
1146.5756
1189.7637
1146.5756
1181.6901
1139.0320
1116.9395
1139.0320
1202.0665
1185.7142
1127.8864
1193.8387
1131.5792
1173.7169
1058.4156
1131.5792
1142.7924
1154.2114
1127.8864
1139.0320
1210.4004
1081.8179
1181.6901
1181.6901
1214.6064
1189.7637
1120.5667
1142.7924
1173.7169
1267.2781
1135.2944
1127.8864
1081.8179
1189.7637
979.0518
1177.6910
1197.9396
1109.7483
1127.8864
1150.3818
1139.0320
1106.1849
1218.8402
1197.9396
1231.7069
1120.5667
1135.2944
1185.7142
1142.7924
1173.7169
2095.7090
1206.2198
1120.5667
1177.6910
1193.8387
1142.7924
1206.2198
1150.3818
1146.5756
1193.8387
1165.8424
1206.2198
1142.7924
1185.7142
1158.0646
1158.0646
1131.5792
1210.3998
1135.2944
1113.3337
1165.8424
1189.7637
1218.8402
1177.6910
1146.5756
1139.0320
1193.8387
1135.2944
1197.9396
1150.3818
1139.0320
1173.7169
1185.7142
1197.9396
1193.8387
1165.8424
1173.7169
1154.2120
1185.7142
1146.5756
1102.6437
1116.9395
1210.3998
1189.7637
1197.9396
1154.2114
1177.6910
1189.7637
1146.5756
1161.9415
1214.6064
1181.6901
1135.2944
1206.2198
1181.6901
1142.7924
1173.7169
1189.7637
1193.8387
1116.9395
1116.9395
1285.7872
1189.7637
1185.7142
1193.8387
1165.8424
1109.7483
1227.3901
1197.9396
1189.7637
1150.3818
1131.5792
1146.5756
1127.8864
764.8362
1131.5792
1158.0646
1181.6901
1120.5667
1189.7637
1099.1210
1202.0665
1227.3901
1177.6910
1169.7675
1185.7142
1218.8408
1189.7637
1135.2944
1169.7675
1181.6901
1262.7280
1146.5756
1169.7675
1165.8424
1154.2114
1185.7142
1193.8387
1249.2581
1206.2198
1189.7637
1202.0665
1210.3998
1339.3674
1161.9415
1231.7069
1206.2198
1139.0320
1218.8402
1197.9396
1202.0665
1177.6910
1158.0646
1165.8424
1206.2198
1092.1393
1197.9396
1135.2944
1150.3818
1058.4156
1146.5756
1127.8864
1197.9396
1165.8424
1165.8424
1197.9396
976.2151
1131.5792
1113.3337
1150.3818
1120.5667
1185.7148
1150.3813
1181.6901
1135.2944
1165.8424
1177.6917
1099.1210
1124.2156
1113.3337
1120.5667
1139.0320
1419.4800
1135.2944
1116.9395
1058.4156
1173.7169
1135.2944
1078.4169
1095.6200
1267.2794
1142.7924
1124.2156
1139.0320
1081.8179
1131.5792
1106.1849
1102.6426
897.5641
1135.2944
1139.0320
1109.7483
902.4481
1154.2114
996.3849
1197.9396
1131.5792
1055.1479
1150.3818
1039.0820
1078.4169
1177.6910
1035.9224
1135.2944
1075.0355
1075.0355
1085.2384
1102.6426
1131.5792
1106.1849
1081.8179
1095.6200
1173.7169
1120.5667
1154.2114
1085.2384
1095.6200
1078.4169
1005.2634
1078.4169
1099.1210
1071.6736
1150.3818
1088.6788
1088.6788
1106.1849
1068.3307
1068.3307
1085.2384
1099.1210
1131.5792
1099.1221
1078.4169
1078.4169
1071.6736
1102.6426
1081.8179
1154.2114
1099.1210
1339.3674
1249.2581
1039.0820
1088.6788
1068.3307
1065.0068
1120.5667
1055.1479
1113.3337
1032.7802
1065.0068
1131.5792
1081.8179
1081.8179
1078.4169
1071.6736
1023.4568
1014.2859
1065.0068
1085.2384
1048.6675
1095.6200
1061.7019
1002.2883
993.4574
1029.6552
990.5463
1048.6675
1029.6552
1065.0068
1048.6675
1061.7024
1045.4545
1240.4250
1032.7802
1017.3262
1045.4545
1023.4568
981.9026
1011.2620
1020.3831
993.4583
1023.4568
1002.2883
1005.2634
999.3291
984.7677
938.0227
999.3291
1020.3831
1017.3262
1011.2620
984.7677
979.0509
1029.6552
948.6553
987.6497
981.9018
1014.2859
984.7686
990.5463
1032.7802
990.5463
892.7275
979.0509
932.7868
984.7686
987.6489
967.7963
1005.2634
996.3858
932.7868
962.2565
965.0192
943.3120
925.0312
945.9768
962.2565
943.3120
935.3981
954.0538
954.0538
925.0312
959.5081
902.4481
940.6606
927.6035
951.3477
935.3981
932.7868
938.0227
846.8207
932.7868
951.3481
932.7868
902.4481
885.5594
846.8207
904.9081
883.1935
922.4719
885.5598
869.2305
880.8380
857.8945
853.4340
842.4625
871.5299
849.0149
860.1404
876.1617
876.1617
864.6641
849.0149
866.9418
897.5641
914.8703
885.5598
885.5598
866.9418
895.1400
902.4481
842.4625
804.9725
831.7406
840.2984
840.2984
862.3969
855.6591
825.4238
823.3372
835.9999
808.9902
853.4340
800.9903
821.2599
835.9999
819.1920
781.5929
764.8362
797.0430
766.6666
768.5046
754.0146
764.8362
938.0227
738.2806
785.4052
766.6666
764.8362
779.6990
718.1821
770.3506
783.4949
731.4722
750.4673
736.5681
736.5681
736.5681
674.8345
738.2806
697.4683
726.4376
697.4683
703.7290
685.2349
733.1637
738.2803
694.3743
702.1547
713.3066
673.3712
694.3743
689.7782
657.6317
692.8364
669.0138
683.7321
660.4454
673.3712
679.2579
667.5723
659.0364
663.2803
669.0138
647.9451
660.4454
654.8386
638.5031
639.8373
646.5815
654.8386
635.8490
605.4262
660.4459
624.1380
629.2966
628.0000
617.7915
604.2131
508.9219
593.4800
578.5419
589.9749
585.3557
568.5715
565.3126
564.2334
577.4194
562.0855
570.7618
547.4308
544.3745
562.0855
526.6260
530.4849
532.4325
532.4325
514.4035
501.7634
500.8804
499.1222
493.0485
500.8804
483.7490
484.5823
489.6327
492.1907
469.1452
481.2632
471.5283
461.3434
465.2174
456.7642
451.5151
439.8813
450.0335
439.1705
423.9922
408.3799
415.4185
407.1208
408.3799
406.4936
409.0118
393.6708
397.2678
389.5397
380.3518
378.6674
372.0461
372.0461
362.9734
364.0226
347.7857
354.7473
357.7976
342.4636
334.4827
332.6466
316.7939
318.9258
328.5715
309.2954
307.6655
300.8811
303.6471
292.8058
290.5580
286.1386
282.1746
276.8983
273.4610
269.4181
265.7884
262.5498
260.3168
260.3168
255.0065
249.8505
244.8421
242.8213
240.2576
236.8984
234.6956
228.7836
225.9053
219.7969
217.5649
214.3954
212.4762
207.5479
203.4458
198.3607
195.3480
191.5629
192.8137
188.8889
187.2676
183.2930
178.6662
175.2941
173.0910
169.8517
165.3061
165.1344
163.9381
160.0826
157.1429
154.1111
150.9960
146.3158
143.5326
140.8115
145.4300
138.4279
135.2772
131.2906
130.3798
127.6897
121.4112
120.2205
118.1092
116.0380
112.3412
111.3548
109.0886
107.2893
103.6807
102.3721
100.4896
97.6828
95.9799
94.9536
92.2084
89.9791
88.8402
85.6722
84.3349
81.0745
80.5158
78.8600
76.7753
77.1577
72.8942
71.7341
70.5184
68.4838
64.6893
65.0212
62.9202
60.7458
59.6802
58.8133
55.4965
56.4470
52.7700
53.3421
51.6948
50.9121
48.8279
47.5942
45.9633
44.7252
41.5241
43.2570
42.3110
40.8427
39.4517
39.0256
37.8556
37.3931
40.0718
35.2601
34.4607
33.9768
33.9768
32.4600
32.3316
30.8934
30.1033
29.6912
28.3900
27.7890
27.7093
26.9964
26.4474
25.8258
25.7099
24.9047
24.6006
23.3991
23.0284
21.8569
22.0021
21.8931
21.2794
20.5653
20.4943
19.4748
19.7894
19.1273
18.9543
18.3697
18.4724
17.8587
17.3184
16.7498
16.7831
16.6833
16.6168
15.9564
16.0221
15.7924
14.9151
15.0442
15.1413
14.3376
14.3056
14.2100
13.9241
13.8924
14.7541
13.3250
13.1997
12.8255
12.6083
12.7323
11.9311
12.2687
12.1150
11.9311
11.7784
11.7174
11.3831
11.3226
10.8704
11.1111
10.7805
10.9906
10.4816
10.6009
10.2140
10.2140
9.8886
9.5066
10.3625
9.9772
10.9606
9.5945
9.9476
9.5945
9.3312
9.0982
9.4188
9.6239
9.5652
9.3312
9.0110
9.0401
8.4625
9.0401
8.6639
