168.9414
172.1588
172.1588
176.9443
178.2617
181.5137
182.8749
184.6445
187.2402
188.0484
190.7067
194.2579
194.6814
199.2029
197.0326
198.5485
186.0363
204.0910
207.9790
209.1415
207.0552
209.6089
214.6040
217.0397
217.2854
219.5134
221.2681
220.5137
226.1295
225.6109
226.6498
226.3894
232.2148
231.1402
234.9319
236.5838
236.3073
241.9235
241.3534
243.0693
245.0931
243.0693
245.6758
244.8025
249.5112
249.8097
264.4418
254.0439
265.0916
256.8204
256.1996
262.8272
262.5061
261.5459
266.7264
265.7437
263.7942
270.7103
269.7062
270.3750
270.7102
271.0461
276.8510
267.0550
279.6460
275.8135
284.2775
282.8404
286.0890
282.8404
287.5506
288.6540
287.5506
295.0276
293.8877
293.5092
295.7912
300.0444
295.0276
298.8755
305.9937
300.0445
306.8004
304.7897
309.6490
312.5378
305.9937
312.9538
311.7082
319.7261
321.4540
320.5883
324.9529
324.0726
325.8366
324.0726
326.7242
329.4089
331.6724
332.1279
335.8069
328.0623
334.4200
331.6723
339.0779
321.4539
330.7641
333.5002
331.2178
335.8069
339.5492
338.6076
342.8768
340.9691
348.7000
347.7189
341.9210
340.4948
349.6855
348.7000
341.4445
348.7000
350.1800
349.1922
354.6786
355.1839
349.6855
356.1981
350.6753
359.2679
363.9509
359.2680
361.8578
366.5941
363.4259
361.8579
363.9510
366.5941
365.5333
365.5333
367.6598
365.0046
365.0046
368.7305
368.1945
366.0631
369.8060
368.7305
370.3457
370.8864
367.6599
370.8865
379.7125
375.8108
377.4751
375.2586
379.1512
383.6787
379.7125
383.1081
400.8340
373.6095
366.5941
384.2507
394.1855
383.1081
388.2927
380.8390
382.5389
385.3987
408.9255
388.2926
392.4027
400.2222
392.4028
392.4027
398.3957
396.5826
395.3812
402.6783
381.9709
401.4472
398.3957
403.2961
396.5826
399.6119
402.6783
398.3958
398.3957
402.0620
402.6783
405.1587
394.1854
404.5363
402.0620
414.6823
394.1855
404.5363
397.7899
399.6118
407.0351
410.8301
410.8301
403.2961
410.8300
406.4081
404.5363
403.9155
400.8340
399.0030
412.1078
401.4471
399.0030
400.8340
407.0352
407.0352
408.2938
405.7827
406.4081
414.0363
410.1937
419.2508
399.6118
408.9256
414.6823
410.1936
410.1937
417.2829
414.0363
419.9099
404.5363
414.0363
410.8300
408.2939
413.3918
421.8979
404.5363
412.7489
415.3300
414.6823
417.9372
410.1937
405.7827
413.3918
392.4028
410.1936
413.3917
445.5370
408.9255
417.2829
412.1078
416.6303
412.7490
412.1078
415.3299
415.9793
414.6823
415.3300
423.2316
419.2508
413.3918
417.9373
423.9010
418.5932
407.6637
421.2336
400.2221
412.7490
402.6783
405.7826
417.9373
414.6823
423.9010
417.2829
438.3650
417.9372
411.4681
400.2221
417.9373
423.9010
422.5639
422.5639
419.9100
399.6118
418.5933
422.5639
418.5932
421.8979
423.9010
452.1575
413.3918
421.2336
425.2450
423.9010
423.9010
426.5957
423.9010
425.2450
420.5709
395.9811
439.0738
428.6352
435.5487
425.2450
419.9101
424.5720
417.9373
420.5709
429.3185
427.9536
423.9009
423.2316
430.6903
414.6823
414.6823
428.6352
421.8979
414.6823
426.5958
427.2739
427.9536
427.9536
418.5933
415.3300
424.5720
423.2316
426.5958
418.5933
421.8978
422.5639
422.5639
423.2316
425.9195
419.9101
421.8979
426.5957
417.2830
422.5638
430.6903
421.8979
420.5710
421.2336
419.9100
427.2738
419.2509
427.9536
426.5958
422.5639
417.2830
428.6352
419.9099
415.9793
419.2508
425.2450
423.2316
426.5958
417.9372
426.5958
426.5958
433.4557
427.2739
432.0695
415.9793
423.9009
422.5638
434.1516
436.9532
420.5709
428.6352
427.9536
426.5957
420.5709
425.2450
423.2316
444.8113
427.9536
441.2110
423.9010
426.5958
423.2316
433.4557
423.9009
433.4557
423.2316
429.3185
424.5721
429.3185
430.0036
427.9536
427.9536
437.6581
421.8979
428.6351
432.7617
423.9010
427.2738
425.9195
425.2449
427.9536
431.3791
415.9792
429.3185
446.9947
423.2315
434.1516
424.5721
425.9194
423.9010
432.7617
430.6904
427.2738
430.6904
412.7490
431.3791
423.9009
434.1516
427.9536
432.0695
446.9947
430.0036
439.0736
432.0695
438.3649
430.0035
432.7617
434.8492
431.3790
436.9532
423.9009
435.5487
416.6304
432.7616
434.8492
431.3791
432.7616
428.6351
426.5958
428.6352
430.0036
425.2450
430.0036
422.5638
426.5957
432.0695
412.1078
425.9195
419.2508
440.4966
432.0695
419.2508
434.8492
434.1516
444.8113
430.6904
436.9532
441.9273
428.6351
441.9272
424.5720
423.9010
439.0736
428.6352
441.2111
430.0035
436.2500
430.0036
429.3185
420.5709
434.1516
430.0036
439.0737
432.0694
430.0036
442.6454
433.4557
431.3791
441.9273
431.3791
436.2500
424.5721
432.0694
430.6904
417.9372
421.8979
423.2316
435.5486
437.6581
440.4967
430.0036
423.9009
426.5957
434.1516
444.0874
432.0695
434.1516
432.7617
430.0035
421.8979
422.5639
429.3185
432.7617
434.8491
428.6352
434.1516
431.3791
425.2450
441.2111
433.4557
435.5487
434.1516
443.3654
424.5721
443.3654
446.9945
426.5958
432.7617
433.4557
423.2315
432.0694
446.9945
432.0695
436.2500
431.3791
434.1516
438.3650
431.3791
424.5721
430.6904
419.2508
441.9273
414.0363
423.2316
436.9531
443.3654
430.6904
431.3791
429.3185
435.5487
430.6904
432.7617
432.0694
428.6352
429.3184
423.2316
434.8492
427.2738
435.5487
435.5487
440.4967
440.4967
440.4967
436.9532
434.1516
434.1516
426.5958
430.6904
446.9947
446.9947
434.1515
433.4557
434.8492
439.7843
436.2500
434.1516
431.3791
432.0694
433.4557
436.9532
479.5061
427.2739
428.6352
427.2739
433.4556
439.7843
430.0036
436.2500
430.0036
432.0694
433.4556
429.3184
440.4966
429.3185
435.5487
437.6581
443.3654
437.6581
448.4599
438.3649
434.8491
434.1516
434.1515
430.0036
432.0695
426.5958
435.5487
429.3184
442.6454
441.9273
435.5487
429.3185
431.3791
430.0036
436.9532
429.3184
461.2385
425.9194
435.5487
434.1515
433.4557
440.4966
441.2110
436.2500
433.4557
423.9010
438.3650
425.2450
430.0036
437.6581
430.6903
434.8491
432.7616
436.2500
436.2499
431.3790
442.6454
433.4556
427.9536
436.2500
432.0695
444.0874
430.0036
440.4967
422.5639
433.4557
432.7616
426.5958
433.4557
429.3184
430.0035
432.7616
437.6581
440.4966
440.4966
432.7617
437.6581
440.4967
426.5957
430.6904
432.7617
419.9100
440.4966
437.6581
429.3185
432.7616
432.7616
432.7616
434.1516
436.9532
423.2316
436.9532
430.6903
434.8492
434.8492
446.2649
434.1516
441.2111
436.2499
441.9273
434.1516
431.3791
460.4704
449.1954
435.5486
441.9273
455.9053
429.3184
431.3791
430.6904
435.5486
433.4557
439.0737
445.5370
436.9532
428.6352
434.1516
412.1078
427.2739
428.6351
445.5370
430.6904
434.1516
436.2500
439.7843
426.5957
432.0694
430.0035
434.1515
444.8113
444.8113
432.0694
434.8492
434.1516
428.6351
429.3184
432.7616
433.4556
421.8979
437.6581
427.2739
439.7842
440.4967
434.1516
432.7616
434.1515
439.7843
439.0737
441.9273
441.9273
426.5958
432.0695
433.4556
446.2649
446.2650
432.0695
423.9010
434.8492
481.1510
428.6352
438.3650
444.0874
433.4557
423.9009
443.3654
436.9531
423.2316
439.7843
437.6581
424.5721
432.0694
438.3649
441.9273
421.8978
435.5486
437.6581
443.3654
438.3650
430.6904
452.1575
438.3649
431.3791
435.5487
436.9532
427.9536
443.3654
427.9536
437.6581
447.7262
434.1516
429.3184
440.4967
441.2111
434.8492
437.6581
437.6581
431.3790
444.8113
441.9273
444.8113
437.6581
431.3791
434.8491
435.5487
444.8114
435.5486
434.1516
425.9195
436.2500
434.8492
439.0737
434.8491
434.8492
431.3790
437.6581
430.0035
445.5372
425.2449
436.9531
436.2500
423.2315
439.7843
437.6581
444.0874
433.4557
440.4966
445.5370
426.5958
434.8491
424.5721
423.9009
440.4966
433.4557
423.9009
432.0695
444.0874
438.3650
436.9532
439.7843
436.9532
440.4967
438.3649
405.1586
415.3300
443.3656
432.0695
433.4557
437.6581
423.2316
444.0874
421.2336
433.4556
439.0737
446.2648
442.6454
432.7616
437.6581
440.4967
429.3185
441.9273
449.9329
443.3654
443.3654
437.6581
444.0874
434.8491
436.2499
429.3184
428.6352
439.0736
433.4557
434.8492
428.6352
424.5720
451.4140
432.7617
453.6505
430.6904
429.3184
430.6904
427.9536
438.3649
441.2111
439.7843
436.9531
434.8492
432.0695
427.9536
436.9532
424.5721
446.2650
442.6454
437.6581
442.6454
444.0874
429.3184
427.9536
427.2739
430.0035
448.4599
436.2500
449.9329
436.9532
441.2111
452.9030
437.6581
429.3185
434.8492
434.8492
439.0737
421.2336
442.6454
440.4967
431.3791
445.5370
443.3654
434.8491
430.0036
439.7843
428.6352
432.7617
438.3649
438.3649
433.4557
438.3649
432.7616
445.5370
444.0874
446.9946
448.4599
439.0737
433.4557
420.5709
467.4603
455.1516
444.0874
445.5370
444.0874
446.9945
428.6351
434.8492
433.4557
466.6750
425.9195
436.2500
442.6453
436.2500
447.7263
439.7843
468.2477
441.2110
439.0737
443.3654
444.0874
437.6581
444.8113
449.1952
447.7262
444.8113
434.1516
452.9030
432.0695
436.2499
437.6581
426.5958
440.4967
458.1784
441.2110
440.4966
434.1516
466.6750
437.6581
429.3185
441.9273
455.1517
448.4599
436.2500
443.3654
432.0695
432.7616
437.6581
451.4138
439.0737
444.0874
436.2499
440.4967
441.2111
441.2110
434.1515
446.2648
427.9536
436.9532
436.2500
435.5486
423.2316
444.0874
425.9194
441.2111
436.2499
437.6581
430.6903
445.5370
444.0874
434.8491
436.9531
434.8492
444.8113
442.6454
436.2500
444.0875
447.7263
437.6581
441.9273
437.6581
432.7616
438.3649
440.4967
439.7843
426.5958
444.0874
440.4967
448.4597
441.9272
437.6581
438.3650
439.0737
441.9272
436.2500
444.0874
430.6904
440.4967
441.2111
441.2110
439.0736
442.6454
412.1077
438.3650
446.9947
438.3649
441.2111
441.9272
428.6351
441.9273
441.2110
445.5370
423.2316
432.0694
435.5487
431.3790
433.4557
438.3650
436.2500
434.8491
442.6453
441.2111
432.0694
434.8491
437.6581
444.0874
444.0874
439.7842
442.6454
440.4967
451.4140
425.9194
438.3650
439.7842
436.9532
434.8491
436.2499
425.9195
449.9329
439.0736
437.6581
447.7263
444.0874
432.7617
486.9821
446.2648
444.0874
447.7263
438.3649
440.4967
435.5487
441.9272
443.3654
437.6581
433.4556
434.1516
464.3323
436.2499
436.2499
432.0694
436.9532
439.0736
436.9532
442.6454
438.3649
435.5486
433.4556
430.6903
435.5486
443.3654
440.4967
439.0737
444.0874
443.3654
434.8492
433.4556
436.2500
430.0036
434.8492
432.0695
445.5370
441.2110
446.2648
436.2500
438.3650
436.2500
441.9273
446.2648
437.6581
467.4602
432.7616
439.7843
443.3654
435.5486
439.0736
477.0563
439.0737
444.8113
436.2499
440.4966
435.5487
449.9330
436.9532
441.9272
446.9945
440.4966
447.7263
439.0736
438.3650
439.0737
444.0874
439.7842
448.4597
442.6454
440.4967
444.8113
444.0874
477.0562
438.3649
438.3649
440.4966
441.9272
436.9531
441.9273
441.2111
444.0874
446.2648
443.3654
430.0035
452.9030
444.8113
436.2499
444.8113
436.2500
439.7843
434.1516
441.9273
435.5486
446.9946
444.0874
439.0737
440.4967
443.3654
432.0695
432.7616
432.7616
445.5370
426.5957
430.6903
452.1575
455.9053
442.6453
446.2648
441.9272
436.2500
434.8492
437.6581
433.4556
439.0737
443.3654
443.3654
434.8491
435.5487
441.9273
434.1516
439.7842
439.0736
442.6453
438.3650
433.4557
449.1953
433.4556
438.3649
441.2111
440.4967
447.7261
437.6581
440.4967
432.7616
456.6610
442.6453
443.3654
456.6610
434.8492
439.7842
444.8113
444.0874
445.5370
439.0737
442.6454
439.7843
443.3654
436.2500
445.5370
441.9273
439.7843
434.1516
444.0874
439.7843
446.2648
436.9532
426.5958
436.2500
447.7263
436.9532
440.4967
441.9272
437.6581
439.7843
442.6454
444.8113
435.5486
440.4966
441.9272
437.6581
437.6581
425.2449
436.2500
434.1516
445.5370
444.8113
441.9273
435.5487
441.2111
441.9273
446.9945
449.9329
440.4966
429.3184
440.4967
443.3654
444.0874
430.0035
440.4966
435.5487
437.6581
444.0874
436.2500
441.9273
440.4967
434.8491
444.8113
459.7042
441.2111
448.4598
430.6903
431.3790
458.9404
443.3654
439.7842
442.6453
441.9273
440.4967
436.2500
434.1515
432.7616
424.5720
457.4187
437.6581
444.8113
439.0737
444.8113
422.5639
436.2500
433.4556
428.6351
437.6581
441.2110
439.0736
419.9100
431.3790
439.0737
443.3654
433.4556
440.4967
432.7617
436.9532
436.9531
436.9532
449.1954
446.2649
441.9272
444.0874
430.6903
440.4967
444.0874
442.6454
433.4556
441.9272
441.9272
441.9273
414.0364
437.6581
446.9947
441.2111
419.2508
444.8113
449.9330
444.0874
444.0874
442.6454
432.0695
441.2110
436.9531
444.8113
433.4556
442.6453
439.7842
442.6454
437.6581
448.4599
441.2110
432.7617
430.6904
431.3791
444.8113
449.1954
500.7602
431.3790
440.4966
441.2111
435.5487
439.7843
434.8492
437.6581
444.0874
444.8113
436.2499
441.9272
433.4557
443.3654
442.6454
437.6581
439.7843
439.7843
430.0036
446.9947
444.0874
442.6453
447.7261
441.9272
436.2499
455.1517
446.2650
441.9272
432.7616
445.5370
439.0737
423.9009
444.8113
431.3791
429.3184
434.8491
446.2650
444.0874
443.3654
444.8113
444.0873
434.8492
434.1515
445.5370
442.6454
425.9194
435.5486
441.9272
440.4967
434.8491
435.5487
446.9945
437.6581
444.0874
443.3654
436.2500
437.6581
437.6581
451.4140
442.6454
433.4557
452.9030
440.4967
434.8492
430.0035
444.0875
444.0874
426.5958
443.3654
434.8491
445.5372
446.2648
434.8492
435.5487
440.4966
441.9273
446.9945
435.5486
443.3654
441.2111
439.0737
441.2111
443.3654
438.3649
437.6581
431.3790
423.2315
425.2449
436.2499
434.1515
457.4187
431.3790
424.5721
435.5487
444.0875
448.4598
429.3184
434.1516
436.2500
437.6581
437.6581
434.1516
430.6903
432.0694
441.9273
437.6581
431.3790
439.0736
434.8492
464.3323
441.2111
440.4966
424.5721
432.0694
440.4966
439.0736
439.7843
430.0035
441.2111
436.9532
433.4556
425.9194
444.8114
440.4967
446.2650
444.0874
449.1954
446.9945
436.9531
436.9531
432.0695
429.3184
444.8113
428.6352
434.8492
441.9273
436.2500
434.8491
432.0694
429.3184
439.7843
442.6454
439.0737
433.4557
442.6453
443.3656
434.8492
444.0874
432.0695
424.5720
436.2500
468.2477
437.6581
441.9273
437.6581
444.0875
431.3790
430.0035
439.0736
437.6581
442.6454
438.3649
441.2110
439.0737
442.6454
443.3654
424.5720
441.2110
441.9272
444.8113
431.3790
447.7261
428.6351
432.0694
427.2738
432.0694
431.3791
439.0737
444.8113
440.4966
446.2648
444.8113
436.9532
441.9273
444.8113
435.5487
425.2449
444.0874
436.2500
421.8978
435.5487
436.2500
439.7843
428.6352
438.3649
432.7617
424.5720
434.8491
441.9273
431.3791
432.7617
429.3185
440.4966
426.5958
428.6351
439.7843
441.2111
434.1516
432.0694
439.7843
432.0694
441.9273
439.0737
444.0874
441.9272
435.5487
432.0695
431.3790
441.2111
433.4557
442.6454
434.8492
433.4557
433.4557
436.9532
439.7843
435.5487
437.6581
435.5487
436.2500
444.8113
441.9273
422.5639
434.8492
420.5709
433.4556
430.0036
438.3650
433.4557
435.5487
430.6903
429.3185
426.5958
436.9532
425.2449
436.2500
434.8492
430.6903
421.8978
441.9273
434.1516
432.7617
414.6824
436.9531
427.9536
430.6904
432.0695
438.3649
445.5370
432.7617
440.4967
438.3650
432.0695
441.2111
439.7843
439.7843
454.4001
425.9195
435.5486
436.2500
432.7617
439.7843
436.9532
419.9100
428.6352
444.8113
444.8113
435.5487
430.6903
419.9100
424.5720
440.4967
433.4557
436.9531
440.4966
434.8492
437.6581
438.3649
444.8113
441.2110
440.4967
445.5370
438.3649
435.5487
443.3654
439.0737
434.8492
433.4557
431.3790
414.6823
436.9532
436.2500
427.9536
444.0874
433.4557
436.2500
431.3790
425.9195
443.3654
430.6904
439.7843
446.2648
430.0036
436.2500
429.3185
436.2500
437.6581
441.9273
477.0563
433.4557
442.6454
434.8491
436.2499
437.6581
432.0695
420.5709
426.5957
434.8492
441.9272
437.6581
430.6903
435.5486
423.9009
441.9273
434.8491
437.6581
430.0036
431.3791
439.0736
446.2648
426.5958
455.1516
441.2111
422.5638
430.0035
432.7617
424.5721
438.3650
441.9273
432.0695
434.8491
444.8113
436.2500
426.5957
436.9532
426.5958
430.0035
439.0736
438.3649
428.6351
427.2738
439.7843
432.7617
430.0036
443.3654
421.8979
442.6454
434.8492
439.0736
432.0695
433.4557
434.1515
440.4967
441.9273
444.8113
419.9100
436.2500
426.5958
424.5721
442.6454
441.2111
434.1516
430.0035
431.3791
436.2500
435.5486
427.9536
417.9373
437.6581
429.3185
425.2450
427.9536
435.5487
432.0694
436.9532
438.3650
437.6581
432.7616
434.1516
430.6903
447.7262
436.9531
437.6581
444.8113
438.3650
429.3185
439.0737
432.0694
430.6904
441.9273
436.2500
431.3791
427.2738
430.6904
434.1515
434.8492
423.9010
439.0736
442.6453
427.2738
415.3300
434.8492
417.2829
444.8113
440.4967
430.6904
425.9194
429.3184
429.3184
430.0035
432.7617
421.8978
425.9194
432.0695
422.5638
423.9009
441.2111
427.9536
427.2738
433.4557
432.0695
436.9532
432.7617
422.5639
430.0036
421.8979
437.6581
423.9010
429.3184
433.4556
422.5638
421.2335
431.3791
437.6581
432.7617
430.0036
429.3184
425.2450
427.2738
435.5487
430.6904
425.9195
421.8978
427.2739
427.2739
436.9532
419.9100
430.6903
437.6581
429.3184
439.7843
440.4967
429.3184
437.6581
432.7617
442.6453
416.6303
432.7617
425.9195
432.7617
415.3300
433.4557
437.6581
428.6352
430.6904
437.6581
436.9532
419.9100
427.2738
426.5958
434.1516
422.5639
432.0695
416.6303
423.9010
430.6904
419.9100
425.9195
423.2315
430.6904
420.5709
419.2507
434.8492
425.2450
427.9536
423.9010
426.5958
434.1515
434.1516
439.0737
428.6352
429.3184
425.9194
430.6904
425.2450
436.9532
422.5639
421.2335
430.0036
433.4557
426.5958
432.0695
434.1516
422.5638
424.5721
457.4187
421.2335
427.9536
421.2335
434.1516
421.2335
433.4557
426.5957
424.5721
426.5958
423.2316
419.9100
427.9536
407.0352
432.0695
417.9373
418.5932
426.5958
423.2316
421.2336
429.3184
432.0695
418.5931
417.2830
421.2336
423.9009
427.2738
429.3185
423.2316
422.5639
436.2500
412.1077
425.2449
424.5720
419.9100
421.8978
421.8979
419.2509
413.3917
422.5639
410.8301
421.8978
423.9009
421.8979
425.9194
413.3918
469.8292
421.8979
430.6904
412.1077
419.9101
421.2335
427.9536
419.2508
417.9373
423.2316
426.5958
418.5932
414.6823
419.9101
415.9793
415.9793
416.6304
419.9100
421.8979
416.6304
415.3300
426.5958
418.5932
413.3917
416.6303
423.2315
422.5639
415.3300
410.8300
425.2450
421.8979
424.5721
415.3300
434.8491
421.8979
419.9101
419.2508
420.5709
413.3917
415.9794
413.3917
424.5721
415.9792
402.6783
414.6823
470.6232
419.2509
413.3918
421.2336
413.3917
420.5710
411.4681
422.5639
414.6823
410.1937
419.2508
414.0363
406.4081
411.4681
399.6118
412.1078
410.8301
425.2450
408.2939
405.7826
403.2961
399.6119
403.9155
411.4681
414.0364
403.2961
401.4472
405.7827
402.6783
400.8340
416.6303
399.6118
398.3957
408.9256
402.6783
405.7826
402.6783
403.2961
402.6783
402.6783
399.6119
401.4472
401.4472
402.6783
394.1855
402.0620
390.6327
398.3958
392.4028
388.8755
397.7898
393.5899
394.1855
391.8114
402.6783
408.2938
411.4681
388.8757
391.2213
394.1855
391.8113
389.4600
396.5824
393.5897
399.6119
391.8112
382.5389
392.4027
391.2213
395.9812
384.2507
384.8240
382.5389
394.1854
381.4043
379.7124
383.1081
381.9709
380.8390
386.5521
386.5522
379.7125
383.1081
380.2751
380.2751
376.9190
384.8240
381.9709
376.3643
373.0625
381.4043
369.2676
374.1580
377.4751
375.2586
369.2676
370.8865
371.9720
367.6599
367.1264
365.5333
379.1512
373.0625
363.9509
365.0046
369.8060
363.9509
360.3005
360.3004
360.8184
360.8185
359.2680
363.4259
363.9509
365.5333
380.8391
353.6711
351.6696
360.8185
362.3794
353.6711
357.7278
354.1743
355.6905
353.1691
349.1922
350.6753
344.3183
348.7000
342.8768
347.2299
350.6753
340.0215
337.2028
339.0779
343.3563
337.6701
344.3184
335.8069
333.0418
331.6723
343.3563
331.6724
334.4200
332.5844
334.4200
330.3114
328.0623
327.6153
330.3114
321.4540
326.2799
328.5103
324.0727
321.0207
320.5883
320.5883
312.9538
318.8675
325.8366
310.8820
313.7883
312.1226
311.2947
305.1903
310.4702
308.4232
309.2395
312.9538
304.7898
318.8674
302.0081
304.7897
307.2049
295.7912
302.0081
287.9177
292.0024
293.5092
288.6541
291.6276
296.9421
287.9177
288.6541
286.4533
285.3623
287.5506
287.1842
280.7049
279.2944
276.5045
277.5459
271.7198
273.0744
276.8510
280.7049
276.5045
269.7062
269.0399
268.7076
272.7348
268.3759
264.4417
265.0916
266.7264
261.8654
259.3251
265.4174
259.3252
263.7942
259.9569
251.3103
256.5097
251.3102
256.8203
257.7555
250.4084
253.7380
251.9141
248.0260
248.6186
246.8469
246.5533
245.3842
245.6758
244.5125
241.9235
237.9727
239.0921
237.9727
237.4158
232.4845
222.7876
234.9320
230.8726
228.2207
231.1402
228.7477
227.6954
226.6497
227.1717
223.0422
220.0128
224.3215
223.8085
220.7648
219.7629
217.0397
218.7673
215.5738
215.0881
214.6040
212.9212
211.9676
219.7629
213.6402
209.6089
208.2108
207.0552
208.2107
204.3170
204.9970
204.9970
201.6272
200.5204
202.0722
201.1835
201.1835
195.9593
200.0800
195.9593
196.3877
194.0466
197.6805
194.2579
194.6814
193.8356
194.8936
191.7422
190.7067
189.8835
187.8459
181.9013
191.1200
185.6373
188.0484
183.4623
180.9343
181.7073
180.1654
181.7073
177.8840
179.9739
171.9780
171.9780
171.4371
171.6172
169.8275
168.9414
169.2952
169.2952
163.9149
166.3179
163.9149
163.2363
163.0672
161.2213
158.5821
157.4441
158.4189
155.6760
155.6760
157.7682
155.8357
156.1558
161.3880
163.7449
159.4011
160.0600
166.1448
165.6268
167.1867
165.9719
168.5886
177.5074
172.1588
171.2573
177.5074
180.7417
180.7417
181.7073
181.7073
186.4365
185.8366
189.0650
190.2945
188.6575
192.1585
192.3671
196.1733
197.2483
198.7664
201.1835
206.3660
203.6400
208.6754
204.9970
209.1415
212.4436
212.2054
214.3625
216.5496
216.7945
219.5134
220.5137
221.7729
222.7876
223.5527
225.3522
227.4333
226.9105
228.7476
234.6583
235.4808
234.1122
239.6547
241.6382
242.7821
241.9234
246.8469
246.2603
245.6757
252.2168
248.9156
246.2603
251.3102
256.8203
254.9645
250.7085
255.8900
259.0102
260.5908
265.7437
259.6407
269.3727
267.0551
267.0551
268.3759
269.0398
271.3827
275.4689
275.4689
273.4146
281.0591
279.6460
282.4828
283.9172
278.5930
282.1259
284.2775
287.1841
289.7638
293.1314
290.1351
293.8877
292.3780
300.4355
298.8755
299.6541
301.2203
299.6541
303.1955
302.7989
303.9911
305.9937
310.8820
311.2947
318.0123
306.8004
317.5861
317.1606
319.2963
312.1226
322.7593
325.3942
324.0726
327.1692
329.4089
329.8598
324.5123
332.5844
331.2178
333.0417
319.2963
371.9720
333.0418
335.3436
334.8813
331.2177
340.4948
340.4948
341.4445
344.3184
342.3984
348.2089
348.2089
345.2846
343.3563
348.7000
342.3984
351.1719
342.3984
348.7000
350.1800
348.7000
350.6754
351.6695
345.2846
358.2401
354.6785
355.1840
358.2401
362.3793
352.6681
362.9021
366.0631
360.3004
365.5333
363.9509
359.2680
365.0046
365.5332
363.4259
367.1264
373.0625
370.8865
374.7076
373.6096
379.1512
371.4286
375.8107
375.2586
380.2751
373.6096
370.3457
368.7305
375.2585
380.2751
377.4751
383.6787
388.8755
382.5388
382.5389
383.1081
383.1081
383.6787
383.6787
386.5522
385.9747
381.4043
383.6787
392.9955
392.9955
389.4598
400.8340
388.8756
388.2927
421.8978
397.7898
387.7110
396.5825
391.2213
391.8113
402.0620
401.4472
397.1855
400.8340
401.4471
397.1855
398.3957
402.6783
405.1587
403.2961
392.4028
406.4081
399.0030
405.7827
392.4027
413.3918
402.6783
408.9256
405.1587
408.9255
401.4472
411.4681
412.7490
408.9256
404.5363
405.7827
405.1587
407.0352
405.7827
405.1587
410.1936
410.1937
410.8301
414.6823
414.6823
421.2336
409.5588
423.2316
412.1077
401.4471
411.4681
410.1936
405.7827
413.3917
415.9793
413.3917
413.3917
415.3300
423.9010
418.5933
415.3300
419.2507
419.9101
416.6303
423.2316
415.3300
421.2336
416.6303
417.2829
410.1936
413.3917
422.5639
421.8979
424.5721
419.2508
412.1077
417.9373
409.5588
418.5933
413.3917
410.8300
419.2508
423.9009
421.2336
422.5639
422.5639
424.5721
429.3184
416.6304
424.5721
421.8979
421.2335
421.8979
425.2450
424.5720
404.5363
422.5639
427.9536
421.8979
423.2315
425.2450
426.5958
412.7490
425.9195
423.2316
413.3917
427.9536
422.5639
427.2739
420.5710
425.2450
421.2335
421.2336
422.5639
423.9010
431.3791
424.5721
418.5933
419.9100
439.7843
421.8979
417.2830
430.0036
427.9536
403.2961
427.9536
425.9194
421.2336
414.0363
432.0694
431.3791
427.2739
434.1516
420.5710
426.5958
427.9536
425.2450
427.2739
422.5639
424.5720
421.2336
428.6351
424.5721
422.5638
421.8978
418.5931
434.1516
420.5710
436.2500
427.2738
435.5487
427.9536
421.8978
430.0036
434.8491
422.5638
423.9010
421.2335
434.8492
428.6352
430.6903
428.6351
425.2449
418.5932
430.6903
433.4557
419.9100
435.5487
427.9536
423.9010
434.1516
434.1516
432.7617
439.7843
417.9372
423.2316
425.9195
422.5638
433.4557
429.3185
434.8492
434.8492
430.0036
426.5957
427.2739
432.0695
432.7617
425.9195
443.3654
427.2739
430.6904
423.2316
421.8979
433.4557
423.9009
421.2335
429.3184
421.8979
422.5639
414.6824
436.9532
421.8979
432.0695
433.4557
428.6351
424.5721
421.8979
434.1516
431.3791
425.9195
420.5709
436.2500
424.5721
433.4557
434.1516
464.3322
430.0035
439.7843
439.0736
430.0036
465.1111
432.7617
430.6904
430.0035
421.2335
418.5933
432.7617
429.3184
442.6454
430.0035
435.5487
427.9536
434.8492
432.0695
434.8492
430.0035
434.8491
432.7617
430.0036
430.6904
420.5709
424.5720
427.9536
429.3184
430.6904
432.0694
463.5556
432.0695
419.2508
426.5957
431.3791
429.3184
432.0695
423.9010
422.5638
444.8113
443.3654
423.9009
428.6352
435.5486
417.2829
441.2111
436.9532
434.8491
427.9536
439.7842
423.2316
430.0035
422.5638
428.6351
434.8492
436.9531
436.9532
433.4557
425.9195
441.9273
429.3184
427.2739
430.6904
433.4557
442.6453
425.2449
430.0035
426.5958
423.2315
434.1516
435.5486
424.5720
441.9273
434.8491
432.0695
421.8978
423.9010
430.6903
422.5639
437.6581
432.0694
419.2508
436.2499
433.4557
424.5720
432.0695
430.6904
434.8491
421.8978
427.9536
423.2316
440.4967
431.3791
434.8492
441.2111
432.0694
439.0737
460.4704
436.2500
410.1937
440.4967
446.9945
432.0694
433.4556
437.6581
441.9273
427.9536
430.0036
432.0695
437.6581
441.2112
434.8492
437.6581
447.7263
434.1516
432.0695
430.6904
427.2738
432.0694
422.5638
432.0695
442.6454
432.0694
425.9195
432.0695
429.3184
429.3185
435.5486
419.9100
430.6904
452.1574
439.0737
426.5957
443.3654
414.6824
434.1515
440.4967
434.1516
433.4557
440.4967
439.0736
430.0036
422.5638
429.3184
434.1516
432.0695
425.9194
434.8492
432.7617
431.3791
441.2110
465.1111
434.8491
443.3654
441.2110
432.7617
436.9532
439.0736
445.5370
431.3790
405.7827
431.3790
440.4967
436.9531
436.9531
434.8492
427.2738
440.4966
439.7842
432.0694
444.8113
445.5370
432.0695
432.0694
445.5370
437.6581
441.9273
431.3790
433.4556
430.6903
436.9532
444.8113
439.0737
434.1516
436.2499
432.0695
430.6903
429.3184
435.5487
410.1936
427.9536
421.2336
434.1516
438.3650
436.9532
441.9273
433.4556
435.5487
439.0737
434.8492
437.6581
434.8492
432.7617
434.1516
442.6454
423.9009
423.9010
431.3790
440.4967
432.0695
435.5486
441.9273
487.8246
444.0875
437.6581
434.1516
434.1516
428.6351
432.7617
434.1516
431.3791
449.9329
459.7043
436.9532
433.4556
438.3650
434.1516
436.2500
432.0695
435.5486
429.3184
432.7617
423.2316
441.9273
432.7617
430.0036
433.4557
443.3654
427.2738
471.4195
430.6904
434.1516
441.2110
429.3185
432.7616
441.9273
435.5487
442.6454
439.0736
442.6454
444.8113
440.4966
425.9195
425.9195
439.0737
439.0737
434.1515
423.2315
431.3790
433.4556
433.4557
434.8492
414.6823
440.4966
432.0695
433.4556
444.0874
436.2500
434.1515
432.7616
436.9532
430.6904
436.9531
434.1515
431.3790
442.6454
427.9536
441.9272
439.7842
451.4140
436.2499
428.6351
417.2829
439.7843
441.9272
429.3184
441.9273
445.5372
446.2650
439.7843
436.2500
432.7616
441.9272
430.0036
423.2316
436.2500
443.3654
423.9009
429.3184
430.6903
427.2738
434.8491
433.4556
414.6823
439.0737
439.7842
441.2111
441.2111
435.5487
434.8492
437.6581
435.5486
434.1515
440.4966
438.3649
444.8113
441.9273
432.0694
430.6903
438.3650
445.5370
425.2449
442.6454
433.4557
439.0737
430.0036
435.5487
441.9273
432.0695
427.9536
446.2648
439.7843
444.0874
444.8113
434.8491
443.3654
433.4556
428.6351
447.7261
434.1516
426.5957
430.6904
441.2110
428.6351
425.9195
439.0737
436.9532
426.5957
440.4966
446.9946
437.6581
431.3790
459.7043
441.2111
434.8492
437.6581
430.0035
443.3654
437.6581
445.5370
443.3654
438.3650
444.8113
440.4967
433.4556
443.3654
436.9532
444.0874
429.3185
425.9194
436.9531
434.8492
431.3791
439.0737
437.6581
437.6581
439.7842
423.2316
436.2500
441.2111
443.3654
433.4556
437.6581
440.4967
441.2111
443.3654
441.2111
434.1515
439.0736
442.6453
436.2499
439.0736
439.7842
427.9536
446.9947
425.9194
434.8492
435.5487
435.5487
437.6581
439.0737
425.2450
440.4967
439.0737
429.3184
425.2449
422.5639
431.3791
436.2499
443.3654
412.7490
439.0737
435.5487
439.7842
437.6581
441.2111
436.9531
434.1516
430.6904
433.4556
431.3791
438.3650
415.3300
435.5487
451.4140
434.8491
434.1516
442.6454
436.2500
436.2500
438.3650
430.6903
431.3791
435.5486
431.3791
439.0737
440.4967
438.3650
439.0736
441.2110
434.8492
424.5720
438.3650
441.2110
432.0694
441.9273
444.8113
436.9531
444.8113
441.9273
435.5487
432.7616
441.9273
427.2738
439.0737
435.5486
439.0737
427.9536
444.0874
432.0694
436.9531
452.9030
435.5487
442.6454
430.6904
440.4966
428.6352
433.4556
441.9272
444.0875
435.5487
438.3649
437.6581
441.9272
446.2648
438.3649
442.6453
441.2111
436.9532
436.9531
439.7843
434.1515
445.5370
432.7616
440.4967
445.5373
469.8292
438.3650
434.8491
433.4557
444.0874
431.3790
444.0874
436.2499
474.6268
444.8113
434.8492
454.4001
439.0736
432.0694
427.2739
435.5486
442.6454
429.3184
427.2738
429.3184
437.6581
432.0694
441.2110
446.9947
439.7843
434.8491
440.4967
442.6453
436.9532
436.9532
441.2110
441.9273
431.3791
438.3650
441.9273
444.0874
440.4967
445.5370
445.5370
430.6903
432.0694
439.0737
438.3650
436.9532
435.5486
433.4557
436.2499
425.2449
437.6581
429.3185
445.5370
445.5370
434.1516
444.8113
446.2649
436.2500
441.9273
441.9272
438.3650
435.5487
443.3654
436.2499
442.6454
443.3654
446.2650
436.2499
446.9945
436.2500
444.0874
439.7842
435.5486
439.7842
438.3649
439.7842
445.5370
436.2499
440.4967
446.9947
445.5370
438.3649
435.5487
439.0737
436.9531
437.6581
430.6904
423.2316
441.2111
441.9273
432.7616
432.7617
432.0694
439.0737
429.3185
436.9532
437.6581
443.3656
436.2500
441.9273
436.9532
441.9272
456.6610
438.3650
446.9947
446.2650
432.7616
434.8491
463.5556
441.9272
432.0694
449.9329
433.4556
444.0874
434.8492
444.8113
445.5370
440.4966
433.4557
438.3650
437.6581
433.4557
444.0874
430.6903
442.6453
439.7842
434.8492
436.2500
440.4966
438.3650
436.9531
438.3649
426.5958
436.9532
441.2111
437.6581
430.0035
446.9945
438.3649
446.9945
435.5486
445.5370
440.4966
446.9947
439.0736
431.3791
445.5373
434.1516
427.9536
441.9272
446.2648
442.6453
437.6581
440.4967
438.3649
444.8114
427.2739
425.2450
442.6454
441.9273
434.1516
433.4557
444.0875
444.8113
437.6581
448.4598
438.3650
439.0736
431.3791
439.7843
432.0694
444.8113
439.0737
437.6581
443.3654
435.5487
432.0695
441.2110
437.6581
428.6351
443.3654
441.2111
427.2738
444.0874
447.7262
439.7843
443.3654
427.9536
450.6725
446.2648
435.5486
439.7843
421.2336
442.6454
444.0874
447.7262
423.9010
426.5958
421.2335
443.3654
440.4966
442.6453
443.3656
445.5370
439.0736
441.2111
439.0737
436.9531
427.2738
415.9793
428.6351
432.7616
442.6453
441.2111
429.3184
500.7602
439.0736
429.3184
445.5370
435.5486
439.7843
437.6581
444.0874
431.3791
441.9273
445.5370
435.5486
457.4187
452.9030
427.9536
434.1516
439.7844
458.1785
433.4557
430.6903
430.0035
436.2499
428.6352
429.3185
434.8492
417.9372
437.6581
451.4140
449.1953
458.9404
420.5709
440.4967
444.0874
446.9945
444.8113
441.2110
443.3654
446.9945
434.1516
431.3791
446.9947
426.5958
437.6581
435.5487
434.8491
434.8492
433.4557
436.9532
440.4966
445.5370
439.7842
432.0695
436.2499
439.0736
439.0736
442.6454
444.0874
430.0035
430.6903
423.9010
435.5487
430.6904
410.8300
435.5487
434.8492
438.3650
440.4966
434.8492
422.5639
436.9532
424.5720
423.9009
433.4557
444.0874
436.2499
453.6505
437.6581
441.2110
436.9532
435.5487
441.2111
436.9532
444.0874
443.3654
432.0694
436.2500
434.1515
444.0874
435.5486
439.7843
429.3184
439.7842
430.0036
442.6454
438.3649
434.1515
445.5372
448.4599
430.6904
439.7843
445.5370
437.6581
436.9531
434.1516
456.6610
439.0738
439.0737
441.2111
434.1516
437.6581
485.3042
453.6505
441.9272
432.0694
438.3650
432.7617
437.6581
443.3654
444.8113
438.3649
439.7843
436.2500
445.5370
432.7616
441.9272
443.3654
446.2650
434.8492
432.7617
437.6581
443.3654
440.4966
427.9536
439.0736
432.7617
419.2509
440.4967
445.5373
441.9272
433.4556
428.6351
434.8492
432.7617
434.1516
441.9272
439.7843
421.8979
437.6581
436.9532
432.7616
447.7263
444.0874
430.6904
419.2508
440.4967
434.1515
439.0736
441.2110
434.8491
435.5486
436.9532
438.3649
429.3184
442.6454
444.0874
434.1516
433.4556
436.2500
404.5363
441.2110
434.1516
446.2649
429.3185
441.2111
439.7843
443.3654
432.7616
432.7617
433.4556
441.9273
440.4967
430.6904
441.2110
434.8491
439.0736
435.5487
434.8491
437.6581
433.4557
432.0695
430.0035
435.5487
445.5370
432.0694
422.5639
441.2110
424.5720
427.2738
443.3654
427.9536
439.7842
431.3791
434.1515
436.9531
440.4967
432.0695
440.4967
428.6351
443.3654
441.2111
436.2500
436.2500
431.3791
434.1516
433.4557
444.8113
440.4967
434.8491
433.4557
454.4001
446.9945
432.0695
439.0738
441.2110
436.2500
433.4557
439.0736
452.1575
435.5487
433.4557
441.9273
441.2110
442.6453
441.9272
443.3654
440.4967
441.9273
440.4967
425.2450
415.9793
439.0736
444.0874
449.1954
441.2110
441.9273
445.5370
433.4556
438.3649
444.8113
425.2450
430.0035
451.4139
446.2648
434.8491
456.6610
449.9330
434.8492
442.6455
443.3654
444.0874
435.5486
441.2110
432.0694
421.8979
410.8300
439.0737
439.0737
432.0694
439.0737
432.0695
431.3790
442.6455
433.4557
434.1515
432.7616
442.6453
434.8492
439.0736
462.0088
432.7617
430.6904
430.6904
433.4556
444.8113
446.9945
444.8113
425.9195
441.9273
436.2499
436.9531
426.5957
434.8491
436.9532
441.9272
431.3791
432.0694
444.8113
440.4967
445.5370
422.5638
439.7843
436.9531
422.5639
442.6454
436.9532
434.8492
441.2111
442.6453
433.4557
451.4140
441.9273
436.2500
425.9194
440.4967
442.6453
434.8491
434.1515
436.9531
438.3649
435.5487
432.7616
464.3323
432.0695
441.2110
435.5487
443.3654
430.6903
437.6581
427.2739
442.6454
445.5370
434.8492
446.2648
439.7843
432.0695
441.2110
434.8491
439.7843
439.7843
455.9053
434.1515
436.9531
486.1419
438.3650
446.9947
432.7616
439.0737
437.6581
428.6351
425.9194
433.4556
439.7843
434.8491
442.6454
441.9272
432.0694
433.4556
427.9536
436.9532
441.2110
423.2315
434.1516
400.2221
423.2316
439.0736
434.1516
439.7843
430.0036
435.5486
436.9532
435.5487
441.9272
439.0737
431.3790
436.2500
437.6581
397.1855
426.5957
434.1516
426.5958
441.2111
431.3791
432.0694
432.0694
441.2111
441.2111
444.8113
434.1515
439.7842
426.5957
432.0694
447.7261
443.3654
415.3301
439.0737
427.9536
430.6904
443.3654
432.0695
429.3184
432.0695
426.5958
444.0874
422.5639
432.0694
437.6581
434.8491
443.3654
430.6904
441.9272
421.8978
444.8113
444.8113
439.0736
436.2500
427.2739
433.4556
429.3185
440.4967
432.0695
448.4598
430.0036
440.4966
439.7843
437.6581
440.4967
432.0695
441.9272
435.5486
435.5487
440.4966
434.8492
438.3650
436.9532
436.9532
427.9536
445.5370
434.1516
432.7617
428.6352
440.4967
436.2500
444.8113
429.3185
439.0737
430.6904
427.9536
440.4967
432.7616
434.1516
436.9531
429.3184
434.1516
444.0874
444.0874
440.4967
444.8113
438.3650
431.3790
432.0694
428.6351
444.8113
432.0694
437.6581
437.6581
433.4557
434.8491
434.8491
421.2335
400.8340
425.9194
437.6581
435.5486
436.2499
433.4557
433.4557
437.6581
436.2500
440.4967
433.4556
427.2738
428.6352
441.9273
436.2499
436.9532
439.7843
434.1516
441.2111
428.6352
439.7843
425.2449
431.3790
436.2500
435.5486
441.9273
433.4556
428.6351
434.1516
436.9532
434.1515
429.3185
436.2500
423.9009
421.8979
436.2500
441.2110
431.3790
435.5487
429.3184
432.7617
432.0694
437.6581
425.2449
436.9531
439.7842
443.3654
432.7617
439.0737
441.2111
427.2738
445.5370
434.8492
440.4967
430.0035
432.0695
439.7843
428.6351
444.0874
432.7616
430.6903
430.0036
434.8492
444.8113
436.2500
436.9532
436.2500
430.6904
429.3184
436.9532
438.3650
436.9532
435.5487
433.4557
446.2650
440.4967
446.2649
443.3654
426.5957
437.6581
436.2500
438.3650
430.6904
429.3185
425.2449
444.0874
433.4557
430.0035
432.0694
441.2111
423.2316
436.9532
436.9532
439.7843
439.0737
431.3791
440.4967
426.5957
430.6903
430.0035
425.2449
434.8491
430.0036
429.3185
425.9194
425.9195
420.5709
429.3185
433.4556
434.8492
430.6904
426.5958
433.4556
431.3790
430.6904
431.3791
430.6903
432.0695
410.8300
429.3184
436.2500
430.0036
426.5958
437.6581
433.4556
424.5721
423.9010
444.0874
420.5709
434.1515
435.5486
432.7616
428.6352
425.2449
449.9329
430.0036
435.5487
442.6453
430.6903
428.6352
434.8492
429.3184
433.4556
436.2499
425.2450
432.7617
423.2315
425.9195
423.9009
432.0694
432.0695
427.2738
435.5487
431.3790
443.3654
440.4967
432.7617
427.9536
428.6352
434.1516
429.3185
443.3654
427.2738
421.2336
426.5958
430.0036
417.9373
424.5721
446.9947
448.4599
416.6304
424.5721
432.7617
424.5721
431.3791
422.5639
427.9536
419.2508
433.4556
429.3185
430.6903
441.9272
419.2508
430.0036
436.2499
433.4557
420.5710
436.9532
429.3185
421.8979
427.2738
430.0035
432.0695
434.8492
429.3185
419.9100
442.6454
434.8492
426.5958
430.6903
420.5709
441.2111
423.9009
419.9100
460.4703
427.9536
428.6352
430.6904
435.5486
438.3649
430.0036
432.7617
435.5487
423.9009
423.9009
423.2316
439.0737
436.9532
432.0694
419.9100
436.2500
425.9194
420.5709
432.0695
424.5721
436.2499
415.9794
421.2335
440.4967
439.0736
418.5932
423.9009
436.9532
436.2500
415.3300
433.4557
424.5721
430.6904
428.6352
432.0695
429.3185
423.9010
424.5721
449.1954
425.2449
427.9536
421.8978
430.0035
427.2739
433.4557
428.6351
424.5720
434.1516
419.9100
416.6304
423.9010
421.2335
432.0694
421.8979
427.2739
427.2739
423.2316
419.9100
419.2508
428.6352
439.0737
425.2449
424.5720
429.3184
417.9373
422.5639
424.5721
421.8979
422.5639
420.5709
419.2509
417.9373
451.4139
420.5709
418.5933
421.8978
418.5931
416.6303
423.2316
418.5933
414.0362
424.5721
414.6823
420.5709
427.2739
415.3300
427.9536
420.5710
423.9010
422.5639
424.5721
421.8979
425.2449
435.5487
423.9009
421.8979
419.2508
415.9793
418.5933
419.9100
432.0695
420.5709
427.2739
425.9195
427.9536
428.6352
419.2509
418.5932
453.6505
424.5720
415.3300
417.9372
422.5639
422.5639
421.2335
415.9793
412.1078
414.6823
423.2315
423.9009
419.2508
414.0362
424.5720
419.2508
425.9195
419.9100
416.6304
426.5957
420.5710
429.3185
421.8979
429.3185
414.6823
409.5587
411.4681
419.2508
416.6303
423.2316
419.2508
419.9101
418.5933
420.5709
406.4081
418.5932
421.2335
405.7826
410.8300
410.1936
412.7489
411.4682
407.6636
411.4681
411.4681
415.9793
410.1936
408.2939
412.7490
417.2830
410.8300
410.1937
402.0620
413.3918
405.7827
410.1937
414.6823
405.7827
408.9255
402.0620
415.9793
419.9101
407.6636
403.2961
416.6303
408.9255
399.6118
407.0352
402.0620
412.1078
400.8339
397.7898
408.2939
414.0363
391.2213
402.0620
437.6581
407.6637
405.1587
400.8339
412.7490
410.1937
367.1263
400.2222
401.4471
403.9155
397.1855
396.5826
391.8113
404.5363
402.0620
407.0352
386.5522
396.5826
397.1855
394.7826
400.8340
393.5897
376.3643
390.0457
391.8114
388.2926
397.1855
396.5826
388.8756
390.6328
374.1580
384.2507
384.2506
384.8239
384.2506
385.3987
382.5389
387.7111
381.4043
390.6328
388.8756
381.4043
384.2507
382.5388
382.5389
392.9955
377.4752
385.3987
377.4752
383.1081
385.3987
383.1081
374.7076
380.2751
385.3987
381.9709
373.0624
373.6096
376.9191
374.7076
382.5389
371.4286
372.5165
374.1580
379.7125
366.0631
366.5941
366.0630
372.5165
365.0046
371.9720
358.2401
366.0631
355.6904
359.2679
356.7069
363.9509
362.3794
362.9020
384.2507
360.3005
365.0046
371.4285
357.7278
356.7069
356.7069
361.3376
352.6681
357.2169
351.6696
365.5333
349.1922
355.6905
350.1798
338.6076
349.1922
343.3562
350.6753
341.4445
338.1384
340.0215
345.7694
340.0215
340.0215
339.0779
341.9210
339.5492
340.9692
341.9210
337.2028
330.3115
339.0779
333.5002
330.7641
325.8366
333.5002
319.2963
337.2028
332.1278
332.1279
326.2799
324.5123
325.8366
322.3233
352.6681
330.7640
325.3942
321.0207
319.7261
339.5492
323.6340
315.8896
309.6489
308.8310
311.2947
308.0163
307.2049
311.2947
304.7898
306.3966
305.9937
301.6138
303.9911
306.8004
302.7989
296.9421
292.3781
293.5092
297.3273
298.0999
292.3781
287.5506
290.1351
293.8877
292.0024
286.4534
284.2775
284.2774
279.2943
286.4533
282.4828
277.5459
273.7554
279.9983
277.1982
275.1249
275.4689
275.4689
274.4389
270.7102
271.0462
270.0403
268.0448
268.7076
266.3982
259.0101
264.1177
264.4418
266.3983
261.8654
262.8272
260.5908
263.7942
260.5908
258.0684
257.4433
259.3252
257.7556
253.7380
250.1088
251.3102
250.1088
248.9156
267.3843
243.6451
241.6382
242.2092
246.2603
243.6451
242.7821
241.9234
240.2190
238.5315
238.2518
232.4845
237.9727
231.6766
231.1402
230.3388
230.0725
226.1295
229.2763
228.4839
225.3521
228.2207
225.0939
220.0128
222.7876
221.2681
221.2681
218.5193
220.0128
219.5134
216.5496
215.8172
213.4001
215.8172
213.6402
211.0198
210.7837
209.1414
207.5164
209.3750
208.4429
203.4151
201.8495
200.7411
197.6804
203.8653
200.9621
196.6024
198.1139
195.7455
196.6024
193.6249
191.5345
194.0466
189.4737
190.5004
186.2362
189.6785
186.8377
186.8378
183.6587
185.0408
185.2394
179.9739
180.9343
180.1655
180.5494
178.2617
178.2617
177.6956
172.1588
171.9780
171.4371
171.9780
171.9780
173.0662
168.5886
168.5886
165.2827
165.4547
167.7107
166.8385
162.2249
162.3930
160.3908
161.0548
163.0672
160.2253
158.2560
155.9957
157.6061
155.0391
154.0896
151.7465
152.9907
153.6175
153.6175
156.1558
157.7682
161.5550
160.0601
160.7223
161.3880
165.2827
163.7450
168.7649
168.7649
171.9780
171.6172
175.6395
177.3195
175.8251
179.4008
180.5493
180.3573
184.8425
185.6373
184.6445
190.5004
190.0889
193.2045
195.5321
195.5321
193.4145
198.5485
202.2951
202.7421
203.4151
212.6822
208.2108
205.9083
208.2107
207.5164
209.8432
213.6402
218.5193
216.3051
216.0609
219.5134
222.0260
221.2681
224.3215
226.3894
227.6953
231.4082
233.2963
231.1402
231.9455
237.1380
236.8606
241.0691
240.7853
242.2092
242.2092
244.2229
246.5533
246.8468
247.7304
251.3102
253.1279
254.9645
254.9645
259.3252
258.6957
259.0101
259.6408
261.5459
260.2736
265.4174
260.9086
265.7437
274.4389
271.7198
271.0462
271.0462
273.0744
266.0707
272.7348
274.7816
278.5930
281.4140
279.6460
278.5930
281.7696
286.4534
283.9172
288.2855
289.3931
293.8877
287.9177
290.5072
289.3931
288.2855
298.4873
300.0445
296.5577
305.9937
307.2048
308.0163
305.9937
309.6490
308.8310
305.9937
334.4200
311.2947
311.2947
313.7883
306.3966
318.8675
318.8674
324.5123
310.4701
320.1567
328.5103
317.1606
323.6340
330.3114
328.5102
333.9596
323.1962
331.2177
330.3115
340.0215
333.9596
333.5002
343.3563
334.4200
337.6700
341.9210
339.0779
337.6700
340.9691
349.1922
338.1384
344.8010
345.7694
346.7420
353.1690
345.2846
347.7189
350.1799
358.7535
352.1683
348.7000
350.6754
355.1839
359.2679
374.1580
362.3794
365.0046
369.8060
354.6785
370.3456
363.4259
370.3457
372.5165
384.8240
367.6598
373.0624
371.4286
372.5165
370.8866
373.0625
371.9720
370.8866
379.1512
366.0631
373.6096
384.8239
377.4752
384.2507
381.4043
384.2507
381.4043
376.3643
378.5911
387.7111
388.8756
387.7110
388.2926
384.2507
383.1081
392.9955
378.5911
386.5521
383.1081
380.2751
390.0456
391.8113
391.2213
391.2213
391.2213
385.3986
400.2221
401.4472
400.2222
403.2961
383.6787
392.9955
394.7826
397.1855
392.4028
414.0363
402.0620
399.6119
396.5825
405.1587
405.7827
394.7825
408.2938
407.6637
401.4472
403.9155
401.4472
402.6783
401.4471
412.1077
400.2221
414.0363
415.3300
414.0363
413.3918
408.2939
410.1937
410.8300
404.5363
407.6637
413.3918
408.9256
408.9255
402.0620
421.8979
410.1936
419.9100
420.5710
407.0351
409.5587
412.1078
406.4081
407.0351
410.8301
410.8301
423.9010
418.5933
415.9793
413.3918
415.3300
412.1078
408.2939
405.7826
422.5639
418.5933
410.8300
416.6304
419.9099
413.3918
421.8979
435.5487
426.5958
427.2739
421.8979
409.5587
414.6823
423.9010
410.8300
418.5933
419.2509
412.7490
415.3300
425.9195
410.1936
413.3918
413.3918
412.7491
413.3918
419.9101
414.0363
422.5638
418.5933
421.8979
426.5958
417.9373
419.9101
419.9100
425.2450
416.6303
417.9373
423.2316
422.5639
423.9010
420.5710
421.8979
423.9010
412.7489
405.7826
422.5639
421.2335
422.5639
412.7489
421.2336
426.5958
425.9195
415.9793
424.5721
420.5709
424.5721
410.1936
419.9101
419.9101
424.5721
419.9100
424.5721
418.5932
416.6304
425.2449
434.8492
420.5709
431.3790
423.2316
423.2316
412.1077
422.5639
425.2450
428.6352
421.2336
422.5638
437.6581
420.5710
423.9010
419.9100
423.2316
434.1516
426.5957
434.1516
420.5710
419.2508
416.6304
432.7617
425.9195
420.5710
409.5588
434.1515
414.6823
417.9373
421.2336
432.0694
427.2739
425.9195
428.6351
429.3185
418.5933
428.6351
437.6581
434.1516
412.1077
428.6352
429.3184
428.6352
425.9194
428.6352
425.2450
436.2500
423.9010
430.6904
434.1516
420.5709
420.5710
419.2508
434.1516
426.5958
421.2335
427.2738
421.2336
429.3185
438.3650
432.7617
431.3790
419.9100
436.2500
419.9100
430.6904
420.5709
422.5639
428.6351
423.2316
419.2509
444.0874
422.5639
424.5721
432.7617
425.9194
422.5639
423.9010
432.7617
432.0695
421.2335
422.5639
425.9194
441.2110
434.8492
437.6581
432.0694
423.2316
435.5487
427.9536
423.9010
431.3791
421.2335
418.5933
425.9195
433.4557
425.9195
430.0035
427.2738
421.2335
423.9010
432.0695
427.9536
430.0035
425.2450
435.5487
423.2316
417.2830
430.6904
434.8492
425.2449
434.1516
425.2450
427.2739
446.2649
425.9195
423.9009
421.8978
444.8113
427.2739
420.5709
427.9536
427.9536
429.3185
426.5958
432.0695
425.2450
430.6904
423.2316
437.6581
426.5958
421.2335
470.6231
425.2449
423.2316
435.5486
427.9536
436.9532
435.5487
427.9536
434.1516
439.7843
435.5487
426.5957
432.0695
423.2315
444.0874
430.6903
423.9010
434.1516
436.9532
423.9010
430.6903
436.2500
439.7842
434.8491
434.1516
432.0695
433.4556
425.9194
445.5370
440.4967
428.6351
429.3184
432.0694
438.3649
437.6581
429.3185
419.2508
430.6903
427.9536
424.5720
434.1516
439.7842
427.9536
465.8920
441.2111
430.6904
434.1515
429.3184
434.8491
435.5487
459.7043
430.6903
435.5487
426.5958
429.3184
432.0694
429.3185
432.7616
436.9531
425.9194
434.1515
436.9531
431.3790
434.1516
432.7617
426.5958
433.4557
434.1515
429.3185
430.6904
432.7617
433.4556
421.8978
419.2508
429.3185
439.0736
447.7261
421.8978
428.6351
430.6904
437.6581
425.9195
425.2449
438.3649
436.9532
431.3791
433.4557
428.6352
431.3790
438.3649
435.5487
430.0036
434.1516
432.0695
446.9947
442.6455
424.5721
426.5957
427.2738
426.5958
436.9532
441.9273
434.1516
432.0694
439.0737
419.2507
436.2499
431.3790
436.9532
436.9532
434.1515
436.2500
441.2110
425.2449
439.0737
433.4557
434.1516
430.0035
430.6904
441.2111
460.4704
441.2111
441.2110
432.7617
427.2739
439.0736
443.3654
433.4557
430.0035
433.4557
435.5487
429.3185
432.7617
443.3654
444.8113
429.3185
425.2449
439.0737
430.6903
445.5373
439.7843
434.1516
433.4556
430.0035
441.9273
426.5957
420.5709
434.1516
436.2500
435.5487
427.2738
436.9532
432.0695
423.9009
434.1516
435.5487
438.3650
429.3184
441.9273
425.9195
423.9009
434.1515
436.2500
430.6904
421.8979
436.2499
434.8491
432.7617
433.4556
424.5721
436.2499
433.4556
445.5370
431.3790
440.4967
430.0035
433.4557
436.9532
431.3790
437.6581
436.2500
444.8113
438.3650
421.2335
430.6904
437.6581
434.1516
438.3650
430.0035
413.3918
441.9273
429.3184
429.3184
432.0695
423.2315
437.6581
432.7616
442.6453
449.1954
439.0736
427.2738
435.5486
434.1516
437.6581
444.8114
432.7617
477.8706
447.7263
438.3649
431.3790
432.0694
412.7489
446.9947
441.2111
431.3790
440.4967
422.5639
437.6581
432.7616
447.7261
435.5487
429.3184
440.4966
430.6903
439.0737
446.2649
427.9536
430.0035
424.5720
427.2739
452.9030
442.6453
430.6903
431.3790
432.0694
439.0736
436.2500
437.6581
432.7617
443.3654
436.9532
432.0695
461.2385
444.0874
435.5487
435.5487
437.6581
433.4556
436.9532
433.4557
444.8113
431.3790
437.6581
438.3650
441.9272
442.6455
435.5487
452.9029
439.7843
422.5639
434.1516
434.1515
435.5487
430.6904
439.7842
436.9531
436.2499
468.2477
437.6581
430.6903
439.0737
432.7616
431.3791
436.9532
431.3790
441.2111
437.6581
441.9273
441.9272
439.7842
439.0737
432.7617
455.1516
436.2499
441.9273
439.7843
426.5957
440.4967
439.0737
434.8491
440.4967
444.0874
441.9273
438.3649
436.2500
430.6904
446.9945
441.9272
438.3650
436.2500
441.9273
425.2449
434.8491
446.9946
431.3791
437.6581
441.2110
422.5638
440.4967
442.6453
431.3790
445.5373
431.3790
434.8492
442.6454
442.6454
430.0035
433.4556
447.7261
429.3185
442.6454
432.7617
434.1516
431.3790
434.1516
434.1516
446.9945
434.8491
432.7616
441.9273
435.5486
439.7843
420.5710
441.2110
434.1516
436.2500
449.1954
439.0737
436.9532
432.0695
443.3654
428.6351
466.6750
444.0874
435.5487
436.9532
444.0874
431.3790
441.2111
441.2111
448.4599
427.9536
442.6454
423.2316
434.8491
437.6581
425.2449
430.6903
423.9009
434.1516
458.9403
433.4556
445.5370
436.9532
432.7617
436.2499
434.8492
434.1516
432.7617
441.9273
437.6581
440.4966
441.9273
442.6454
441.2110
445.5373
425.9194
441.9272
433.4557
421.8978
434.1516
447.7262
436.2500
442.6454
434.8491
443.3654
422.5638
432.0695
424.5721
446.9945
442.6453
422.5639
446.9945
436.2499
444.0874
441.9273
427.9536
427.2738
439.0737
444.0874
430.6904
425.2450
430.0035
446.9946
444.0874
433.4557
433.4556
430.0035
436.2500
436.2499
422.5638
441.2110
432.0695
425.2449
436.2499
439.0736
424.5720
429.3184
438.3649
441.9273
440.4966
439.0736
440.4966
429.3184
430.6903
437.6581
431.3790
419.9101
438.3650
420.5709
430.0036
434.8491
445.5370
440.4966
433.4556
420.5709
433.4556
442.6454
440.4966
434.1516
446.2648
432.0694
434.1516
458.9404
439.0737
437.6581
447.7263
435.5486
442.6454
435.5486
437.6581
446.2649
440.4966
429.3185
436.2500
435.5487
424.5721
436.2500
442.6454
444.0874
427.2738
424.5721
473.0185
437.6581
437.6581
439.0737
442.6454
445.5372
440.4967
438.3650
443.3654
431.3791
444.0874
444.8113
458.9404
444.0874
440.4967
439.0737
454.4001
436.9532
434.1515
434.1515
448.4597
441.9272
442.6454
441.2111
427.2738
436.9531
441.9272
433.4557
440.4966
444.8113
434.1516
439.0737
423.2316
444.0874
444.8113
439.7842
430.0035
441.9272
444.8113
440.4966
439.7842
423.9009
436.9532
441.9272
444.0874
444.8113
428.6351
423.9010
443.3654
443.3654
434.8492
436.9532
439.0736
441.2111
427.9536
443.3654
436.2500
425.2450
440.4966
432.0694
428.6351
441.9272
443.3654
427.2739
426.5958
441.2110
432.0694
434.8491
436.9532
436.2500
429.3184
420.5709
434.1515
440.4967
430.6904
434.1516
444.0874
440.4967
431.3790
441.9273
441.9272
435.5487
432.0695
445.5370
432.7616
424.5721
444.8113
441.9272
432.0694
444.8113
442.6454
452.1575
433.4556
434.8492
438.3649
444.0874
434.1515
446.9947
436.2500
444.8114
439.0737
441.2110
446.9947
441.9273
449.1954
440.4967
439.0737
430.0035
446.2650
456.6610
441.9272
447.7261
444.0874
442.6454
430.0035
434.8491
436.2499
449.1954
446.9945
431.3791
444.0875
449.1954
454.4001
434.1516
436.9532
442.6453
437.6581
439.0737
439.0736
458.9403
436.9532
406.4081
434.8492
444.0874
435.5486
429.3184
436.9532
435.5487
449.1954
446.2650
444.8113
446.9945
434.8492
448.4599
441.9273
441.2110
432.0694
440.4966
450.6725
440.4967
442.6454
444.0874
440.4967
444.8113
439.0736
455.1517
437.6581
448.4598
445.5370
436.2500
446.2648
437.6581
444.0874
442.6454
455.1517
437.6581
445.5370
439.0737
436.9531
437.6581
444.0874
436.2500
440.4967
455.9053
434.1515
449.9330
444.0874
432.7616
433.4557
441.9273
434.8492
444.8113
442.6454
444.0874
442.6453
436.2500
436.2499
441.2110
445.5370
441.9273
434.8491
434.1516
436.2500
451.4140
445.5373
452.1575
451.4140
446.2649
444.0874
435.5486
444.8113
441.2111
446.2648
443.3654
439.0736
446.2650
445.5370
427.9536
438.3649
441.2110
441.2110
442.6453
404.5363
455.9053
443.3654
442.6453
439.0737
446.9947
442.6453
439.0736
434.8491
444.8114
444.0874
431.3791
436.2500
439.0736
443.3656
449.1954
431.3791
440.4967
441.9273
440.4967
439.7843
427.9536
447.7262
438.3650
434.8491
436.9532
435.5487
434.1516
447.7263
449.9330
441.2110
426.5957
441.9273
439.0737
456.6610
445.5370
428.6351
430.6904
439.0737
448.4599
441.9272
442.6454
439.0736
430.6903
441.2111
438.3650
441.2111
441.2111
443.3654
441.2110
434.8491
441.2110
441.9272
454.4001
441.9272
433.4556
451.4140
440.4966
439.7843
430.6904
441.2110
441.9272
453.6505
435.5487
443.3654
429.3185
452.9030
447.7262
452.1575
444.0874
440.4967
441.9273
438.3649
433.4557
437.6581
468.2477
445.5370
426.5957
450.6725
434.8492
441.9273
444.0875
448.4599
468.2477
424.5720
438.3649
437.6581
445.5370
442.6454
442.6453
445.5373
444.0874
430.6904
441.9272
446.2650
443.3656
436.2500
437.6581
452.1574
441.9272
447.7263
432.0695
434.1516
443.3654
432.7616
427.9536
450.6725
461.2385
441.2110
454.4001
443.3654
436.9532
435.5487
441.9273
429.3184
434.1516
453.6505
443.3656
426.5957
439.0737
445.5370
432.7617
443.3654
444.8113
446.2648
442.6454
446.2648
431.3790
433.4557
437.6581
444.8113
435.5486
446.9945
429.3184
445.5370
442.6454
433.4557
435.5486
437.6581
432.7616
444.8114
451.4140
449.1952
441.2111
449.9329
442.6454
437.6581
439.7842
441.9273
434.1516
444.8113
456.6608
436.2500
435.5487
446.2648
442.6454
442.6454
446.9946
458.9404
441.9272
446.2649
436.2500
433.4557
447.7261
448.4598
441.9273
442.6454
443.3654
438.3649
432.7616
452.9030
440.4966
447.7263
444.0874
442.6453
459.7043
438.3649
444.0874
425.2449
445.5370
444.8113
448.4597
438.3649
444.8113
465.8918
442.6454
429.3184
439.0736
437.6581
436.9532
441.9273
439.0736
466.6750
442.6453
436.9531
437.6581
463.5556
444.0874
446.9945
442.6454
435.5486
445.5370
439.0736
444.8113
441.2111
449.1954
437.6581
441.2110
443.3654
436.9531
437.6581
452.1575
444.8113
454.4000
445.5370
435.5487
432.0695
436.2500
436.9532
436.2499
434.1516
443.3654
434.8491
432.0694
436.2500
441.9272
441.2111
423.9009
446.2648
439.7842
434.8492
449.1954
442.6455
423.2315
444.0875
417.9373
447.7263
450.6725
421.8979
446.2648
436.9531
444.0874
449.1954
442.6454
448.4599
447.7263
442.6454
441.2111
440.4967
444.8113
446.9946
437.6581
436.2499
434.1516
434.8492
444.8113
445.5370
442.6453
427.9536
442.6454
444.8113
436.2500
434.8492
436.9532
443.3654
440.4966
446.9947
423.9009
446.9945
430.6903
445.5373
425.2450
430.6903
462.7811
432.7617
436.2500
432.7617
439.0736
436.2500
432.7617
443.3656
450.6725
426.5958
453.6505
437.6581
441.9272
434.8491
444.0875
435.5486
447.7263
432.7616
449.9329
436.2500
445.5370
448.4599
442.6454
432.0695
441.2111
434.8492
450.6724
425.9195
445.5373
436.9532
436.9532
437.6581
442.6453
442.6454
441.9273
446.9947
438.3650
448.4599
437.6581
438.3650
429.3184
446.2648
434.8492
437.6581
444.0874
443.3656
443.3654
479.5061
447.7263
434.8492
449.1953
449.9330
427.9536
441.9272
453.6505
441.9272
444.0874
436.9531
459.7043
432.0695
438.3650
441.2110
423.2316
439.7843
445.5370
436.9532
443.3656
446.2649
448.4599
444.0874
441.2111
439.7842
441.9273
449.9330
439.0737
432.7617
443.3654
442.6454
415.3299
436.9532
402.6783
444.0874
444.0874
432.7617
441.2110
436.2499
427.9536
434.1516
446.2648
453.6505
437.6581
435.5487
432.0694
445.5373
442.6454
441.9272
439.7843
456.6610
444.8113
439.0737
443.3654
432.0695
414.0363
440.4967
442.6454
439.7843
444.8113
456.6610
446.9946
441.2110
435.5486
431.3791
437.6581
444.0874
436.2499
439.7842
444.8114
435.5486
437.6581
436.2500
436.2499
431.3790
433.4556
436.2500
435.5486
439.0737
433.4557
442.6453
443.3654
440.4966
439.0736
442.6454
436.9532
442.6454
444.8113
436.9532
441.2111
439.0737
444.8113
439.0736
436.2500
439.7843
434.1516
439.7843
434.1516
424.5720
437.6581
426.5957
432.7616
427.2739
439.7842
434.8491
434.8492
441.9273
445.5372
430.6904
439.0737
437.6581
436.9532
441.9272
433.4556
442.6453
433.4557
440.4967
453.6505
443.3654
432.0695
444.8113
437.6581
442.6453
443.3654
434.8492
441.9272
434.1516
423.9010
439.0737
438.3650
461.2384
425.2450
443.3654
436.9532
441.9272
439.0737
433.4557
439.0737
432.7617
444.0874
436.9531
434.1516
435.5486
434.1516
433.4556
440.4966
437.6581
434.1516
441.9273
441.2111
441.9273
438.3649
439.0737
444.0874
434.1516
431.3790
442.6453
444.8113
444.8113
438.3649
432.0695
434.8492
439.0737
434.8492
436.2500
424.5720
446.2650
442.6454
445.5370
434.8492
440.4967
444.0874
432.0694
434.1516
444.8113
429.3185
442.6454
432.7617
430.0035
438.3649
435.5486
462.0087
442.6453
470.6231
435.5487
436.2500
439.7842
440.4967
441.9273
427.9536
435.5487
443.3654
430.0035
434.1515
427.9536
431.3791
432.7617
425.2450
444.8113
430.0035
432.0695
430.6904
440.4967
434.1515
430.6903
436.9532
414.0362
422.5638
439.7843
424.5720
430.6904
436.2500
439.7843
446.9946
423.9009
430.0036
431.3790
446.9945
441.9272
421.8979
436.9532
414.6823
462.0088
434.8492
428.6352
434.1515
444.0874
425.9195
468.2477
435.5487
427.9536
434.1515
443.3654
428.6351
423.2316
433.4557
428.6352
432.0695
433.4556
435.5486
423.9009
432.0695
430.6904
425.2449
428.6352
434.1516
434.8491
430.0036
435.5487
439.7843
433.4557
434.8492
434.1515
433.4557
427.9536
427.2739
423.9009
432.0695
432.0695
428.6352
426.5958
439.7843
435.5487
427.2738
443.3654
441.9273
432.0695
431.3791
414.0363
434.1516
430.0036
433.4557
444.8114
444.0874
427.9536
425.2450
433.4557
434.8492
434.8492
421.2336
434.1516
435.5487
434.1516
434.1516
438.3650
438.3649
426.5957
439.0736
434.8492
436.9532
427.9536
434.1516
430.0035
425.9195
434.8492
436.9532
429.3185
430.0035
421.8978
427.2739
434.1516
434.1516
414.0363
434.1516
431.3791
436.9532
432.0695
426.5958
434.1516
442.6454
431.3791
435.5487
430.0036
421.8979
433.4557
430.0036
427.9536
436.9532
432.0695
422.5638
430.0036
430.6903
434.8492
433.4557
434.1516
437.6581
425.9195
427.2739
422.5639
431.3790
434.8492
428.6352
418.5933
419.9101
434.1516
435.5487
428.6352
437.6581
425.2450
431.3790
432.0695
429.3185
430.6903
425.2450
425.9195
431.3791
430.6904
441.9272
432.7617
427.9536
430.6904
427.9536
419.9100
429.3185
423.2315
421.8979
420.5709
426.5957
422.5638
422.5639
424.5720
421.8978
431.3791
427.9536
426.5958
436.2500
420.5710
419.9100
427.2739
429.3185
419.2508
436.2500
423.2315
433.4557
420.5710
414.0363
435.5487
415.9792
436.9532
425.9195
418.5933
421.2335
421.8979
421.8978
433.4557
427.2738
428.6351
421.2336
420.5709
434.1516
422.5639
433.4557
424.5720
421.8979
423.2316
421.8979
421.2335
425.2450
423.9009
433.4557
412.7490
434.1516
432.0695
429.3185
412.1077
418.5932
425.2450
421.2336
422.5638
420.5709
430.6904
415.3300
427.2738
429.3185
423.2315
423.2315
414.0362
419.2508
427.2739
436.9532
422.5639
417.2830
425.9194
423.2316
420.5710
419.9099
421.8979
421.2336
417.9373
421.8979
419.9100
425.2449
419.9101
425.9195
425.2450
414.0363
417.9373
424.5721
419.9100
414.6823
408.2939
412.1078
417.2829
409.5588
419.9101
419.2509
425.9195
427.2738
411.4681
421.2336
415.3300
422.5639
409.5587
421.8978
409.5587
425.2450
426.5957
409.5588
429.3185
416.6303
414.6823
415.3300
410.1936
423.2316
418.5933
421.2336
415.3300
427.2739
412.7489
410.8300
410.1936
416.6304
415.9792
414.0363
412.7490
419.9101
414.0362
419.2509
418.5933
418.5932
415.9793
421.2336
417.2829
406.4081
412.1078
408.9255
408.9255
405.7827
402.6783
413.3918
415.3300
422.5639
412.7489
410.1936
410.1936
410.8301
414.0363
404.5363
399.6119
417.9372
412.7489
410.1937
407.6637
402.6783
407.0352
405.7827
405.7827
407.0351
394.7826
407.0352
408.2938
405.7827
414.6823
401.4471
399.6118
412.7490
408.2939
403.2961
400.2222
407.0351
404.5363
432.0695
399.6118
402.0620
394.7825
400.2221
399.6118
392.4027
407.0352
400.2222
395.9812
394.7825
394.7825
411.4680
395.3812
402.6783
395.9812
391.8114
394.1855
392.4028
401.4472
391.8113
387.7110
392.9955
390.0456
394.1855
383.6787
380.8390
387.1310
384.8240
388.2927
382.5388
381.4043
387.1310
386.5522
383.1081
383.6787
378.5912
376.9191
390.0457
380.2751
382.5389
379.7125
420.5708
377.4752
369.8060
373.6096
380.8391
377.4752
374.1580
378.0325
371.4286
374.7076
370.3456
378.0325
373.0624
370.8866
381.9709
366.0631
372.5165
367.6599
367.6599
365.5333
365.5332
358.2401
367.6599
362.9021
362.3793
354.1743
362.3793
367.6599
358.2401
362.9020
346.7419
355.6904
361.3376
356.7069
359.2680
351.1720
360.8185
342.8767
353.6711
350.6753
351.6695
348.7000
342.8767
340.0215
347.7188
351.1718
344.8010
346.7419
342.8768
336.2712
343.3563
331.2177
340.0215
331.6723
334.8813
338.6076
340.0215
333.5002
332.1278
333.9596
328.9591
329.4090
333.0418
337.6701
326.7242
330.7640
331.2177
331.2177
326.7242
324.5122
326.2799
321.4540
321.8882
319.2963
319.2963
318.4394
318.8674
312.5378
322.7593
315.8896
307.6101
310.0591
313.3706
310.8820
311.2947
310.4702
306.3966
304.7897
305.1902
303.9911
300.4356
310.0591
302.4031
309.6490
300.0444
300.0445
296.1741
290.8799
293.5092
293.8877
290.8799
295.7912
289.7638
293.8877
297.3273
287.9177
282.8404
284.2775
284.2775
288.6541
280.7048
282.4828
277.8943
277.5458
277.1982
274.4389
274.7816
275.4689
271.7198
272.0576
269.7061
271.0462
265.0916
267.7143
266.7264
266.7264
267.3844
264.7663
265.4174
273.7554
259.9568
260.5908
258.3818
259.9569
256.8203
256.5097
254.6571
253.7380
252.5199
250.1088
247.1409
246.5533
248.9156
245.9678
246.5534
243.6451
243.6451
241.6382
240.7853
241.0691
238.5315
233.8398
234.1122
235.2061
237.4158
231.6766
231.6766
231.9455
230.3388
232.4845
227.6954
227.9578
229.5413
226.6498
223.2972
223.8085
221.0163
220.5137
219.7629
217.0397
215.8172
216.3051
213.8806
211.7301
215.0882
212.6822
213.6402
211.7301
211.2562
202.9661
211.2562
208.2107
207.7475
208.6754
207.7475
206.5955
200.5204
201.8495
202.9661
200.9621
200.9621
208.4429
197.2483
193.6249
194.0466
192.5760
191.5345
189.4737
189.6785
191.3271
188.8611
183.8553
194.6814
184.8425
185.6373
183.4624
181.1272
179.5916
179.9739
180.3573
179.0201
179.9739
177.5074
176.7572
171.9780
171.9780
172.3398
171.6172
170.3619
171.2574
169.8275
168.0612
165.7993
165.6268
165.9719
164.2555
164.0851
162.2249
160.0600
157.9306
159.5656
158.9091
159.0729
157.1209
155.0391
154.8803
154.7218
153.4605
151.9014
149.5983
148.9912
148.8399
148.6888
