7.5470
8.7466
8.1435
9.3564
9.0071
9.5026
9.5026
11.3184
11.1070
11.4396
11.2882
11.9576
11.7742
12.8523
12.2030
12.9457
12.9145
14.3332
14.5251
14.7819
14.8141
16.2482
15.8535
16.8452
17.2467
17.5833
18.0239
19.3656
18.7426
19.3656
19.7846
19.6796
20.5250
20.9879
21.8882
23.0603
22.9864
23.2455
24.2175
24.3307
25.0903
26.6768
26.4421
26.5202
28.0233
27.7039
29.5215
29.9325
28.8288
30.3461
31.5605
31.8995
32.7547
33.3166
33.7957
35.7022
35.8824
35.9726
36.8816
36.9274
39.1609
39.2082
40.0653
40.2092
41.8115
40.9815
42.9501
44.4120
44.2086
45.2315
46.2168
47.1097
47.5337
48.6585
49.3089
49.8553
51.6309
50.9045
53.3917
53.7372
53.9106
55.4294
56.9184
55.9622
57.0990
58.9281
58.0693
60.8004
60.6111
61.8810
63.4315
61.8810
64.9456
65.3452
66.7592
67.8529
69.1005
69.9427
69.8017
70.3669
71.8684
73.1767
74.7285
74.0601
76.5363
76.9176
77.3006
80.1080
79.6339
81.0636
82.8422
82.5162
83.5799
83.4976
85.4085
85.8292
87.2739
87.8754
90.4973
92.6482
92.9205
93.0114
93.0114
94.4780
97.4792
96.8148
98.6286
100.0844
100.1822
102.0590
104.3784
104.8897
104.8897
105.7131
107.1701
110.3629
109.9315
108.0120
110.3629
111.6677
113.0996
112.9888
117.6297
119.0265
118.4424
120.5602
119.1438
123.9374
123.3267
124.3054
125.9140
127.2934
128.1799
128.4345
129.9740
130.2326
131.5343
132.4543
135.5294
134.4506
135.2588
136.0725
140.3682
140.5094
142.6471
141.5023
141.6448
143.8027
145.7045
142.3599
146.7408
150.5144
150.6678
152.5227
155.1980
152.2117
153.3037
159.5656
157.4442
160.7223
163.7449
158.7455
161.5550
160.8884
165.7993
168.2368
170.0054
170.7194
169.6498
171.4372
171.2573
171.9780
176.5703
178.2617
181.9013
178.0727
179.0201
181.5137
186.0363
206.8252
186.4365
188.8611
191.1200
191.9502
191.5345
194.2579
193.2044
199.6408
203.6400
197.0326
202.7421
203.8653
204.5433
208.2108
200.9621
215.8172
208.6754
207.5164
216.3051
212.6822
217.0397
209.6089
217.7778
225.6108
223.8085
224.3215
225.8700
223.5527
224.8360
228.7477
225.6109
229.8067
236.8606
235.7559
231.9454
240.5019
233.2963
241.9235
243.0693
239.9366
237.9727
249.2131
243.3569
246.5533
249.2131
243.9337
250.7085
255.8900
253.1279
254.0438
260.2736
254.3502
254.9645
258.6956
260.9086
266.0707
267.3844
269.7061
260.2736
270.3749
271.3827
276.8510
269.7062
272.3958
278.5930
280.7048
281.4140
282.8404
284.6384
275.4689
286.4533
285.7253
289.0232
285.7253
289.3931
293.8877
293.1314
298.4872
294.2669
293.8877
300.4357
318.8675
310.8820
305.9937
300.8276
317.5861
300.4356
317.5860
310.4702
320.5883
312.5378
324.0726
307.6102
331.2177
327.1693
325.3943
329.4090
335.8069
325.8366
341.4445
323.6340
332.5843
340.9691
351.1718
350.6754
349.1922
350.1798
348.2089
347.2299
350.6753
364.4772
351.6695
351.6696
346.2552
362.3794
358.7534
360.3005
358.2401
367.1264
362.9021
365.0046
377.4752
379.1512
380.8390
365.0046
378.5911
381.4043
383.6787
385.9747
388.2927
359.2679
383.6787
389.4599
387.7111
385.9747
399.0031
397.7899
395.9812
403.9155
441.9273
400.8340
408.2939
424.5719
405.7827
411.4681
403.9155
443.3654
422.5639
406.4081
426.5958
425.9195
425.2450
432.7617
427.2738
414.0363
425.2449
439.7843
434.1515
444.0875
436.2500
441.2110
445.5370
485.3042
436.9532
449.9330
458.1785
464.3322
455.9053
461.2385
462.7810
457.4186
458.1785
468.2477
473.0186
453.6504
476.2440
470.6231
496.3854
471.4194
484.4687
484.4687
496.3856
484.4688
497.2554
499.8800
498.1276
496.3856
500.7602
506.0951
493.7911
491.2194
493.7911
506.0952
515.2009
514.2781
512.4406
514.2781
525.5382
516.1265
537.2189
522.6846
522.6846
525.5382
549.3443
533.2770
523.6328
534.2578
542.2154
555.5816
553.4893
558.7454
547.2912
544.2361
540.2075
543.2241
552.4481
577.2666
563.0116
558.7452
554.5336
559.8066
584.0546
563.0114
572.8156
576.1483
567.3334
580.6437
535.2419
578.3885
577.2666
594.4961
571.7118
569.5154
585.1990
587.4999
676.1027
585.1994
568.4227
620.1439
589.8162
615.1134
645.0383
608.9235
621.4126
618.8795
616.3646
633.0350
618.8797
633.0350
621.4126
627.8235
722.8902
629.1193
639.6551
623.9632
647.7592
638.3215
626.5320
647.7590
630.4197
650.4999
656.0425
654.6490
736.3350
667.3766
650.5001
650.5001
656.0425
634.3495
686.5374
654.6492
668.8171
656.0425
694.1642
677.5764
661.6674
705.0941
694.1642
700.3735
697.2565
714.7045
685.0296
686.5374
726.2107
711.4754
724.5471
695.7072
724.5471
708.2723
736.3350
719.5963
709.8705
746.7105
739.7651
685.0296
736.3350
580.6437
726.2107
719.5963
743.2233
734.6302
743.2235
788.9878
757.3467
777.5570
777.5573
853.1320
727.8808
750.2265
743.2235
744.9632
744.9632
790.9219
783.2356
777.5570
785.1447
785.1447
736.3350
777.5570
857.5897
785.1447
816.8533
816.8533
794.8154
788.9878
816.8533
802.7056
804.6999
790.9216
820.9773
855.3557
840.0040
788.9875
864.3549
775.6805
837.8512
808.7150
853.1320
850.9188
818.9106
567.3334
750.2265
846.5228
837.8516
833.5747
833.5747
859.8342
929.8353
864.3546
862.0892
857.5897
855.3557
855.3557
844.3395
855.3557
878.1761
873.5249
848.7154
894.8102
866.6312
885.2364
887.6125
864.3549
914.5270
829.3377
912.0198
912.0194
899.6672
924.6815
919.5789
894.8102
917.0463
927.2519
945.6125
904.5719
904.5719
948.2896
897.2328
961.8816
919.5789
984.3768
975.8299
935.0412
904.5719
940.3000
919.5786
945.6133
945.6133
961.8812
964.6423
961.8816
978.6641
889.9998
964.6423
932.4313
973.0113
932.4316
995.9856
967.4171
970.2071
1004.8566
973.0113
995.9852
1026.1250
942.9503
993.0602
950.9804
978.6641
929.8353
1032.3529
950.9800
987.2554
1007.8456
964.6423
978.6637
990.1503
1077.9551
981.5129
987.2554
1001.8833
995.9856
1019.9648
1016.9105
1004.8566
961.8816
1001.8833
1010.8509
1038.6500
995.9856
1023.0362
1013.8725
1004.8562
882.8717
1032.3529
1546.9836
1077.9556
998.9263
1010.8509
1109.2621
1016.9105
1061.2531
1074.5769
1088.2095
1112.8436
1116.4464
1061.2526
1131.0737
1026.1250
885.2364
1004.8562
1029.2303
1051.4573
1091.6671
1026.1250
1038.6495
1098.6433
1084.7717
1102.1621
1091.6671
1048.2278
1120.0707
1061.2535
1157.5377
1077.9556
1061.2535
1109.2621
1088.2095
1165.3090
1064.5555
1112.8436
1142.2781
1038.6495
1095.1450
1165.3090
1248.6533
1102.1616
1173.1763
1127.3844
1131.0742
831.4515
1131.0742
1123.7167
1157.5377
1209.8280
1197.3788
1149.8607
1127.3844
1142.2781
1134.7864
1146.0582
1138.5209
1127.3844
1165.3090
1157.5377
1157.5371
1116.4464
1134.7864
1120.0702
1112.8436
1271.2327
1142.2776
1193.2814
1231.1178
1235.4581
1181.1432
1091.6666
1193.2814
1161.4114
1142.2781
1181.1438
1153.6873
1123.7167
1257.5955
1218.2625
1189.2092
1253.1096
1105.7012
1098.6428
1193.2814
1205.6519
1218.2625
1231.1178
1218.2612
1165.3090
1146.0582
1253.1096
1209.8286
1181.1432
1193.2820
1244.2262
1235.4581
1235.4587
1253.1096
1248.6533
1248.6533
1177.1476
1193.2814
1193.2820
1257.5955
1257.5955
1257.5955
1253.1096
1262.1112
1193.2814
1149.8607
1285.1479
1244.2262
1266.6570
1177.1470
1266.6570
1231.1171
1235.4587
1235.4581
1218.2618
1257.5955
1299.3479
1275.8397
1374.9498
1239.8281
1248.6533
1333.6403
1364.4016
1253.1096
1271.2327
1257.5948
1266.6570
1304.1461
1253.1096
1313.8412
1313.8419
1308.9774
1333.6410
1323.6726
1348.8580
1369.6571
1540.3853
1239.8275
1313.8419
1338.6777
1333.6410
1369.6571
1359.1835
1304.1454
1304.1461
1226.8042
1294.5817
1285.1479
1348.8573
1359.1835
1323.6726
1328.6394
1385.6526
1328.6394
1364.4016
1359.1835
1385.6526
1248.6533
1299.3479
1343.7499
1323.6726
1323.6719
1374.9506
1374.9506
1338.6770
1396.5120
1313.8419
1294.5824
1391.0637
1380.2822
1364.4009
1318.7402
1369.6571
1407.5313
1348.8580
1354.0017
1430.0621
1348.8580
1441.5811
1285.1472
1418.7131
1348.8580
1380.2822
1413.1014
1364.4009
1424.3665
1424.3665
1441.5811
1391.0637
1391.0630
1471.1552
1391.0630
1369.6571
1447.4072
1418.7131
1380.2822
1402.0018
1391.0637
1369.6571
1413.1014
1396.5128
1402.0001
1364.4016
1402.0018
1424.3665
1540.3862
1402.0018
1407.5313
1514.5165
1546.9836
1391.0621
1402.0018
1374.9514
1430.0621
1418.7131
1418.7131
1402.0018
1418.7123
1391.0630
1477.2065
1477.2056
1447.4072
1594.6951
1407.5313
1501.8853
1418.7131
1447.4072
1391.0630
1489.4501
1527.3485
1601.7375
1533.8414
1714.8682
1514.5165
1447.4072
1471.1543
1489.4501
1447.4064
1441.5820
1447.4072
1483.3047
1424.3665
1441.5820
1441.5820
806.7030
1533.8414
1374.9506
1430.0621
1391.0637
1471.1543
1369.6571
1477.2065
1495.6434
1971.9865
1553.6344
1396.5120
1380.2831
1483.3037
1514.5165
1380.2831
1601.7375
1667.8586
1573.9120
1441.5820
1553.6344
1465.1501
1637.8467
1459.1908
1573.9120
1560.3381
1495.6434
1459.1908
1540.3862
1560.3391
1520.9071
1459.1899
1435.7996
1540.3853
1608.8389
1540.3853
1369.6571
1520.9061
1495.6434
1495.6434
1527.3485
1594.6951
1637.8467
1407.5304
1514.5165
1501.8843
1652.7230
1683.2532
1580.7834
1567.0974
1546.9836
1514.5165
1683.2555
1630.5028
1580.7834
1533.8405
1501.8853
1594.6951
1023.0362
1435.8004
1573.9120
1594.6940
1560.3391
1471.1543
1483.3037
1573.9130
1514.5156
1630.5028
1587.7106
1594.6951
1645.2532
1553.6334
1706.8605
1560.3381
1489.4492
1623.2207
1652.7241
1667.8586
1540.3862
1527.3477
1608.8378
1560.3391
1567.0974
1533.8405
1459.1908
1608.8389
1615.9996
1615.9996
1630.5028
1667.8586
1573.9120
1601.7375
1645.2554
1747.6219
1514.5156
1601.7375
1652.7230
1594.6951
1698.9230
1683.2555
1667.8586
1660.2594
1667.8563
1667.8586
1714.8682
1683.2555
4009.9492
1675.5237
1739.3232
1508.1760
1546.9827
1630.5028
2964.2834
1675.5237
1764.4463
1675.5237
1731.0986
1691.0538
1540.3853
1660.2594
1630.5028
1623.2207
1755.9960
1772.9738
1844.1091
1567.0984
1807.8785
1630.5039
1714.8682
1623.2207
1667.8574
1825.8235
1731.0974
1580.7825
1799.0310
1714.8682
1601.7375
2192.3677
1844.1091
1714.8682
2231.5227
1691.0538
1739.3220
1714.8682
1755.9948
1402.0010
1739.3232
1834.9231
1807.8785
1706.8593
1652.7253
1514.5156
1714.8682
1706.8605
1560.3391
1580.7825
1747.6219
1608.8389
1652.7241
1834.9231
1698.9230
1920.8611
1667.8586
1652.7253
1667.8586
1747.6219
1601.7375
1714.8671
2770.9392
1691.0538
1891.3793
1755.9960
1816.8091
1637.8467
1747.6219
1872.1980
1790.2638
1781.5797
1834.9231
1872.1980
1731.0986
1698.9230
1683.2555
2129.9521
1862.7452
1764.4463
1862.7452
1594.6940
1722.9473
1862.7452
1739.3232
1834.9231
1755.9948
1853.3827
1825.8221
1971.9865
1881.7422
1872.1980
1844.1091
1901.1105
2048.0708
1872.1980
1790.2650
1834.9218
1834.9218
1834.9231
1920.8611
1881.7422
1807.8785
1630.5028
1514.5165
2014.7910
1862.7452
1799.0310
1971.9865
1920.8611
1853.3827
1853.3827
1764.4463
1961.5555
1853.3813
2014.7877
1722.9460
1993.1699
1755.9948
1825.8235
2105.9255
1920.8611
1910.9374
2059.3979
2014.7893
1816.8091
2244.8713
2231.5227
2205.2722
1951.2290
1772.9738
2941.5273
1993.1683
2014.7893
1881.7422
2025.7690
1675.5237
1930.8833
2070.8452
1862.7439
1872.1967
1971.9865
1920.8596
1930.8833
1910.9359
1304.1461
1993.1683
2244.8733
2142.1599
2179.6064
2142.1619
2205.2722
2387.2996
1514.5165
1853.3827
2105.9272
2244.8733
1930.8833
1891.3793
1971.9865
2218.3232
2142.1619
2003.9241
2059.3979
2059.3979
2070.8452
2094.1079
2791.2090
1920.8611
1993.1683
1971.9880
1844.1077
2497.7498
2166.9868
2875.2297
2036.8617
2105.9272
2014.7910
2025.7675
1294.5824
2166.9868
2205.2722
2105.9255
2036.8600
1872.1980
2003.9241
2372.2810
1807.8773
1630.5039
2036.8617
2154.5059
2342.7876
1881.7408
2117.8745
2142.1619
2117.8745
1993.1699
1862.7452
1807.8785
2059.3962
2231.5227
1971.9865
2154.5042
2205.2722
2070.8452
2231.5227
2059.3962
1853.3813
2025.7675
2117.8745
2231.5227
2205.2722
2166.9849
2094.1062
2129.9521
2105.9272
2179.6047
1853.3827
2117.8745
2070.8452
2117.8745
2036.8617
2094.1079
2036.8617
2166.9849
2258.3777
2272.0386
2231.5208
1971.9865
2142.1599
2179.6064
2285.8586
2231.5227
1501.8853
2342.7876
2272.0366
2258.3777
2531.1318
2179.6047
2166.9868
2258.3777
2342.7876
2313.9854
2313.9875
1587.7106
2285.8586
2299.8406
3058.8364
2179.6047
2565.3882
2313.9875
2244.8733
2205.2722
2218.3232
2258.3777
2387.2974
2449.2354
2565.3882
2299.8406
2272.0386
2166.9868
2299.8406
2105.9255
2218.3232
3185.5537
2272.0386
2231.5208
2313.9875
2272.0386
2636.6375
2179.6047
2244.8733
2600.5430
2285.8586
2313.9875
2387.2996
2465.2041
2313.9875
1971.9865
2258.3777
2342.7876
2711.8005
2179.6064
2244.8733
2299.8406
2481.3770
2299.8386
2402.4998
2548.1467
2433.4617
2449.2354
2154.5059
4181.8472
2402.4998
2750.9519
2811.7668
2402.4998
2372.2832
2750.9519
2449.2354
2770.9392
2313.9854
2618.4705
2285.8586
2481.3745
2313.9875
2565.3855
2387.2996
2117.8728
2481.3745
2548.1516
2582.8503
2711.8005
2417.8867
2417.8867
2692.6252
2655.0488
2791.2090
2497.7522
2565.3882
2244.8713
2548.1516
3034.6563
2285.8586
2514.3342
2465.2041
2600.5430
2692.6226
2919.1033
7679.7988
1799.0310
2417.8867
2618.4678
2342.7876
2875.2329
2565.3882
2565.3831
2465.2041
2582.8452
2832.6191
2258.3757
2449.2354
2328.3022
2731.2410
2750.9519
2655.0488
2548.1467
2811.7668
2618.4678
2655.0488
2692.6226
2731.2410
2750.9519
2770.9392
2514.3367
2770.9392
2791.2090
2791.2090
3058.8364
2655.0488
3058.8328
2811.7668
2770.9392
2875.2329
3212.1318
2750.9519
2853.7725
2791.2090
2811.7668
2618.4678
3058.8364
3058.8364
3776.5112
2750.9519
2875.2329
2791.2090
2731.2410
2791.2061
2875.2297
2711.7976
2497.7498
2770.9392
2731.2410
2875.2329
3108.3335
3503.6062
2832.6191
2692.6226
3133.6685
3185.5537
3058.8364
2731.2410
3108.3298
2770.9392
2811.7668
3034.6563
2987.3862
3212.1318
3212.1318
2941.5273
3441.2710
3294.4976
2770.9392
2192.3677
2987.3862
3034.6563
2750.9519
2875.2329
2832.6191
2791.2090
2865.1777
2964.2869
2987.3896
2941.5273
3266.5908
3083.3926
2875.2329
2853.7725
2731.2410
3010.8435
2692.6226
3159.4065
3381.0645
3212.1318
3351.7224
3034.6526
2875.2329
3472.1621
3159.4065
3239.1394
3212.1318
3472.1621
3601.3206
3294.4976
4094.1375
2987.3862
3010.8435
3535.5994
3083.3926
3472.1714
3239.1394
3669.4617
3535.5994
3503.6062
3601.3206
3813.5583
3441.2800
3929.0742
3322.8708
3159.4065
3776.5112
3669.4617
2655.0461
4181.8472
3351.7180
3472.1714
3034.6526
3568.1658
2941.5239
3294.4976
3568.1658
3381.0645
3108.3335
3568.1658
3568.1658
3351.7224
3185.5576
3601.3206
3441.2710
3133.6685
2964.2869
3601.3206
3185.5576
2853.7693
3503.5969
3239.1394
3851.3206
3133.6685
3381.0645
3472.1621
3294.4976
3212.1318
3159.4065
3034.6563
2875.2329
3159.4065
3381.0645
3185.5576
3212.1318
3813.5583
3294.4976
3185.5576
2987.3896
3740.1587
3185.5576
3740.1587
3410.9097
3704.4817
3266.5908
3704.4817
4626.6523
3351.7224
3776.5112
2941.5273
3410.9097
3351.7224
3929.0742
3472.1621
3601.3206
3381.0645
3635.0803
3058.8364
3185.5576
3472.1621
3322.8708
3294.4976
3159.4065
2964.2869
3322.8708
3635.0803
3740.1587
3351.7224
4094.1375
3669.4617
3503.5969
3851.3206
3212.1318
3601.3206
3010.8435
3212.1318
3322.8708
4009.9492
3601.3206
3212.1318
3813.5583
4009.9492
3441.2710
3851.3206
3568.1658
3535.5994
3410.9097
3535.5994
3322.8708
3679.6992
3776.5112
3776.5112
3381.0645
3441.2710
3704.4714
3058.8364
3889.8186
2987.3896
2964.2869
4009.9492
3381.0645
2548.1516
4181.8472
3294.4976
3212.1318
3381.0645
3635.0803
3740.1587
3294.4934
3740.1587
3635.0803
3851.3206
3410.9097
3472.1621
3601.3108
3889.8186
3441.2710
3813.5583
3472.1621
3322.8708
3740.1587
3441.2710
3472.1621
7534.7524
2964.2869
3503.5969
3108.3335
3503.5969
2941.5273
3669.4617
3568.1560
3669.4617
3381.0645
4572.7183
3669.4617
3381.0645
3776.5112
3851.3206
3635.0803
3776.5112
3535.5898
3212.1318
2548.1467
3669.4617
3212.1318
3669.4617
3322.8708
2987.3896
2853.7725
3159.4065
3185.5576
3266.5908
3083.3926
2417.8867
2655.0435
2832.6130
2897.0076
3058.8364
3568.1560
2692.6196
2791.2061
2465.2065
2987.3896
2618.4678
1961.5570
2244.8713
2205.2705
2357.4446
2129.9502
2481.3770
2082.4128
1881.7422
1459.1899
1533.8414
1374.9514
1560.3391
1508.1760
1587.7106
1553.6334
1667.8563
1594.6951
2192.3638
1396.5120
1567.0995
1380.2831
1573.9141
1546.9827
1546.9846
1262.1099
1483.3037
1430.0604
1645.2532
1418.7123
1385.6534
1471.1543
1313.8412
1343.7507
1285.1472
1402.0010
1248.6526
1447.4064
1483.3037
1533.8423
1285.1472
1489.4492
1402.0010
1413.1007
1304.1454
1374.9514
1441.5811
1289.8484
1407.5304
1453.2758
1391.0630
1396.5120
1323.6733
1369.6571
1396.5111
1520.9071
1483.3047
1385.6526
1533.8414
1359.1835
1580.7834
1652.7230
2082.4111
1772.9725
4181.8403
1834.9218
1993.1699
1971.9880
2082.4128
2179.6047
1971.9880
1993.1699
2142.1599
1971.9865
1930.8849
2154.5042
1971.9880
2272.0366
1951.2306
2094.1062
2094.1062
2036.8600
2014.7893
2094.1079
1993.1699
1691.0538
1844.1077
1790.2638
2791.2061
2129.9502
2285.8564
2105.9255
2142.1599
2003.9225
1941.0070
1608.8398
1790.2638
1901.1091
1459.1899
1993.1699
1910.9359
1901.1091
1698.9219
1910.9359
1683.2544
1862.7439
1881.7408
1951.2306
2070.8435
1901.1091
2025.7675
2082.4128
1637.8478
1901.1091
2154.5042
1683.2544
1910.9359
1834.9218
1951.2275
1816.8077
1057.9694
1901.1091
1816.8077
1941.0040
1834.9218
1637.8467
1781.5784
1910.9359
1862.7452
1853.3827
1772.9738
1755.9948
1722.9473
1790.2638
1772.9725
1540.3853
1781.5797
1772.9725
1683.2555
1348.8580
1781.5784
1799.0310
1747.6219
1941.0055
1862.7439
1920.8611
1755.9948
1799.0297
1891.3793
1853.3813
1807.8773
1807.8785
1891.3778
1739.3220
1731.0974
1862.7452
1790.2638
1739.3220
1772.9725
1799.0310
1731.0974
1961.5555
1844.1077
1807.8773
1714.8671
1961.5540
1901.1091
2105.9255
1747.6207
1816.8077
2285.8564
1951.2275
1816.8077
1870.5581
1872.1967
1971.9880
1844.1077
1993.1699
2117.8728
2059.3962
2003.9241
2205.2722
1881.7408
1993.1699
1891.3778
2231.5208
2025.7675
1941.0070
2117.8728
2117.8728
1891.3778
2003.9241
1982.5251
1920.8625
1951.2306
2129.9502
1920.8625
1961.5570
2179.6064
1637.8467
1930.8849
2497.7522
1971.9880
1901.1119
1982.5251
1853.3842
2105.9255
1553.6355
1993.1699
1891.3807
2003.9241
1891.3807
2048.0691
2117.8728
1961.5570
2272.0386
1971.9880
1862.7439
2036.8600
2036.8600
2036.8600
2059.3962
1951.2306
2105.9255
1872.1995
1982.5251
1901.1119
1961.5570
1961.5570
1781.5784
1993.1699
1961.5570
1971.9880
2070.8435
1982.5251
1799.0297
2025.7675
2003.9241
1961.5570
1872.1967
2014.7893
1971.9880
2070.8435
2154.5042
1920.8625
1910.9388
1982.5251
1961.5570
2014.7893
1781.5784
1971.9880
1993.1699
1993.1699
1993.1699
1881.7437
2003.9241
2003.9241
1834.9244
1714.8671
1862.7439
1706.8593
2231.5208
1910.9388
1807.8773
1961.5570
2003.9241
1465.1493
1941.0070
1807.8773
1881.7437
1982.5251
1799.0297
2003.9241
1825.8221
1930.8849
1667.8574
1807.8773
1755.9948
1834.9218
1834.9218
2070.8435
1920.8625
2048.0691
2179.6047
1930.8849
1862.7439
1807.8773
2094.1062
3083.3889
2014.7910
1872.1967
1930.8849
1971.9880
1781.5784
2003.9241
2014.7893
2014.7893
1807.8773
1961.5570
1772.9725
1941.0070
1881.7408
1834.9218
1971.9880
1755.9948
1816.8077
1971.9880
1799.0297
1807.8773
1764.4449
1930.8849
1799.0297
1807.8773
1862.7467
1364.4023
1799.0297
1807.8773
1714.8671
1872.1995
1844.1077
1706.8593
1834.9218
1764.4449
1844.1077
1807.8773
1816.8077
1816.8077
1951.2306
1930.8849
1951.2306
1844.1077
1816.8077
1772.9725
1910.9388
1772.9725
1790.2638
1844.1077
1722.9460
1698.9219
1790.2638
1608.8389
1816.8077
1799.0297
1790.2638
1951.2275
1698.9219
1807.8773
1691.0538
1698.9219
1675.5226
1790.2638
1714.8671
1714.8671
1910.9388
1844.1077
1862.7439
1816.8077
1660.2583
1645.2543
1477.2056
1781.5784
1483.3037
1714.8671
1594.6960
1698.9219
1553.6334
1637.8478
1739.3220
1675.5226
1594.6960
2059.3962
1587.7117
1722.9460
1527.3477
1660.2583
1508.1752
1580.7845
1630.5039
1630.5039
1594.6940
1553.6334
1527.3477
1714.8671
1623.2196
1587.7106
1637.8467
1652.7241
1615.9985
1489.4492
1385.6534
1501.8843
1520.5054
1573.9120
1514.5156
1495.6426
1560.3381
1567.0974
1637.8478
1630.5039
1553.6334
1546.9827
1489.4492
1495.6426
1447.4064
1495.6426
1608.8378
1546.9836
1435.7996
1527.3477
1424.3656
1683.2544
1430.0613
1698.9219
1489.4492
1533.8405
1527.3477
1343.7491
1691.0551
1495.6434
1533.8405
1435.7996
1465.1493
1501.8853
1533.8405
1471.1543
1430.0613
1533.8405
1385.6534
1218.2618
1501.8843
1484.3369
1489.4492
1430.0613
1205.6525
1407.5304
1453.2766
1424.3656
1615.9996
1514.5156
1514.5156
1514.5165
1489.4492
1508.1760
1430.0613
1501.8843
1441.5820
1527.3485
1441.5811
1418.7123
1483.3037
1374.9506
1567.0984
1453.2758
1471.1543
1441.5811
1418.7123
1364.4023
1380.2831
1489.4492
1189.2104
1413.1007
1453.2758
1385.6534
1364.4009
1465.1493
1354.0032
1402.0010
1527.3477
1407.5304
1430.0613
1424.3656
1546.9827
1465.1493
1430.0621
1471.1543
1424.3656
1430.0621
1380.2831
1348.8573
1385.6534
1435.7996
1447.4072
1477.2056
1308.9767
1441.5811
1328.6387
1313.8412
1323.6719
1257.5955
1391.0630
1318.7395
1413.1007
1424.3656
1459.1899
1418.7123
1396.5120
1364.4009
1262.1105
1205.6531
1313.8412
1299.3472
1348.8573
1313.8412
1755.9948
1453.2758
2548.1492
1299.3472
1313.8419
1318.7395
1527.3477
1289.8484
1407.5304
1294.5817
1313.8412
1359.1842
1413.1007
1489.4492
1299.3472
1294.5817
1343.7491
1354.0017
1280.4778
1248.6526
1257.5948
1489.4492
1338.6770
1262.1105
1369.6564
1299.3472
700.3732
1333.6403
1294.5817
1262.1105
1430.0613
1299.3479
1289.8484
1289.8484
1318.7395
1253.1090
1333.6403
1193.2820
1193.2820
1435.7996
1328.6387
1313.8412
2218.3213
1285.1472
1244.2256
1266.6564
1226.8042
1275.8397
1280.4778
1266.6564
1304.1454
1209.8286
1209.8286
1201.5028
1328.6387
1035.4932
1257.5948
1244.2256
1193.2820
1231.1171
1218.2618
1023.0362
1271.2327
1248.6526
1266.6564
1197.3794
1177.1470
1209.8286
1231.1171
1244.2256
1257.5948
1231.1171
1138.5204
1157.5371
1209.8286
1214.0317
1153.6873
1123.7161
1134.7858
1153.6873
1214.0317
1123.7161
1181.1426
1138.5204
1146.0576
1095.1445
1146.0582
1127.3844
1120.0702
1032.3534
1084.7717
1084.7712
1134.7858
1116.4464
1098.6428
1138.5209
1109.2616
1127.3839
1091.6666
1088.2089
1131.0737
1116.4459
1077.9551
1088.2089
1120.0702
1084.7717
1057.9698
1077.9556
1035.4927
1165.3083
1941.0040
919.5789
1084.7712
1061.2531
1105.7017
1041.8245
1041.8250
1084.7717
1084.7717
1064.5555
998.9268
1038.6500
1067.8762
1038.6495
942.9503
1029.2299
1067.8772
1067.8772
1035.4923
1007.8452
1029.2303
1105.7012
1013.8720
1081.3533
1051.4573
987.2554
937.6643
1010.8505
1032.3524
1067.8767
1051.4573
1016.9101
1010.8505
1016.9101
993.0597
1013.8720
1038.6505
990.1498
1061.2531
1045.0181
1061.2531
990.1498
1007.8452
987.2554
984.3763
1004.8562
1071.2169
973.0109
1004.8562
1019.9648
987.2554
990.1498
995.9852
1013.8720
942.9503
964.6419
959.1348
967.4171
1013.8720
1057.9694
942.9499
1035.4923
984.3763
975.8299
967.4171
987.2554
975.8299
959.1348
948.2896
1010.8505
967.4171
892.3990
950.9800
970.2067
961.8812
940.3004
914.5266
932.4321
964.6419
1010.8505
873.5249
914.5274
961.8812
961.8812
922.1242
935.0416
942.9499
922.1242
882.8713
904.5715
738.0463
929.8356
927.2523
940.3004
1343.7507
932.4321
924.6818
909.5245
887.6122
953.6843
897.2332
904.5715
899.6669
897.2324
859.8335
892.3990
912.0194
885.2361
889.9998
864.3546
823.0533
840.0043
868.9180
842.1671
866.6309
787.0618
878.1758
885.2361
880.5179
806.7027
880.5179
846.5225
846.5225
818.9103
810.7357
855.3553
842.1671
601.6355
853.1317
790.9216
889.9998
798.7429
802.7053
800.7197
804.6996
781.3344
726.2104
878.1758
794.8152
850.9184
810.7357
825.1383
802.7053
804.6999
794.8152
790.9216
768.2538
768.2538
717.9589
802.7053
802.7053
773.8119
790.9216
764.5875
816.8530
762.7659
750.2267
783.2353
777.5570
695.7076
771.9513
757.3470
759.1457
779.4417
755.5552
775.6805
760.9520
741.4905
770.0986
722.8900
775.6805
750.2262
734.6302
744.9632
732.9326
757.3464
736.3348
727.8808
727.8808
667.3764
751.9952
713.0867
721.2397
726.2104
727.8808
724.5469
697.2568
731.2418
714.7043
719.5960
698.8120
721.2397
700.3732
705.0939
703.5142
640.9937
691.0961
694.1644
688.0513
685.0294
679.0555
677.5762
673.1718
663.0865
664.5111
671.7148
646.3961
676.1027
670.2632
657.4407
679.0555
671.7148
647.7590
691.0956
668.8171
660.2531
664.5111
668.8171
724.5469
611.3865
658.8443
667.3766
638.3217
578.3884
671.7148
698.8120
650.4999
627.8234
612.6245
635.6689
622.6855
630.4197
622.6855
612.6245
629.1193
587.5001
625.2454
595.6757
613.8668
604.0482
616.3644
594.4959
613.8668
592.1482
596.8596
606.4774
607.6983
588.6562
594.4959
585.1994
601.6355
588.6562
571.7118
563.0114
604.0482
580.6439
592.1482
572.8154
588.6562
575.0336
573.9227
567.3333
587.5001
582.9140
595.6757
577.2664
572.8154
560.8715
610.1529
571.7118
564.0866
563.0114
568.4225
560.8715
535.2417
541.2101
536.2289
546.2698
535.2417
544.2364
536.2289
537.2190
523.6328
526.4951
532.2991
514.2780
537.2187
529.3837
535.2417
515.2008
506.0952
522.6845
520.7966
481.1508
480.3273
507.8948
521.7391
510.6141
502.5282
506.9937
492.9313
510.6141
517.9860
498.1279
486.1418
491.2193
504.3065
478.6871
491.2193
481.9767
494.6534
485.3040
477.0560
473.8217
490.3669
477.8705
481.1508
477.0562
473.8217
470.6234
464.3322
465.1109
465.1109
443.3656
458.9403
451.4139
425.2449
452.1574
451.4139
433.4556
452.1574
456.6609
451.4139
421.2335
447.7262
435.5486
436.9532
430.6903
425.2449
427.2738
440.4969
396.5825
424.5720
430.0035
425.9194
423.9009
423.2315
408.2938
417.2830
419.9100
408.2938
405.1586
414.0364
410.8300
411.4680
410.1936
412.7491
398.3957
402.6783
391.2214
403.2961
391.2214
383.1081
398.3957
408.9255
383.1081
398.3957
380.8390
311.2948
385.9747
374.1579
379.1511
380.2751
374.1579
368.7305
369.2677
375.8107
362.9020
385.9747
365.5332
365.0047
363.4259
363.4259
362.9020
356.7069
366.0630
360.3004
358.2401
358.7534
352.6681
352.6681
343.8368
354.1742
352.1683
340.0215
338.6076
349.1923
344.8010
344.3185
341.4445
333.5002
335.3436
323.6339
342.8767
324.9528
320.5882
326.7241
324.5122
324.5122
318.0122
320.1567
315.8896
315.0465
312.5378
310.0591
313.7884
300.8275
308.8310
306.3966
305.9937
314.2069
305.9937
299.2643
293.8877
300.8275
305.1902
295.4091
298.8754
299.6540
295.0276
290.5071
288.2855
292.3780
289.7638
286.0890
289.7638
288.6540
289.3931
281.4141
281.0592
275.1249
285.0000
279.6460
276.1586
273.4146
277.8943
275.4689
275.8134
272.7348
273.0744
274.7816
271.3827
269.7062
267.7142
264.4417
269.0399
264.1177
261.5459
262.8272
262.8272
254.3502
262.5060
254.6572
252.5199
241.9234
247.4354
243.3569
250.1088
241.3534
241.3534
246.5533
242.7821
238.8116
243.3569
240.7853
235.7558
238.2518
231.6766
231.4082
230.8727
237.6940
229.2763
229.0117
224.0648
227.1717
224.8360
226.1295
211.4930
223.5527
217.0397
221.7730
221.0162
220.7648
216.7944
215.8172
220.5137
213.1605
226.1295
209.1414
212.4436
207.2856
209.6089
204.0910
202.9661
204.5433
201.8495
202.0721
200.5204
201.8495
197.4642
201.4052
216.7944
194.2579
196.6024
192.5760
193.8356
192.9946
189.6785
191.3271
189.0650
187.6437
189.0650
188.0484
179.2103
186.4365
178.8300
178.8300
196.6024
178.2616
178.8300
178.0727
176.3836
175.8251
173.6136
167.0125
170.8985
157.9306
167.8858
167.3611
168.0612
168.2368
165.1109
164.0851
160.0600
158.9091
161.8895
159.4011
158.4189
155.6760
156.6374
157.2824
154.4053
150.6678
151.2831
149.9029
150.5144
147.3369
147.1876
144.8231
145.2630
146.5922
143.2236
144.6768
144.6768
140.3682
139.1050
141.0757
138.8262
140.2272
136.2087
134.7194
134.7194
134.9888
134.7194
133.5148
130.7515
131.5343
128.5620
128.6897
129.7160
125.0450
126.7898
126.9155
124.4283
124.3054
123.9374
122.4774
121.1557
121.5146
119.6139
120.0860
117.7455
118.2096
114.6636
116.8231
115.3409
115.9085
113.3217
114.2144
114.7762
112.4363
112.3262
110.3629
110.4710
109.0740
108.6479
107.3800
104.1746
104.3784
104.7872
101.6609
99.9867
101.7603
100.8696
98.0522
99.7915
99.0148
99.6941
96.3430
96.1548
96.0609
93.7419
94.7555
91.0305
93.4673
93.1024
89.9671
90.0553
91.5667
89.6153
89.2647
88.2208
88.1343
85.1570
86.4214
84.9897
84.4066
83.5799
82.9239
81.8677
81.7870
80.3459
80.2665
80.5049
78.8494
78.7713
78.2266
77.3774
77.3006
75.7031
75.3270
75.0272
73.8384
78.6933
73.9861
74.9524
71.5804
72.2299
70.0132
70.0838
69.7313
70.2960
69.0307
67.9217
67.5781
65.1452
66.6913
65.4789
64.2180
63.3012
63.3663
62.6526
63.6929
61.6892
61.4979
61.5616
61.2436
59.1134
59.6095
59.2371
59.2371
59.1134
57.9473
57.7040
56.8583
58.1303
54.8417
54.8417
56.7382
54.7247
54.2003
52.4778
52.7053
52.4211
52.3644
51.9686
51.5187
50.7934
49.7457
50.4057
48.8746
48.3354
48.7665
47.9602
47.4275
47.4275
45.6447
46.1646
45.4895
45.8003
44.6671
44.1578
44.1578
44.1071
43.4508
43.7025
42.8005
41.9098
42.3043
40.9330
40.4978
40.2572
41.0786
40.7392
39.6354
39.0664
39.3503
38.7836
36.7902
37.1108
36.8816
37.6176
36.4256
36.5165
35.8373
36.2894
35.5675
35.0756
34.1903
33.9708
34.3664
33.6211
32.8839
33.3600
33.5775
31.0972
32.2830
31.9845
31.3074
31.2653
32.9702
30.6372
30.0976
30.3046
30.3046
30.1390
29.1539
28.6669
28.6669
28.9911
27.6641
28.1435
27.4654
28.1836
27.3465
26.6376
26.9123
27.3069
26.5202
26.2472
25.4735
24.7853
26.0141
24.7473
24.2552
24.3307
24.3684
23.9543
23.8419
23.5802
23.2826
22.8388
22.7284
22.3617
22.5448
22.6916
22.6549
23.2455
21.8519
21.4544
21.5625
21.1310
20.7738
21.6709
20.3479
19.5747
19.7146
20.7382
20.5604
20.1008
19.7846
19.3656
20.1008
19.5398
19.0533
19.0187
18.5364
18.2967
18.7770
17.5159
18.5364
17.4484
17.3139
16.8452
16.3803
16.9787
14.4610
15.7553
16.6455
15.3314
15.6245
15.8207
15.8535
15.8535
14.8463
16.6123
15.3964
14.6533
14.4291
14.3332
13.5722
14.3332
14.5892
14.4610
13.3835
14.1738
13.4463
13.1329
14.1102
13.9197
13.2894
13.8880
12.8212
12.0801
12.2953
12.4494
12.0188
12.3261
11.7437
12.4186
11.7437
12.0801
11.3487
11.7742
12.2337
11.5003
11.6219
11.6827
10.8064
11.0467
10.6566
11.4093
10.8064
10.7165
10.0027
10.3882
10.5372
10.9264
9.9141
10.0618
9.6199
9.8257
9.5612
10.0914
10.5969
9.4734
9.5026
9.2397
10.0914
8.7466
9.2689
8.6024
9.4441
8.8333
9.3856
8.8333
8.6888
8.6888
9.4149
8.9491
9.0071
8.3438
9.3856
8.2292
8.6600
7.3215
8.5160
8.7177
7.7451
8.2292
8.1435
7.6318
8.4585
5.8239
8.4298
8.3724
8.6888
7.7735
8.6888
7.8586
9.6199
8.4298
7.3215
8.8622
8.4011
8.7177
8.2292
9.5319
9.2106
8.8911
8.6888
9.8846
9.7374
9.8846
9.5612
9.9731
9.8257
10.7464
11.6523
10.6566
10.8363
11.3790
11.0769
11.4699
11.6523
12.4186
11.9575
12.4494
13.1642
13.4778
13.8247
13.6037
14.0784
13.7615
14.9107
14.2694
14.9107
15.4615
15.2665
15.4615
16.1492
16.5128
15.7553
18.1942
18.1601
17.9219
18.0920
18.9495
19.1225
19.1572
19.7496
19.8197
20.2772
20.7026
20.9521
20.9522
22.1427
22.8388
22.5814
22.7652
23.4685
24.2552
25.3583
24.5576
25.8592
25.3967
24.8614
25.5890
27.7836
27.1883
28.5861
29.0318
28.8288
29.8501
29.8089
31.0972
31.3495
31.3917
33.0134
33.0134
33.3600
34.0146
33.9270
35.7922
34.6758
34.3224
36.4711
38.3149
38.3149
38.2215
38.5488
39.9695
40.4978
41.6643
41.2733
42.4033
42.6016
44.4120
45.8522
38.3149
45.6447
46.2168
47.2685
47.7467
48.4967
48.9288
50.2401
50.7934
50.2401
52.7053
52.4778
52.4211
53.6219
55.4884
55.0763
56.9184
57.7648
58.3749
59.2371
59.1134
61.3071
61.7531
62.7819
63.8894
63.3012
65.9483
66.2177
68.1976
66.6235
68.6826
69.1005
69.4504
70.5798
71.2933
73.3967
73.9861
74.0601
74.8031
75.7031
77.2239
78.6153
79.4764
81.4648
72.0128
81.5452
83.6622
80.6642
84.9897
86.7615
85.5766
86.8467
88.5675
89.7910
92.1961
92.2863
94.3857
94.4780
94.4780
95.9671
99.4024
97.3840
98.6286
100.0844
100.2801
101.5617
105.1977
102.6589
105.8165
106.6474
108.9673
108.5417
111.3400
109.7165
111.9964
113.7671
114.3265
116.4792
115.2277
119.6139
119.3786
118.9095
119.8497
123.3267
122.7194
123.9374
125.7895
129.4585
127.7991
130.4917
131.6653
129.3300
131.2728
136.4815
134.8540
137.9933
138.1317
139.2447
141.5023
142.9350
144.0934
144.0934
143.6577
147.9359
146.4438
148.6888
149.4462
150.3613
152.8345
152.0564
153.7746
156.4767
155.3571
156.9595
161.5550
162.8983
162.0571
162.0571
164.5971
162.2249
168.7649
169.4723
171.2574
171.2574
172.1588
174.7149
174.8993
175.0840
177.1318
177.3194
177.3194
177.8840
183.4623
183.6587
185.6373
188.2511
190.5004
191.9502
194.8936
192.1585
191.9502
195.3190
197.4642
202.9661
208.6754
205.2243
206.1370
204.7700
207.5164
211.9676
208.4429
207.7475
214.8459
212.6822
216.7944
215.5738
221.7730
262.1854
221.2681
224.3214
224.5785
226.1295
230.0726
230.0726
234.3850
232.4845
236.8606
237.4157
238.8116
243.3570
239.9366
242.7822
245.0931
250.7085
250.4084
246.2603
253.1280
251.6120
252.5200
258.0684
256.5097
258.6956
260.9086
264.4417
266.7264
267.7143
269.0399
267.7143
268.0448
273.7554
273.0744
278.9435
278.2434
277.1981
278.9435
288.2855
282.4828
286.8184
289.3931
284.6384
290.8799
295.0277
294.2670
298.0999
304.7897
297.3274
309.6489
302.4031
305.1902
306.3966
305.5916
303.1955
309.2396
317.1606
326.7242
317.5860
321.4539
329.4090
321.8882
329.4090
337.2028
332.1278
329.4090
334.8813
338.1383
341.9210
333.5002
336.2712
342.3984
342.8769
345.7695
349.1923
353.1690
360.3004
355.6904
360.3004
349.1923
414.0364
363.4260
368.1946
362.3795
367.6599
363.4260
371.9719
372.5165
369.2677
379.1511
378.5911
377.4751
370.8865
378.5911
377.4751
399.0030
388.2928
396.5825
367.1265
397.1855
405.7826
415.3301
414.6824
409.5589
434.8491
410.1938
410.1938
415.9794
421.8978
435.5486
405.1586
423.2315
417.2830
429.3184
430.0035
436.9533
439.0738
431.3790
433.4558
443.3656
450.6724
436.9533
425.2449
448.4598
445.5372
441.9274
438.3651
446.2649
454.4000
451.4139
465.1109
452.9029
464.3322
466.6750
459.7042
449.9329
458.1784
467.4602
461.2384
473.8217
480.3273
472.2181
477.0562
462.0087
471.4195
476.2440
474.6268
472.2180
462.7811
462.0088
461.2385
485.3040
465.8920
466.6752
480.3273
469.8292
468.2479
480.3273
481.9766
467.4603
492.0741
480.3271
478.6870
492.0741
476.2440
506.9936
517.9859
496.3856
491.2194
499.8802
492.9315
501.6429
439.7843
500.7602
492.9315
504.3064
518.9200
510.6140
522.6844
520.7966
514.2778
503.4159
518.9199
528.4180
515.2006
535.2419
539.2081
545.2513
546.2697
555.5813
556.6328
551.4099
575.0338
551.4099
566.2477
577.2666
576.1483
595.6759
598.0476
556.6328
589.8162
585.1992
572.8156
582.9139
589.8162
611.3867
592.1480
569.5155
596.8594
599.2396
621.4126
650.5001
645.0383
633.0347
617.6198
653.2611
670.2634
634.3493
635.6687
640.9935
657.4409
638.3217
631.7249
630.4197
651.8778
683.5273
668.8171
638.3217
705.0939
674.6344
686.5374
703.5142
682.0310
656.0423
739.7651
721.2397
700.3732
697.2568
700.3732
703.5142
680.5404
700.3732
736.3348
697.2568
705.0939
708.2720
691.0956
785.1444
755.5552
724.5469
701.9406
741.4905
732.9326
729.5579
760.9520
741.4905
773.8119
783.2353
764.5875
732.9326
764.5875
768.2538
790.9216
800.7197
775.6805
781.3344
792.8641
790.9216
790.9216
823.0530
787.0618
783.2353
810.7357
796.7747
796.7747
802.7053
783.2353
842.1671
785.1444
837.8516
810.7357
859.8339
794.8152
846.5225
814.8048
804.6996
792.8641
798.7429
810.7357
855.3553
790.9216
814.8048
802.7053
866.6309
866.6309
871.2160
857.5894
902.1132
880.5179
912.0194
846.5225
922.1242
873.5249
812.7657
924.6818
862.0889
912.0194
922.1242
919.5793
922.1242
924.6818
914.5266
904.5715
885.2361
935.0416
935.0416
978.6637
912.0201
927.2523
899.6669
935.0416
967.4171
1029.2308
935.0416
899.6672
993.0597
959.1348
993.0597
945.6130
959.1348
998.9263
945.6130
993.0597
998.9263
995.9852
1001.8833
984.3763
1029.2308
1019.9656
984.3763
1001.8833
1026.1255
1010.8513
1074.5764
1045.0181
1032.3534
1067.8767
1061.2531
1045.0181
1091.6666
1177.1482
1095.1445
1051.4573
1064.5555
1026.1255
1149.8607
1004.8571
1041.8254
1120.0702
1120.0702
1084.7712
1064.5555
1112.8431
1095.1445
1067.8767
1054.7041
1019.9656
1146.0576
1016.9110
1081.3533
1081.3533
1057.9694
1105.7012
1109.2616
1120.0702
1084.7712
1095.1445
1029.2308
1041.8254
1091.6666
1091.6666
1120.0702
1165.3096
1109.2616
1081.3533
1116.4459
1095.1445
1102.1616
1105.7012
1153.6873
1064.5555
1057.9694
1146.0576
1081.3533
1074.5764
1098.6428
1105.7012
1102.1616
1134.7858
1112.8431
1116.4459
1091.6666
1146.0576
1123.7161
1109.2616
1064.5555
959.1348
1146.0576
1112.8431
1328.6401
1161.4120
1169.2313
1149.8613
1181.1426
1181.1438
1189.2104
1138.5204
1218.2618
1157.5383
1209.8286
1153.6884
1197.3794
1248.6526
1197.3794
1177.1482
1289.8484
1153.6884
1244.2256
1205.6525
1209.8286
1244.2256
1239.8275
1177.1482
1209.8286
1131.0737
1214.0317
1235.4581
1218.2618
1209.8286
1209.8286
1222.5192
1226.8042
1253.1090
1271.2327
1091.6666
1120.0702
1142.2776
1165.3083
1222.5192
1257.5948
1209.8286
1088.2089
1257.5948
1185.1644
1209.8286
1181.1438
1197.3794
1209.8286
1248.6526
1165.3083
1231.1171
1235.4581
1239.8275
1214.0317
1323.6719
1328.6394
1257.5948
1209.8286
1239.8275
1289.8484
1209.8286
1205.6525
1248.6526
1239.8275
1294.5817
1244.2256
1275.8397
1328.6401
1231.1171
1280.4778
1354.0032
1304.1454
1275.8397
1235.4581
1149.8607
1244.2256
1226.8042
1271.2327
1364.4023
1294.5817
1275.8397
1413.1007
1413.1007
1299.3472
1413.1007
1527.3477
1380.2831
1453.2758
1354.0032
1418.7123
1441.5811
1441.5811
1453.2758
1453.2758
1459.1899
1197.3794
1430.0613
1501.8843
1380.2831
1447.4064
1453.2758
1181.1438
1447.4064
1508.1752
1483.3037
1453.2758
1471.1543
1553.6355
1459.1899
1407.5304
1501.8843
1402.0010
1453.2758
1441.5811
1459.1899
1540.3872
1359.1842
1465.1493
1533.8423
1441.5811
1520.9061
1435.7996
1560.3402
1616.0007
1533.8423
1560.3402
1567.0984
1508.1752
1495.6426
1580.7845
1645.2543
1573.9130
1391.0630
1573.9141
1435.7996
1714.8671
1608.8398
1471.1543
1660.2583
1920.8625
1637.8478
1520.9081
1580.7845
1781.5784
1739.3220
2875.2297
1637.8467
1652.7241
1698.9219
1580.7845
1691.0538
2342.7898
1714.8671
1675.5226
1594.6960
1630.5039
1660.2583
1601.7386
1675.5226
1608.8398
1540.3872
1683.2544
739.7654
1608.8398
1637.8478
1872.1980
1667.8563
1691.0527
1077.9551
1961.5570
1731.0962
1722.9460
1772.9725
1731.0962
1872.1995
1881.7437
1483.3037
1790.2638
1755.9935
1601.7375
1872.1980
1772.9712
1834.9231
1853.3827
1781.5797
1807.8785
1739.3208
1816.8103
1807.8799
1971.9865
1799.0297
1706.8580
2003.9241
1920.8611
1881.7422
1910.9374
1844.1091
1971.9880
1790.2650
2036.8584
1825.8221
1862.7467
1910.9388
1698.9219
1844.1105
1698.9219
1901.1105
1722.9460
1772.9725
1781.5784
2003.9241
2070.8435
3740.1533
1862.7467
1993.1699
2105.9255
1910.9388
1910.9388
1910.9388
1901.1119
1825.8221
1862.7467
2003.9241
1781.5784
1993.1699
1993.1699
1901.1119
1477.2056
1834.9244
1982.5251
1920.8625
1891.3807
1951.2306
2048.0691
1982.5251
1807.8773
1910.9374
1961.5570
1982.5236
2036.8600
1853.3827
1993.1699
2070.8435
2082.4111
2105.9238
1862.7452
1993.1683
2094.1062
1920.8611
2179.6064
2129.9485
2987.3896
2402.4998
1901.1105
1951.2290
2105.9238
2285.8586
2258.3777
1951.2290
2117.8711
1941.0055
2036.8584
2021.6582
2059.3945
2258.3777
2154.5042
1971.9865
1920.8625
2231.5227
2082.4111
2244.8733
2218.3232
2166.9832
2129.9485
2433.4641
2258.3777
2372.2832
2299.8406
2402.4998
2357.4468
2357.4468
2313.9875
2481.3745
2129.9521
1930.8833
2342.7876
2166.9868
2449.2354
2481.3745
2565.3831
2402.4998
2179.6064
2154.5059
2402.4998
2285.8586
2402.4998
2059.3979
2372.2832
2105.9272
2402.4998
2387.2996
2357.4468
2313.9875
2299.8406
2372.2832
2565.3831
2402.4998
2731.2351
2465.2041
2692.6252
2258.3777
2142.1619
2258.3777
2481.3745
2218.3232
2342.7876
2449.2354
2433.4641
2299.8406
2313.9875
2387.2996
2357.4468
2711.7947
2328.3022
2342.7876
2154.5059
2750.9519
2117.8745
2117.8711
2205.2722
2328.3022
2166.9868
2105.9238
2402.4998
2372.2832
2299.8406
2387.2996
2673.7043
2417.8867
2357.4468
2919.1033
2832.6191
2342.7876
2105.9238
2531.1318
2313.9875
2618.4651
1533.8414
2692.6252
2402.4998
2387.2996
2673.7100
2313.9875
2417.8867
2711.7947
2481.3745
2417.8867
2342.7876
2481.3745
2770.9392
2531.1318
2673.7043
2548.1467
2433.4641
2179.6064
2531.1318
2417.8867
2342.7876
2618.4651
2673.7043
2299.8406
2449.2354
2481.3745
2357.4468
3108.3335
2673.7100
2711.8005
2636.6321
2531.1318
2636.6321
2565.3831
2673.7043
2582.8452
2673.7100
2548.1467
2565.3831
4681.8467
2417.8867
2548.1467
2853.7725
2750.9519
2565.3831
2941.5273
2964.2869
2618.4651
2770.9392
3034.6563
2600.5430
2105.9272
2770.9392
2875.2329
2731.2410
2791.2090
2449.2354
2417.8867
2514.3342
2897.0076
2897.0076
2582.8452
2582.8452
2636.6321
2941.5273
2987.3896
2531.1318
2342.7876
2692.6252
3058.8364
2919.1033
2636.6375
2853.7725
2231.5227
2791.2090
2600.5430
2342.7898
2582.8452
2342.7876
2636.6321
2692.6252
2497.7498
3212.1318
2618.4651
2791.2090
2853.7725
2875.2329
2919.1033
2875.2329
2618.4651
2548.1467
2770.9392
2711.8005
2897.0076
2600.5376
2770.9392
2600.5376
2750.9519
2964.2869
3058.8364
2750.9519
2711.7947
2897.0076
2497.7498
2673.7043
2618.4651
2636.6375
2636.6321
2387.2996
2897.0076
2811.7668
2673.7043
2433.4641
2402.4998
2655.0435
2342.7876
2565.3831
2531.1318
2449.2354
2832.6191
3043.7051
3212.1318
2853.7725
2875.2329
2582.8452
2582.8452
1930.8833
2731.2410
2600.5376
2919.1033
2941.5273
2770.9392
2655.0435
3212.1318
2770.9392
2565.3855
3034.6563
2897.0076
2497.7498
2582.8503
2791.2090
3010.8435
2731.2410
2832.6191
3322.8708
2941.5273
2636.6321
3083.3926
2791.2090
2711.8005
2897.0076
2919.1033
3058.8364
2811.7668
2941.5273
2897.0076
2832.6191
2692.6252
2919.1033
2897.0076
3058.8364
2919.1033
2941.5273
2791.2090
1961.5555
3034.6563
3185.5576
2964.2869
2897.0076
2941.5273
2791.2090
2811.7668
3294.4976
3185.5576
3472.1621
3212.1318
2875.2329
3266.5908
2941.5273
3535.5898
2853.7725
3266.5908
3212.1318
2750.9519
2770.9392
3133.6685
2875.2329
2964.2869
2750.9519
2987.3896
3010.8435
3740.1587
2791.2090
3266.5908
3322.8708
1501.8853
3010.8435
3410.9097
2941.5273
2750.9519
2711.8005
2832.6191
3472.1621
3294.4976
3159.4065
3239.1394
2941.5273
3034.6563
3133.6685
3322.8708
3108.3335
3410.9097
2941.5273
3034.6563
3239.1394
5107.5103
3058.8364
3322.8708
3108.3335
3239.1394
3133.6685
2832.6191
3441.2710
3034.6563
3704.4817
2853.7725
3635.0703
3535.5994
3010.8435
1825.8235
3322.8708
3669.4617
3133.6685
3159.4065
7004.8989
3669.4617
3704.4817
3776.5112
3889.8186
2832.6191
3669.4514
3266.5908
3212.1318
2600.5430
3212.1318
3133.6685
3929.0742
3568.1658
1343.7499
2964.2869
3133.6685
3503.5969
3239.1394
3472.1621
3294.4976
3740.1587
3776.5112
3212.1318
3322.8708
3294.4976
3212.1318
3294.4976
3212.1318
3266.5908
2897.0044
3472.1621
3601.3206
3083.3926
3851.3206
3322.8708
3503.5969
3669.4617
3969.1099
3441.2710
9074.1309
3740.1587
2964.2869
3669.4617
3813.5583
3351.7224
4227.0918
4181.8472
3212.1318
4320.5122
3535.5898
3704.4817
3472.1621
3776.5112
4009.9492
3294.4976
3535.5898
2258.3777
3239.1394
4320.5122
3568.1560
3535.5898
3535.5898
4009.9492
4227.0918
3410.9097
3535.5898
3108.3335
3159.4026
3351.7224
3601.3206
3669.4617
3503.5969
3133.6685
3704.4817
3740.1587
4137.5386
3740.1587
4009.9492
2875.2329
3322.8708
3133.6721
3381.0645
2548.1467
3441.2710
4051.6165
4227.0918
3083.3926
3776.5112
4572.7183
2048.0674
3266.5908
4051.6165
3322.8708
3776.5112
3813.5583
4520.0083
3969.1099
4227.0918
3503.5969
4009.9492
3740.1587
3776.5112
2919.1033
3472.1621
3010.8435
3813.5583
4227.0918
3929.0742
3969.1099
3441.2710
3410.9097
3441.2710
3034.6563
2875.2329
2987.3862
3740.1587
3239.1394
3889.8186
3704.4817
3635.0803
3568.1560
3601.3108
4855.4438
3239.1394
3535.5898
3322.8708
3851.3206
1257.5955
4181.8472
3381.0645
3266.5908
2987.3896
9074.1309
2750.9519
4137.5386
3034.6563
2941.5273
4855.4438
3601.3206
4051.6165
2770.9392
4051.6165
4796.1943
3813.5583
3776.5002
3441.2710
3777.3955
3969.1099
3266.5908
3472.1621
3568.1560
3776.5112
3159.4065
3669.4514
3851.3149
4468.4595
3704.4817
3058.8364
3410.9097
3568.1560
3813.5583
3813.5583
3601.3108
3813.5583
4273.3032
2142.1619
4273.3032
3381.0645
3889.8186
3635.0703
4320.5122
3669.4617
3472.1621
3889.8186
3266.5908
3704.4817
3740.1482
3322.8708
4273.3032
3503.5969
1652.7230
3083.3926
4051.6165
3381.0645
3704.4817
5042.1196
3776.5112
2897.0076
4137.5386
2853.7725
4368.7520
3351.7224
3776.5112
3266.5908
2372.2832
3212.1318
2673.7043
3381.0645
3635.0703
2342.7876
3929.0742
3472.1621
2897.0076
3929.0742
4572.7183
2964.2869
3669.4514
3381.0645
3472.1621
3159.4065
2770.9392
3034.6563
3929.0742
3266.5908
3351.7224
3294.4976
3034.6563
3159.4065
3776.5002
3813.5474
3503.5969
3635.0703
3503.5969
3851.3206
3381.0645
4137.5386
3058.8364
3601.3108
3441.2710
2919.1033
3013.6680
3266.5908
2791.2029
3034.6563
3108.3335
3294.4976
2770.9333
3410.9097
3010.8469
1714.8658
3133.6685
3322.8708
3410.9141
2964.2869
2582.8452
2832.6130
3185.5615
3010.8435
2832.6162
3212.1357
2636.6348
2964.2903
3058.8364
3351.7224
3185.5615
3472.1667
3503.5969
3635.0754
4094.1375
3212.1318
3133.6721
2941.5273
3083.3926
3058.8364
3503.6016
3410.9097
3083.3926
1755.9960
3058.8364
3441.2710
3740.1482
3535.5898
3108.3335
2048.0674
3239.1433
3381.0688
2919.1033
2941.5239
2357.4490
2497.7522
2372.2810
2357.4446
2105.9255
1755.9960
1630.5028
2094.1079
2514.3367
1993.1699
1453.2758
1667.8563
1844.1091
1941.0070
2328.3000
2673.7070
4468.4668
3108.3335
2987.3896
3266.5908
3322.8708
3239.1394
4520.0005
4418.0557
3503.5969
3889.8186
4009.9492
3266.5908
3108.3335
3813.5583
3108.3335
3969.1099
4520.0005
4320.5122
4796.1943
3889.8186
4572.7183
4855.4438
3740.1587
3568.1560
3503.6016
3669.4617
3776.5112
3969.1099
4137.5386
3929.0742
3601.3108
3704.4817
3351.7224
3813.5583
3381.0645
3969.1099
4681.8467
3601.3206
4181.8472
3239.1394
3535.5898
3929.0742
3351.7224
3969.1099
3108.3335
4051.6165
3410.9097
2673.7043
3266.5908
3351.7268
3133.6685
3322.8708
2770.9392
3133.6685
3322.8708
3381.0645
3034.6563
3058.8364
3704.4714
3410.9097
3851.3206
3133.6685
3185.5576
3133.6685
3294.4976
3410.9097
3568.1560
2964.2869
2142.1582
3212.1318
2919.1033
3294.4976
3472.1621
3322.8708
3568.1609
2811.7607
2770.9392
3381.0645
3185.5615
3294.4976
2919.1067
2964.2869
3212.1357
2531.1343
2875.2297
3010.8469
2987.3896
3266.5908
2770.9392
3133.6685
3212.1357
2919.1001
3010.8435
2919.1067
2770.9363
3635.0754
3133.6685
3185.5615
2919.1033
1853.3842
2897.0076
2832.6130
2711.7947
3133.6685
2964.2869
2811.7607
2919.1033
2548.1467
2791.2029
2166.9849
3058.8401
3108.3335
3058.8364
3472.1621
3185.5576
2964.2869
3083.3926
2750.9460
3133.6685
2750.9460
2919.1033
3159.4065
3212.1318
2770.9333
3159.4065
2941.5239
2987.3896
2811.7668
2218.3213
3159.4065
3058.8364
3159.4104
2964.2903
2481.3745
3239.1433
2673.7043
2897.0076
2791.2029
2811.7639
2692.6196
2711.7947
2750.9490
2987.3931
2791.2029
3133.6721
3322.8750
2618.4678
2711.7947
2964.2869
2832.6191
2565.3831
2692.6196
3010.8469
2770.9333
2711.7947
2897.0076
2987.3896
2791.2029
2832.6191
2770.9333
2941.5308
2964.2869
2770.9333
3058.8401
2832.6162
2565.3831
1465.1483
4094.1375
2791.2061
2674.2871
2655.0435
2548.1492
2875.2297
2692.6196
3266.5950
3294.5017
2465.2041
2832.6130
2875.2329
2636.6321
2853.7693
3058.8364
3133.6685
2897.0044
2853.7693
2811.7639
2514.3367
2770.9363
2231.5227
2497.7498
3159.4104
2875.2297
2853.7693
3083.3962
2481.3745
2449.2378
2941.5273
2565.3855
2987.3896
2791.2061
2565.3831
2791.2029
2832.6130
2731.2380
2770.9363
2711.7947
3441.2710
2497.7522
2600.5376
1764.4437
2832.6162
2750.9460
2711.7976
2742.4844
2372.2854
2731.2351
2750.9460
4681.8550
2791.2061
2692.6196
2636.6321
2582.8452
3083.3962
2750.9460
2565.3855
2387.2996
2117.8728
2711.7976
3133.6721
2449.2354
2514.3367
2548.1492
3034.6599
2711.7976
2481.3745
2618.4651
3185.5615
2673.7043
2964.2903
2402.4998
3159.4065
2342.7898
2618.4678
2655.0435
2372.2832
2731.2380
2402.4998
2582.8477
2618.4678
2548.1467
2205.2722
2548.1492
2565.3855
2832.6162
2582.8477
2531.1343
4009.9431
2919.1001
2711.7976
2372.2854
2832.6162
2497.7498
2531.1343
2433.4663
2465.2041
2565.3855
2692.6196
2692.6226
2531.1343
2875.2297
2770.9333
2465.2041
2514.3367
2582.8477
2565.3855
2514.3342
2711.7976
2328.3042
2433.4641
2565.3831
2313.9875
2387.3020
2299.8428
1520.9081
2582.8452
2673.7043
2811.7639
2565.3855
2514.3367
2465.2065
2582.8452
2357.4490
2673.7043
2433.4641
2258.3796
2285.8586
2417.8889
2433.4641
2811.7639
2258.3777
2514.3342
4320.5195
2117.8728
2154.5042
2244.8733
2548.1492
2082.4111
2328.3022
2342.7876
2497.7498
2692.6226
2514.3342
2548.1492
2117.8711
2025.7657
2417.8889
3159.4104
2548.1492
2731.2351
3108.3335
2342.7898
2313.9875
2387.3020
2117.8728
2372.2832
2531.1318
2692.6226
2750.9490
2285.8606
2328.3022
2342.7876
2244.8752
2036.8584
2192.3657
2465.2041
2082.4111
2070.8435
2449.2378
2514.3367
2372.2854
2449.2378
2299.8406
2166.9849
2192.3677
2192.3657
2548.1492
1951.2306
2514.3367
2328.3022
2244.8733
1982.5236
2154.5022
2514.3367
2357.4468
2094.1062
2166.9832
2357.4490
2105.9255
2357.4490
2218.3213
2465.2065
2402.4998
1253.1083
2328.3022
2582.8477
2514.3367
2205.2722
2129.9502
2328.3022
2166.9849
2299.8428
2313.9895
2514.3367
2548.1492
2166.9868
2285.8586
2142.1582
2192.3677
2218.3232
2205.2722
2048.0674
2192.3657
2387.2996
2285.8586
2244.8752
5461.1147
2387.2996
2105.9255
2299.8406
2328.3042
2244.8733
2449.2354
2357.4490
2244.8733
2105.9238
2117.8711
2244.8752
2313.9875
2142.1599
2244.8713
2205.2705
2166.9832
2244.8733
2342.7898
2258.3796
2285.8586
2357.4490
2105.9255
2342.7898
2082.4128
2272.0405
2117.8711
2272.0386
2387.3020
2142.1599
1982.5236
2070.8435
2129.9502
1993.1699
2531.1343
2272.0405
2192.3657
2179.6047
2514.3342
2299.8406
2192.3657
2070.8435
1667.8563
2218.3232
1343.7507
2258.3796
2070.8435
2154.5042
2166.9849
1982.5251
2070.8435
1951.2290
1844.1105
2082.4128
2342.7898
2142.1599
2025.7657
1764.4449
1951.2290
2129.9502
2036.8584
1910.9388
2328.3042
2036.8600
1862.7467
2082.4128
1901.1119
2179.6047
2094.1062
1920.8625
2003.9241
1901.1105
2094.1062
1901.1119
2272.0405
1993.1699
1910.9388
1910.9388
1920.8625
1910.9388
1961.5570
1862.7467
2070.8435
1971.9880
2514.3367
2036.8600
1993.1699
2059.3962
1910.9388
1910.9388
1862.7467
1289.8484
1781.5784
8496.4014
2328.3042
1872.1995
1807.8773
2003.9225
1781.5771
2082.4128
2070.8435
1920.8611
2205.2722
2070.8435
1982.5236
1698.9207
1930.8849
2142.1582
1755.9935
1941.0070
2154.5022
2117.8711
2094.1062
1825.8235
1982.5236
1862.7452
2082.4111
1652.7241
1910.9388
2059.3962
1747.6195
2036.8584
1993.1699
1961.5570
1799.0297
1872.1995
2129.9502
1799.0297
2025.7675
1961.5570
2082.4111
2036.8600
1993.1683
1930.8849
2105.9238
2142.1582
1910.9388
1881.7437
2048.0691
1872.1995
1862.7452
1930.8849
1834.9231
1660.2572
1637.8478
1825.8235
1901.1105
1722.9449
1881.7422
1683.2532
1834.9231
1844.1091
1834.9231
1764.4437
1853.3827
1781.5797
1872.1995
1982.5236
1706.8580
1891.3807
1834.9244
1825.8235
1816.8091
1807.8785
1910.9374
1091.6661
1891.3793
1747.6195
1546.9846
1764.4449
1731.0962
1834.9244
1862.7452
1853.3827
1601.7375
1608.8389
1772.9725
1747.6207
1790.2638
1731.0962
1601.7375
1739.3208
1683.2532
1540.3862
1739.3208
1683.2532
1645.2532
1739.3208
1739.3208
1722.9449
1706.8580
1731.0962
1790.2625
1781.5784
2313.9895
1623.2207
1781.5797
1731.0962
1764.4449
1706.8593
1615.9996
1447.4055
1722.9449
1667.8563
2565.3855
1675.5214
1790.2638
1881.7422
1993.1683
1731.0962
1691.0538
1623.2207
1645.2532
1747.6207
1594.6960
1623.2207
1630.5028
1755.9935
2070.8418
1853.3842
1637.8478
1587.7106
1489.4501
1652.7230
1961.5555
1546.9836
1594.6951
1731.0962
1739.3220
1930.8833
1739.3220
1520.9071
1645.2543
6653.3682
1514.5165
1580.7834
1637.8478
1714.8658
1495.6434
1560.3402
1630.5039
1573.9130
1731.0962
1747.6195
1567.0995
1816.8091
1816.8091
1601.7386
1489.4501
1546.9836
1508.1760
1520.9071
1816.8091
1489.4501
1546.9846
1471.1534
1546.9836
1527.3485
2036.8584
1501.8843
1546.9836
1533.8423
1667.8574
1608.8389
1413.1007
1447.4055
1514.5156
1489.4492
1553.6355
1546.9836
1489.4492
1553.6344
1489.4501
1483.3047
1441.5811
1951.2290
1477.2047
1447.4072
1630.5039
1407.5295
1495.6434
1601.7386
1608.8389
1580.7834
1471.1543
1374.9514
1418.7123
1407.5295
1244.2250
1501.8843
1424.3647
1323.6726
1413.1007
1318.7410
1520.9081
1391.0621
1501.8853
1374.9514
1354.0032
1430.0613
1343.7499
1338.6777
1359.1842
1318.7410
1369.6580
1323.6726
1294.5824
1275.8397
1418.7114
885.2364
1275.8403
1318.7410
1318.7402
1308.9774
1266.6564
1333.6410
1338.6785
1285.1479
1333.6410
1294.5830
1308.9774
1304.1461
1318.7402
1318.7402
1285.1472
1262.1099
1266.6556
1348.8588
1304.1461
1304.1461
1308.9774
1285.1472
1214.0317
1239.8275
1244.2250
1294.5824
1165.3090
1201.5028
1294.5830
1013.8725
1131.0748
1177.1476
1189.2098
1193.2820
1116.4459
1308.9774
1209.8286
1157.5383
967.4171
1222.5186
1142.2781
1189.2098
1201.5028
1138.5215
1181.1432
1149.8613
1138.5209
1209.8280
1189.2098
1185.1638
1201.5028
1102.1616
1116.4464
1074.5764
1146.0587
1095.1440
1369.6580
1930.8849
1091.6666
1088.2084
1105.7012
1153.6884
1088.2089
1105.7017
1064.5551
1134.7864
1222.5186
1161.4114
1131.0742
1091.6661
1127.3839
1064.5555
1041.8250
1067.8762
1067.8762
1074.5764
984.3763
1064.5551
1105.7006
1035.4927
1074.5764
1048.2281
1051.4568
1077.9546
1253.1090
1016.9105
1067.8762
1081.3528
1057.9694
1067.8762
1048.2281
984.3763
1013.8725
964.6415
1105.7006
1048.2286
1004.8566
1061.2526
1016.9110
1032.3534
975.8299
978.6637
1032.3534
990.1503
1019.9656
1032.3529
956.4021
967.4166
1004.8571
1019.9656
1041.8254
978.6633
1054.7041
1019.9656
1004.8571
975.8295
959.1343
1016.9105
1153.6884
975.8295
973.0109
904.5719
945.6125
904.5719
1001.8842
919.5789
899.6675
904.5719
899.6672
899.6675
904.5719
929.8353
899.6675
904.5723
885.2364
907.0427
914.5270
882.8717
912.0198
853.1317
875.8445
904.5723
892.3997
919.5789
914.5274
892.3997
889.9998
882.8717
837.8512
892.3990
831.4518
875.8445
853.1317
892.3997
857.5894
842.1671
875.8448
878.1761
864.3546
889.9998
771.9510
755.5555
781.3344
792.8641
837.8512
820.9773
823.0533
787.0618
787.0618
753.7717
779.4417
823.0536
792.8641
700.3730
762.7659
746.7108
760.9520
770.0986
757.3467
760.9520
755.5555
759.1457
732.9326
750.2267
760.9520
739.7651
736.3353
757.3467
739.7651
732.9328
711.4752
751.9954
708.2720
706.6796
700.3730
727.8810
692.6271
748.4651
744.9637
700.3730
692.6271
676.1027
665.9411
701.9404
708.2720
700.3730
692.6273
683.5278
658.8443
711.4754
679.0557
643.6849
674.6348
682.0315
654.6490
689.5707
670.2632
660.2531
677.5764
676.1027
661.6672
676.1027
661.6672
663.0865
647.7588
656.0423
634.3497
639.6553
654.6488
645.0381
630.4200
646.3961
634.3497
660.2531
650.4996
627.8235
634.3497
616.3644
618.8795
639.6551
608.9235
604.0482
617.6201
626.5325
590.9801
595.6757
596.8596
600.4354
598.0474
600.4352
613.8670
579.5144
575.0339
610.1529
556.6325
593.3199
573.9229
579.5143
572.8156
578.3887
575.0338
564.0866
596.8596
560.8715
577.2668
558.7452
558.7452
657.4407
543.2244
552.4478
557.6871
545.2515
555.5814
519.8568
540.2076
551.4099
533.2773
551.4100
521.7391
523.6328
530.3527
528.4179
503.4160
545.2515
526.4951
526.4951
532.2994
507.8947
497.2554
514.2780
478.6871
515.2008
503.4160
510.6141
507.8948
506.0954
482.8049
490.3669
484.4685
489.5172
483.6355
482.8049
481.9767
457.4185
468.2477
476.2441
467.4604
468.2479
459.7042
461.2384
473.8216
461.2384
445.5372
459.7042
452.1574
448.4598
430.0036
449.9329
442.6454
452.9029
441.2111
444.8114
449.1953
431.3791
436.9532
441.2112
421.8978
442.6455
425.2449
405.1588
425.2449
425.9194
446.9946
422.5638
420.5709
415.9794
414.0364
410.8302
399.0029
412.1078
415.9793
401.4471
399.6118
399.0030
404.5363
384.2508
395.9810
388.8757
383.6787
382.5389
394.1855
397.7898
381.4043
374.7075
385.9749
379.7124
375.8107
374.1578
377.4751
371.4285
366.5941
371.4286
375.8106
365.0047
371.9720
357.7278
350.6754
351.6695
352.1683
359.2680
356.7069
352.1683
357.7278
352.6681
356.7069
345.7695
350.6754
351.1719
345.7695
346.7420
341.4445
341.4445
330.3115
338.6076
341.9210
331.2177
328.5103
328.5103
327.6154
351.6695
328.0624
326.7242
319.7260
325.3943
321.8882
313.3707
320.1567
313.7883
310.4702
308.8310
308.4232
308.8310
308.0164
305.9937
303.1954
304.7897
302.7989
298.0999
298.0999
302.7989
291.2534
299.6540
296.5578
292.7545
286.8184
291.6276
287.9176
284.6384
290.1351
285.0000
288.6540
304.7897
284.6384
277.1982
272.3958
276.5045
271.7198
275.4688
274.0968
270.7102
264.4418
263.1490
266.7264
271.3827
266.3983
265.4174
257.4433
259.3251
258.0684
254.3503
241.6383
251.6119
253.1280
253.1280
248.0260
247.1409
250.7086
247.1409
245.0931
240.2191
240.2190
241.3535
241.3535
237.6940
237.4157
234.3850
234.9320
238.2518
229.5414
232.7547
230.3389
229.8067
222.0260
229.8067
226.9105
224.8360
221.5204
225.3521
220.7648
213.8806
214.3625
213.4001
216.3050
208.6754
209.8432
208.6754
208.2107
206.3660
205.4520
205.6800
204.0910
203.8654
205.9083
202.5185
195.9593
199.2029
200.5204
196.3877
197.8970
193.4146
193.6250
191.7422
193.4146
189.8835
189.0650
186.2363
187.0388
185.2394
185.8367
185.6373
184.6446
182.0954
176.0110
174.5307
176.1972
174.7149
176.1972
173.6136
173.0662
171.0778
174.1631
171.0778
168.2368
167.5358
167.8858
168.2368
160.3908
161.0548
162.8984
158.0932
161.3880
158.2560
159.4011
155.9957
158.2559
156.4767
154.5634
152.6785
152.3671
149.4462
150.8213
148.0862
148.0862
147.7859
147.6361
144.8231
142.7909
143.0792
144.5307
141.0757
137.5791
140.3682
138.4090
137.7170
135.9365
134.9888
132.0592
130.6216
131.1422
127.4196
131.1422
130.2326
128.3071
127.9259
126.7899
124.1826
124.7979
124.1826
126.2886
121.7545
123.9374
120.0860
119.4962
121.1557
114.1024
119.8497
115.1146
117.6297
115.9085
114.4387
112.9888
112.9888
111.9964
110.4710
111.8867
108.2235
107.0654
108.7543
105.3006
101.5617
104.7872
102.4585
101.7603
104.5826
109.8239
102.4585
96.1548
100.9681
99.2084
98.2440
97.9565
98.0522
97.7653
95.3128
93.5588
91.8360
90.3203
90.1435
88.7413
92.3767
89.2647
89.8790
88.9155
87.5312
83.7446
85.6607
86.3366
87.3596
83.3333
83.0874
81.9485
83.5799
82.7606
81.7063
80.5049
80.5845
78.8494
77.9942
77.5312
77.9169
76.0808
76.7649
76.3842
74.5051
73.4702
70.7932
73.0304
71.7243
68.6826
70.4378
72.2299
75.0272
69.3803
69.0307
68.9610
66.7592
67.6467
67.0313
63.9550
65.4120
63.7583
62.2659
63.2361
62.0732
60.9900
60.6111
61.1167
60.5482
61.1167
58.9281
58.1914
56.4388
59.9212
56.5585
56.2001
56.5585
55.4884
55.9028
53.5067
53.9684
54.0263
53.3342
52.0250
53.1049
53.4492
49.5816
50.0200
50.0200
50.1300
49.0372
49.5270
49.4179
49.8553
48.3891
47.8533
46.8986
47.4806
47.2684
47.1097
46.0603
44.8718
45.0771
44.5140
43.6521
43.4508
42.9002
43.3002
43.0000
41.7624
41.3221
41.8606
40.8360
40.9815
43.4508
40.7876
38.8778
39.4453
39.2556
38.3616
37.7102
37.5252
36.2440
37.1108
36.8816
35.9726
35.7472
36.3801
34.8532
34.3223
33.4469
34.1024
34.3224
33.5339
32.5399
32.4113
32.3685
33.3600
32.1123
31.6874
30.5539
30.9714
30.8459
30.6789
31.1392
29.2762
30.3876
29.7678
30.0150
28.8288
28.9505
28.8288
28.3845
27.7836
27.0305
26.7945
27.2278
28.4248
28.2237
26.4812
27.5448
25.8979
25.8592
25.3967
24.5576
24.7093
24.9376
24.2175
24.1422
22.9495
24.4818
23.6175
23.3941
23.5057
22.2156
23.5057
22.5081
21.0952
22.2886
22.5814
21.2386
22.4715
21.2386
21.1669
21.3464
21.7432
20.9879
19.5049
19.8197
19.9249
20.3125
19.0533
19.4352
18.6738
18.7426
19.4701
18.8805
18.5707
18.6394
18.7082
17.7185
17.7863
17.4484
17.2131
17.4821
16.8119
16.6123
16.2152
16.6455
16.6788
16.3142
16.1163
16.2812
16.3142
15.2341
15.4941
15.2341
14.6212
15.3964
14.6533
14.5892
14.5251
14.1102
14.9107
13.4778
14.3971
13.8880
14.0149
13.3521
13.4778
13.7931
13.5407
13.2268
14.3013
12.7591
12.9457
12.9145
12.5731
12.3569
12.6660
12.3877
11.7132
11.9269
11.8658
11.4093
11.2579
11.9882
10.8364
11.9882
12.3569
11.1975
9.6492
11.6523
11.0166
10.6566
10.5670
10.7764
10.9264
10.5969
10.2396
10.4775
10.9264
9.7374
10.2099
9.8846
9.5026
9.8551
9.6492
9.7080
9.3564
10.4477
9.8257
9.3272
9.2980
9.1233
8.9781
9.2106
8.8043
8.9201
9.5319
8.8911
10.2099
8.8622
8.7754
8.2006
9.0652
8.4011
8.4298
8.2578
8.0864
8.5736
8.4585
8.2292
8.0294
8.4298
8.3151
7.8870
8.0009
7.6601
7.8870
7.8302
8.2006
8.3151
8.2006
7.4060
7.7168
8.1720
7.3497
8.0864
7.4906
7.7451
11.0166
8.6024
8.8043
8.0009
8.3438
8.3724
8.8333
8.4585
8.2865
8.7466
8.9491
9.5905
8.6888
9.5905
9.9436
9.7962
9.7668
9.4149
10.1210
10.0618
11.0769
10.5670
10.9565
11.0467
11.1372
11.2579
11.5914
11.8964
12.1722
12.1108
12.6970
13.2581
13.3208
14.1102
13.8247
13.6352
14.0466
14.1420
14.4930
13.9514
14.9107
14.9430
15.3314
15.1369
16.4796
16.9787
16.4796
17.0791
18.2283
17.7524
18.2625
18.2283
19.0879
19.5049
19.9601
20.0656
20.7026
20.9879
20.8807
20.3125
20.8807
23.0603
21.6709
23.3569
23.2084
23.6549
23.5057
25.3967
24.2175
24.8233
25.9753
26.4812
26.9517
25.3583
27.5051
27.9833
29.1132
29.5215
29.5215
30.4707
31.3074
31.8570
32.3257
32.8408
33.2298
31.9420
33.5339
34.6315
35.3882
36.0177
37.3407
37.1108
37.3407
37.9886
38.1282
38.4552
40.2572
39.8739
40.6426
41.4197
42.5520
44.2594
43.7025
44.7182
45.5929
45.5929
46.4259
46.4259
46.1646
48.0672
49.3089
49.8553
50.7934
52.1379
51.9686
52.1945
53.1622
53.7949
54.3165
55.2526
57.0990
57.4009
58.0693
58.3137
60.8635
60.7372
60.6742
61.1801
62.2016
62.6526
64.0864
63.6274
66.0155
67.6467
71.4367
68.5437
70.1545
70.6508
71.7243
73.1767
72.5201
73.3233
74.8777
76.3083
75.8540
79.1624
77.9942
80.0288
81.7870
80.6642
82.8422
82.3537
84.0750
85.9136
87.7892
86.6763
87.0174
89.0899
92.0159
88.7413
92.1961
93.8336
94.2013
94.6629
96.2489
97.2889
99.4024
99.1115
101.1656
102.2585
103.3634
102.2586
105.4036
104.2764
107.8009
108.4355
110.5792
109.9315
110.7960
114.3265
114.2144
115.2277
115.1146
117.6297
118.6757
117.9773
117.8613
119.8497
121.5146
124.5514
126.6643
124.3053
125.0450
127.2934
128.0529
129.5872
131.7964
132.0592
135.5294
135.2588
138.2703
136.8919
139.6648
140.3682
138.6870
142.3599
146.1476
143.9480
147.4864
148.5379
150.2083
150.3613
153.3037
154.5634
157.4441
157.2824
157.1208
158.7455
157.2824
165.6268
175.0839
166.1448
164.0851
165.6268
167.1867
168.0612
171.9780
167.5358
185.6373
175.8251
176.1972
176.1972
181.1271
176.1972
184.2494
182.2899
188.8611
188.8611
185.8367
186.0363
193.2045
192.7852
196.1733
194.6814
195.3190
198.7663
201.4052
214.1214
204.3170
205.2243
207.2856
208.4428
207.7475
212.9212
210.0778
217.2853
215.8171
215.5737
221.0163
221.2681
222.0260
224.5784
226.1295
237.1379
215.8172
224.5784
234.3850
229.2764
239.3731
234.9320
239.9367
238.2518
239.0922
248.0260
243.0693
246.2603
252.5200
249.2131
234.3849
256.8204
252.2168
257.1316
260.9086
251.9141
255.5810
259.0101
266.0707
263.7943
266.7264
266.3983
266.7264
271.0461
273.7554
279.2944
277.5460
274.0968
275.4688
281.7696
285.0000
281.4141
287.1841
289.3931
294.2670
294.2670
296.5578
330.3115
297.3274
302.0080
301.2203
303.9910
302.0080
303.5929
302.4030
311.7083
315.4677
311.2948
321.4539
343.3564
314.2069
322.3232
318.8674
317.1606
317.5860
333.0417
330.7641
337.6700
330.7641
335.3436
339.5492
340.4948
344.3185
346.7421
343.8369
350.6754
352.6681
345.7695
352.1683
353.6711
360.8184
351.6695
361.8580
370.8865
359.7836
374.1579
361.8580
378.0325
381.4043
374.7076
372.5165
378.5911
385.3988
388.2928
391.8114
385.9749
394.7825
397.1855
395.9811
396.5825
405.7826
405.1586
409.5589
400.2221
397.7898
402.0620
422.5638
425.2449
410.1938
413.3919
411.4682
417.9373
434.1515
428.6351
428.6351
423.9009
432.0694
425.2449
432.7616
434.8493
447.7262
435.5488
439.0738
437.6583
443.3656
439.7844
449.9329
457.4186
462.0087
455.1516
527.4550
452.9029
456.6609
473.8217
463.5555
467.4604
471.4196
471.4196
473.0188
468.2477
472.2181
488.6696
490.3669
493.7911
483.6357
487.8246
491.2193
512.4406
491.2193
496.3857
471.4195
510.6141
506.9937
511.5260
515.2008
516.1264
516.1264
531.3243
531.3246
529.3837
546.2698
528.4179
516.1264
537.2190
536.2289
553.4891
542.2157
561.9397
556.6327
560.8715
567.3333
558.7452
541.2101
577.2668
579.5144
569.5157
581.7769
589.8163
581.7770
589.8163
589.8162
582.9140
579.5144
601.6355
586.3478
621.4128
616.3644
618.8795
608.9235
601.6355
601.6355
621.4124
714.7043
604.0480
634.3497
620.1441
608.9235
650.4999
626.5325
647.7588
623.9636
613.8666
643.6851
615.1134
617.6201
654.6488
640.9937
653.2609
663.0865
663.0863
627.8235
680.5409
656.0421
677.5767
676.1030
676.1030
685.0298
685.0298
692.6273
705.0939
714.7043
689.5707
706.6799
719.5960
713.0867
708.2720
706.6799
711.4752
716.3284
713.0864
721.2397
739.7654
706.6796
753.7717
743.2235
717.9587
783.2350
751.9954
788.9875
759.1457
748.4648
792.8641
759.1454
788.9875
777.5570
768.2535
812.7661
748.4648
751.9954
781.3341
835.7083
823.0533
792.8641
833.5754
848.7150
844.3395
853.1313
855.3550
878.1761
829.3377
779.4413
862.0886
848.7150
857.5890
848.7150
862.0886
917.0467
902.1139
862.0886
753.7717
882.8717
871.2163
864.3549
894.8102
894.8102
973.0113
929.8353
973.0113
882.8717
932.4316
894.8102
741.4908
909.5249
917.0467
897.2328
940.3000
950.9796
919.5789
964.6415
975.8303
970.2071
932.4316
990.1503
945.6125
902.1135
981.5129
956.4021
948.2892
1026.1250
987.2559
993.0602
1026.1250
1016.9105
927.2519
961.8808
1048.2281
1023.0366
1001.8837
1007.8456
1019.9652
1026.1250
937.6639
1029.2303
959.1343
1057.9689
1067.8762
1088.2084
1105.7017
1105.7017
1051.4568
1091.6671
1054.7037
1081.3528
1035.4927
1041.8250
1035.4927
1142.2787
1102.1621
1102.1621
1142.2781
1181.1432
1102.1621
1112.8436
1153.6877
1105.7017
1157.5377
1197.3788
1138.5209
1116.4464
1098.6433
1149.8613
1157.5377
1514.5165
1169.2307
1222.5186
1134.7864
1098.6433
1116.4464
1161.4114
1271.2333
1214.0311
1209.8280
1193.2814
1109.2621
1205.6519
1165.3090
1138.5209
1173.1769
1157.5377
1222.5186
1134.7864
1157.5377
1201.5021
1239.8269
1189.2098
1235.4574
1235.4574
1248.6520
1266.6564
1181.1432
1222.5186
1214.0311
1181.1432
1165.3090
1153.6877
1338.6785
1201.5021
1244.2250
1209.8280
1266.6570
1205.6519
1209.8280
1262.1112
1157.5377
1294.5824
1007.8456
1239.8269
1266.6570
1304.1461
1214.0311
1328.6394
1244.2250
1396.5111
1289.8491
1248.6520
1235.4574
1323.6726
1318.7402
1193.2814
1380.2822
1318.7402
1343.7499
1266.6570
1495.6434
1374.9506
1424.3647
1313.8419
1308.9774
1374.9506
1369.6571
1407.5295
1338.6777
1369.6571
1391.0621
1961.5555
1262.1112
1380.2822
1348.8580
1271.2327
1465.1501
1413.0999
1435.7987
1333.6410
1465.1501
1380.2822
1520.9071
1369.6571
1441.5802
1418.7114
1495.6416
1501.8853
1447.4072
1453.2766
1471.1552
1323.6726
1465.1483
1477.2065
1447.4055
1441.5802
1430.0604
1435.8004
1495.6434
1508.1760
1348.8580
1418.7114
1660.2572
1418.7114
1495.6434
1338.6777
1483.3047
1294.5824
1495.6434
1477.2065
1495.6416
1573.9130
1573.9130
1573.9130
1514.5165
1601.7375
1489.4501
1527.3485
1637.8467
1471.1552
1424.3647
1471.1552
1691.0527
1615.9996
1573.9130
1546.9836
1580.7834
1601.7375
1630.5039
1546.9836
1514.5165
1615.9996
1645.2532
1594.6951
1501.8853
1637.8467
1623.2207
1567.0984
1567.0984
1567.0995
1781.5771
1447.4072
1580.7834
1560.3391
1706.8580
1447.4055
1691.0527
1594.6951
1637.8467
1706.8580
1533.8414
1683.2532
1698.9207
1714.8658
1683.2532
1853.3827
2299.8406
1567.0984
1834.9218
1637.8478
1601.7375
1698.9207
1533.8414
2402.4998
1683.2532
1477.2065
1667.8563
1623.2207
1594.6951
1630.5028
1714.8658
1683.2532
1660.2572
1623.2207
1816.8091
1844.1091
1691.0527
1807.8785
1755.9960
1790.2650
1790.2650
1834.9231
1747.6219
1844.1091
1920.8611
1881.7422
2179.6064
1799.0310
1799.0310
2059.3945
1781.5797
1844.1091
1799.0310
1891.3793
1941.0055
1825.8235
1910.9374
1799.0310
1872.1980
1901.1105
1881.7422
1961.5555
2154.5059
1816.8091
1993.1683
1807.8785
1993.1683
2014.7877
1961.5555
1930.8833
3813.5583
2014.7877
1853.3827
1951.2290
1982.5236
1816.8091
1862.7452
2129.9485
2105.9272
2154.5059
1747.6219
2218.3232
2014.7877
2142.1619
1941.0055
2313.9875
2272.0386
1825.8235
1891.3793
2094.1079
1901.1105
2025.7657
2070.8418
2299.8406
1993.1683
2048.0674
2003.9225
2117.8745
1825.8235
2025.7657
2059.3945
2117.8745
2070.8452
2036.8617
2205.2722
2313.9875
2003.9225
2387.2996
2117.8745
2142.1619
2142.1619
1961.5555
2179.6064
2192.3677
2154.5059
2192.3677
2313.9875
2166.9868
2244.8733
2179.6064
2205.2722
2299.8406
2299.8406
2497.7498
2205.2722
2328.3022
2105.9272
2465.2041
2272.0386
1961.5555
2433.4641
2285.8586
2205.2722
2231.5227
2636.6321
1333.6410
2328.3022
2313.9875
2272.0386
1313.8419
2129.9521
2142.1619
2636.6321
2205.2722
2655.0488
2582.8452
2402.4998
2179.6064
2313.9875
2105.9272
2673.7100
2244.8733
2449.2354
2313.9875
2244.8733
2692.6252
2231.5227
2600.5376
2299.8406
2565.3831
2481.3745
2832.6191
1380.2822
2636.6375
1951.2290
2433.4641
2565.3831
2481.3745
2481.3745
2328.3022
2449.2354
2548.1467
2328.3022
2357.4468
2655.0488
2811.7668
3034.6563
2433.4641
2582.8452
2636.6375
2711.8005
2636.6375
2433.4641
2417.8867
2600.5376
2449.2354
2655.0488
2875.2329
2548.1467
2258.3777
2853.7725
2853.7725
2600.5376
2582.8452
2179.6064
2941.5273
2497.7498
2565.3831
2449.2354
2285.8586
2449.2354
2655.0435
2791.2090
2531.1318
2692.6252
2582.8503
2497.7498
2731.2410
2692.6252
2919.1033
2636.6375
2313.9875
2618.4705
2531.1318
2531.1318
2565.3831
2731.2410
2481.3745
2565.3831
2832.6191
2811.7668
2357.4468
2636.6375
2565.3831
2750.9519
2832.6191
2750.9519
2853.7725
2832.6191
2565.3831
2582.8452
2565.3831
2791.2090
2731.2410
2679.6992
2897.0076
2655.0488
2582.8452
2449.2354
2692.6252
2514.3342
2531.1318
2750.9519
2811.7668
3381.0645
2897.0076
2897.0076
2875.2329
3108.3335
3294.4976
2897.0076
2897.0076
2853.7725
3185.5576
2514.3342
2832.6191
3058.8364
2897.0076
2770.9392
3058.8364
2770.9363
3034.6563
2832.6191
3083.3926
3058.8364
3159.4065
2791.2090
2372.2832
3034.6563
2402.4973
2618.4705
3133.6685
2964.2869
2600.5376
3351.7224
3034.6563
3635.0803
2673.7100
2897.0076
2897.0076
3381.0645
2750.9519
3108.3335
2565.3831
3635.0803
3108.3335
3266.5908
2402.4998
2853.7725
2750.9519
3034.6563
3185.5576
3185.5576
3108.3335
3058.8364
3083.3926
2832.6191
3441.2710
3535.5898
3381.0645
3108.3335
3185.5576
3704.4817
2897.0076
2897.0076
3813.5583
3010.8435
2832.6191
3669.4617
2565.3831
2987.3896
3239.1394
3083.3926
2941.5273
2770.9392
2897.0076
3535.5898
2941.5273
2941.5273
3058.8364
2791.2090
2941.5273
3740.1587
3034.6563
2897.0076
2919.1033
2832.6191
3212.1318
2770.9392
3351.7224
3058.8364
2731.2410
2750.9519
3294.4976
2853.7725
3108.3335
3083.3926
3212.1318
3535.5898
3381.0645
2711.7976
3381.0645
3083.3926
3058.8364
3133.6685
3212.1318
2875.2329
3058.8364
3535.5898
3058.8364
3472.1621
3472.1621
3058.8364
3503.6062
3568.1658
2673.7100
3010.8435
3601.3206
3185.5576
3133.6685
3133.6685
3083.3926
3108.3335
3294.4976
4181.8472
3058.8364
3381.0645
3266.5908
3108.3298
3410.9097
2987.3896
3108.3335
2897.0076
3669.4617
3010.8435
3472.1621
3322.8708
3108.3372
3266.5908
3669.4617
3381.0645
3266.5908
3740.1587
3133.6685
3294.4976
3535.5898
3740.1587
3381.0645
2811.7668
3351.7224
3929.0742
3776.5112
3239.1394
3133.6685
4418.0557
3058.8364
3133.6685
3322.8708
3776.5112
3266.5908
2853.7725
3669.4565
2791.2090
3813.5583
2875.2329
3969.1099
3058.8364
4572.7183
3704.4817
3535.5898
3294.4976
4320.5122
3969.1099
1275.8403
3185.5576
3503.5969
4626.6523
3740.1587
3776.5112
3381.0645
1881.7422
3058.8364
3322.8708
3083.3926
3704.4817
2897.0076
3535.5994
3873.2676
3034.6563
4094.1375
4227.0918
3381.0645
3212.1318
4368.7520
3851.3206
3813.5583
4855.4438
3813.5583
3133.6685
3813.5583
3929.0742
3535.5994
3776.5112
3740.1587
3503.5969
3212.1318
3441.2800
3704.4817
4181.8472
3322.8708
3969.1099
3535.5994
4094.1375
2897.0076
3669.4617
5461.1035
3669.4617
3058.8364
4796.1943
3568.1658
3776.5112
5174.5854
3503.6062
3813.5583
2811.7668
3568.1658
9977.1689
3472.1667
1772.9738
3776.5056
5314.0566
4368.7520
3185.5537
3776.5112
3322.8667
4320.5122
3503.5969
3929.0742
4681.8467
3472.1621
3635.0803
3159.4065
4681.8467
3351.7268
5042.1196
3740.1587
4181.8472
3776.5112
3472.1621
3212.1318
4520.0005
3704.4817
3535.5994
3441.2710
5042.1196
4227.0918
3410.9097
4520.0005
3568.1658
3929.0684
3601.3206
4009.9492
3601.3206
3535.5898
3568.1658
3535.5994
3851.3206
4181.8472
3472.1714
3851.3206
4181.8472
4681.8467
5042.1196
4051.6165
3851.3206
3813.5527
4181.8472
4094.1375
4916.1445
3740.1533
3669.4617
4626.6523
4227.0850
3058.8364
4051.6165
3776.5112
3669.4617
4273.3032
3889.8186
4796.1943
4418.0557
4626.6523
4009.9492
4320.5122
3929.0684
4681.8467
8319.6279
4320.5122
3851.3206
3601.3206
4273.3032
4738.3447
5042.1196
3669.4617
3472.1621
4181.8472
4468.4595
4009.9492
4137.5317
4320.5122
4227.0918
3889.8186
4320.5122
4468.4521
4094.1375
4094.1375
3929.0742
4009.9492
3969.1099
4227.0918
4094.1375
3929.0684
3669.4565
4418.0557
4468.4595
3568.1658
4051.6104
8319.6279
4681.8467
3889.8186
4320.5122
3669.4617
4418.0557
4916.1445
4181.8472
4468.4595
3740.1587
3601.3206
3929.0742
4626.6523
2811.7668
4227.0918
4681.8467
4273.3032
4094.1375
4051.6165
6766.6265
3601.3206
3568.1609
3929.0742
4227.0918
3969.1038
4094.1375
3929.0742
4520.0005
3441.2756
4468.4595
3669.4617
4418.0483
4796.1943
3704.4817
4978.3511
3185.5576
4796.1943
4626.6523
4273.2964
5042.1196
4978.3511
4094.1375
4137.5386
4468.4595
3929.0742
4181.8472
4181.8472
4009.9492
3239.1433
4978.3511
4137.5386
3601.3157
4051.6165
4855.4438
3704.4817
3704.4766
3776.5112
4051.6104
5537.6636
5537.6636
4094.1311
4368.7520
4181.8472
5174.5854
4681.8467
5107.5103
4368.7520
4320.5122
13266.5439
3851.3206
3813.5583
4094.1375
3889.8127
4181.8472
4273.3032
4137.5386
4978.3511
3929.0742
4978.3511
4181.8472
4181.8472
4978.3511
4916.1445
4681.8467
3776.5112
4051.6165
4137.5317
4916.1445
4855.4438
5866.2134
4181.8472
4320.5054
6334.9976
4796.1943
5243.4111
4051.6165
4855.4438
4520.0005
5107.5103
4181.8472
4181.8472
5461.1035
4796.1943
3929.0684
4796.1943
4572.7183
4320.5122
4273.3032
4418.0557
5243.4111
5954.4492
5243.4111
4916.1445
3441.2756
3813.5583
3601.3206
5042.1196
5616.3853
4273.3032
5042.1196
4181.8403
3635.0803
5461.1035
5243.4316
3669.4565
3969.1038
5107.5103
4738.3447
5042.1196
3969.1099
4626.6523
5174.5854
4572.7183
7260.3022
4418.0557
4916.1445
4418.0557
5697.3115
5780.5625
4181.8472
5042.1294
4468.4521
5042.1196
4978.3511
4368.7520
5243.4111
4681.8467
3889.8186
3704.4817
5107.5200
3568.1658
4418.0557
6045.3066
4468.4521
4855.4438
4320.5122
4916.1445
3776.5112
3851.3149
6437.7480
2342.7854
7130.3462
4520.0005
3851.3149
4978.3511
5042.1196
4181.8472
4520.0005
2514.3342
4468.4595
4626.6523
4227.0918
4320.5122
4978.3511
5042.1196
4520.0005
4181.8403
3851.3206
2531.1318
3813.5527
4320.5122
3969.1099
3568.1560
3503.5969
4273.3032
4520.0005
2941.5273
3851.3206
3410.9097
3635.0703
3294.4976
2673.7070
3083.3926
4468.4595
3601.3108
3669.4514
3601.3108
2964.2869
4320.5122
1825.8235
3776.5002
3776.5002
4978.3511
4137.5386
3503.5969
3889.8071
3851.3093
3441.2710
3969.1099
4181.8472
4051.6165
3704.4714
4051.6165
3669.4514
3266.5908
3740.1482
4181.8472
4137.5386
3704.4714
3704.4714
3889.8186
3704.4817
3851.3093
4368.7588
3669.4514
3669.4514
3669.4514
3266.5908
3535.5898
4051.6165
3740.1587
4181.8472
4137.5386
4796.1943
3669.4617
3704.4817
4738.3447
5537.6636
5550.0029
4681.8467
4796.1943
5314.0566
3969.1099
4855.4438
5042.1196
4320.5122
3929.0742
4520.0005
4855.4438
4796.1943
4626.6523
5866.2393
6235.4556
3351.7224
5573.1055
4978.3511
4273.3032
5042.1196
4533.5977
4094.1375
5386.5947
5042.1196
3851.3206
3969.1099
4273.3032
4520.0005
4137.5386
3704.4817
5042.1196
5697.2871
5030.3462
4520.9297
4009.9492
4418.0557
4137.5386
2987.3896
3294.4976
3704.4714
3568.1560
4137.5386
4181.8472
3212.1357
4009.9492
3185.5576
3519.1719
3929.0742
3568.1560
3472.1621
3159.4065
4094.1375
3535.5898
3851.3206
3185.5576
3159.4065
3568.1560
3159.4065
3133.6685
3410.9097
4227.0918
3441.2710
3212.1318
4181.8472
3108.3335
3034.6563
2987.3896
3034.6563
6437.7168
4227.0918
3351.7224
3503.5969
3108.3335
3441.2710
4273.3032
4266.4150
4094.1375
3108.3298
4051.6165
3601.3108
3568.1560
3776.5112
3601.3108
3813.5474
4137.5386
3601.3108
4094.1375
4520.0005
3776.5112
2919.1033
7260.3022
3568.1560
3294.4976
4572.7183
3851.3206
4227.0918
3410.9141
5174.5854
3704.4817
2897.0076
4738.3447
4468.4595
3351.7224
3669.4617
4418.0557
4094.1375
3669.4617
3851.3206
3889.8186
4418.0557
3601.3206
3447.3115
3889.8186
4273.3032
4368.7520
3889.8127
4368.7520
4009.9492
4626.6523
4320.5122
5314.0566
4855.4438
4273.3032
3381.0645
4181.8472
3776.5112
4009.9492
4520.0005
4320.5122
7534.7524
3813.5583
3813.5583
4681.8467
3851.3206
3740.1587
3159.4065
4051.6104
3969.1099
4320.5122
4051.6165
3813.5583
4094.1375
4626.6523
3212.1318
4009.9492
7395.0156
5697.2871
3740.1587
4137.5386
4916.1445
4051.6165
3740.1587
4051.6165
4181.8472
3704.4817
3635.0803
3381.0645
3472.1621
3813.5583
3635.0803
3776.5112
4094.1375
3704.4817
3472.1621
3776.5112
3503.5969
4368.7520
3410.9141
3776.5112
3535.5947
3776.5112
3601.3108
3704.4817
3813.5583
3813.5583
3266.5908
5697.2871
3535.5898
4738.3447
3441.2710
3601.3108
3635.0803
3813.5583
4051.6165
3535.5898
3740.1587
3503.5969
3704.4817
3410.9097
3503.5969
4418.0557
3058.8364
3740.1587
3889.8186
3704.4817
3441.2710
3601.3206
3601.3108
3294.4976
4273.3032
4368.7520
3635.0803
3813.5583
3740.1587
3740.1587
3851.3206
3889.8186
4137.5386
3294.4976
3381.0645
4368.7520
3441.2710
3568.1560
3851.3206
3503.5969
4520.0005
3212.1318
3185.5576
3034.6563
3535.5898
3929.0742
3381.0645
3322.8708
3441.2710
2964.2869
3889.8186
3239.1394
3410.9097
3212.1318
3704.4817
3776.5112
4320.5122
3133.6685
3266.5908
3851.3206
3740.1587
2832.6162
3133.6685
3568.1560
3322.8708
3704.4817
9284.3691
3212.1318
3159.4065
4181.8472
4009.9492
3813.5583
3034.6563
2673.7100
2832.6191
3294.4976
4520.0005
3212.1318
3212.1318
3108.3335
2875.2329
3294.4976
3740.1587
3472.1621
2048.0674
3889.8186
3294.4976
4051.6165
3441.2710
3381.0645
3381.0645
3410.9097
3851.3206
1045.0176
3929.0742
3503.5969
3704.4817
3185.5576
3441.2710
3351.7224
3185.5576
4009.9492
3058.8364
3185.5576
3635.0703
3503.6016
3535.5898
3669.4617
3381.0645
3185.5576
3381.0645
3133.6685
3351.7224
2832.6191
3159.4065
3239.1394
2941.5273
3503.5969
3266.5908
2832.6191
3266.5908
3472.1621
2750.9519
2941.5273
3133.6685
3108.3335
3322.8708
3889.8186
3239.1394
3740.1482
3034.6563
3058.8364
3133.6685
3133.6685
3351.7224
3535.5898
3185.5576
3740.1587
3740.1587
3034.6563
2770.9392
3058.8364
3266.5908
2987.3896
3322.8708
2897.0076
3185.5576
2711.8005
3159.4065
3322.8708
3322.8708
2811.7668
3010.8435
3472.1621
3212.1318
3239.1394
3929.0742
3239.1394
2941.5273
2770.9392
3472.1621
2987.3896
3294.4976
3212.1318
3034.6563
3185.5576
2770.9392
3294.4976
2750.9519
3441.2710
3091.4961
2941.5273
2750.9519
2750.9519
2313.9875
3083.3926
3058.8364
3058.8364
2897.0076
2791.2090
2731.2410
2272.0386
2832.6191
2655.0461
2636.6321
2941.5273
2531.1318
2964.2869
2832.6191
2600.5376
3776.5112
3294.4976
2941.5273
2402.4998
3704.4817
3108.3335
2964.2869
2811.7668
2692.6252
3322.8708
3294.4976
3239.1394
2987.3896
2179.6064
2692.6252
3185.5576
2919.1033
2897.0076
2897.0076
2811.7668
2919.1033
2941.5273
2919.1033
2853.7725
3740.1587
2987.3896
2711.8005
3058.8364
2897.0076
2875.2329
2964.2869
2750.9519
2919.1033
2897.0076
2514.3342
2402.4998
2811.7668
2897.0076
2770.9392
3010.8435
2750.9519
2791.2090
3010.8435
2692.6226
2832.6191
2618.4651
2791.2090
2417.8867
2811.7668
2770.9392
2791.2090
2750.9519
2770.9392
3083.3926
2875.2329
2731.2410
2402.4998
2853.7725
3635.0703
2481.3745
2897.0076
2692.6252
2964.2869
2853.7725
2919.1033
2832.6191
2449.2354
2497.7498
2514.3342
6045.3066
2832.6191
2964.2869
2342.7876
2964.2869
2514.3342
2059.3945
2897.0076
2582.8452
2618.4705
2811.7668
2711.8005
2618.4678
2636.6375
2770.9392
2548.1467
2711.8005
3635.0703
2531.1318
2600.5376
2636.6321
2387.2996
2514.3342
2600.5376
2299.8406
2565.3831
2618.4705
2582.8452
2636.6321
2299.8406
2832.6191
2565.3831
2832.6191
2548.1467
2402.4998
2417.8867
2433.4641
3010.8435
2481.3745
2299.8406
2372.2832
2636.6321
2299.8406
2711.8005
2449.2354
2272.0386
2218.3232
2600.5376
2433.4641
2433.4641
2372.2832
2531.1318
2402.4998
2313.9875
2402.4998
2313.9875
2417.8867
2531.1318
2313.9875
2465.2041
2520.9297
2600.5376
2328.3022
2313.9875
2328.3022
2791.2090
1567.0984
2218.3232
2372.2832
2285.8586
2192.3677
2117.8745
2342.7876
2731.2410
2372.2832
2531.1318
2417.8867
2258.3777
2548.1467
2372.2832
2328.3022
2299.8406
2299.8406
2154.5059
2285.8586
2218.3232
2094.1079
2272.0386
2244.8733
2299.8406
2258.3777
2285.8586
2179.6064
2328.3022
2313.9875
2272.0386
2285.8586
2205.2722
2231.5227
2218.3232
2117.8745
2192.3677
1747.6219
1891.3778
2342.7876
2497.7498
2272.0386
2531.1318
2205.2722
2328.3022
2059.3979
2272.0386
2258.3777
1587.7106
2105.9272
2003.9225
2048.0708
2299.8406
2117.8745
2372.2832
2082.4146
2059.3979
2129.9521
2142.1619
2014.7877
1941.0070
1764.4463
2205.2722
2003.9225
1853.3827
2142.1619
2142.1619
2003.9225
2105.9272
2105.9272
1910.9374
2025.7657
2014.7877
2003.9225
2036.8584
1891.3793
2449.2354
1825.8235
2094.1079
2036.8584
2154.5059
1910.9374
2117.8745
1982.5236
1982.5236
2082.4111
2313.9875
2094.1045
1901.1105
2166.9868
2105.9272
1901.1105
2258.3777
2449.2354
1920.8611
2105.9272
1747.6219
1799.0310
2036.8584
1941.0055
1910.9374
3133.6685
1930.8833
1781.5784
2059.3945
1961.5555
2048.0674
1872.1980
1834.9231
1844.1091
1706.8605
1881.7422
1790.2650
1807.8785
1920.8611
1799.0310
1706.8605
1862.7452
1816.8091
1781.5797
1764.4463
1369.6580
1941.0055
1660.2572
1807.8785
1951.2290
1891.3793
1807.8785
1764.4463
1731.0986
1739.3232
1764.4463
1930.8833
1799.0310
1862.7452
1755.9960
1790.2650
1691.0527
1706.8605
1714.8682
1637.8467
1781.5797
1652.7253
1881.7422
1691.0527
1645.2532
1714.8682
1652.7230
1608.8389
1706.8605
1747.6219
1755.9960
1675.5214
1580.7834
1764.4463
1587.7106
1739.3232
1637.8467
1587.7106
1645.2532
1546.9836
1781.5797
1637.8467
1623.2196
1615.9996
1645.2532
1747.6219
1660.2572
1675.5237
1540.3862
1514.5165
1520.9071
1691.0527
1540.3862
1459.1908
1533.8414
1637.8467
1471.1552
1553.6344
1560.3391
1477.2065
1546.9836
1594.6951
1459.1908
1601.7375
1540.3862
1477.2065
1385.6526
1459.1908
1374.9506
1435.8004
1520.9071
1430.0604
1231.1165
2166.9868
1374.9506
1396.5111
1471.1552
1396.5111
1514.5165
1623.2207
1489.4501
1501.8853
1441.5820
1453.2766
1271.2333
1441.5820
1385.6526
1323.6726
1385.6526
1459.1908
1313.8419
1430.0621
1477.2065
1364.4016
1328.6394
1266.6570
1359.1835
1364.4016
1435.8004
1385.6526
1299.3479
1354.0024
1328.6394
1266.6570
1413.0999
1359.1835
1299.3479
1413.0999
1413.1014
1447.4072
1430.0604
1185.1638
1313.8419
1218.2625
1266.6570
1280.4785
1299.3479
1333.6410
1239.8281
1289.8491
1294.5824
1271.2333
1280.4785
1318.7402
1275.8403
1299.3479
1266.6570
1359.1835
1189.2098
1189.2098
1197.3788
1201.5021
1231.1165
1185.1638
1222.5186
1146.0582
2014.7877
1226.8036
1084.7717
1109.2621
1239.8281
1231.1178
1169.2307
1209.8280
1214.0311
1149.8613
1134.7864
1102.1621
1116.4464
1067.8762
1185.1638
1098.6433
1193.2814
1109.2621
1146.0582
1123.7167
1102.1621
1134.7864
1181.1432
1105.7017
1177.1476
1109.2621
1153.6877
1054.7037
1081.3538
1084.7712
942.9495
1105.7017
1120.0707
1010.8509
1081.3528
1067.8762
1054.7037
1054.7037
1035.4927
1081.3538
1054.7037
1081.3528
1077.9546
1057.9689
1041.8250
998.9268
1035.4927
1035.4927
1064.5551
1029.2303
970.2071
1023.0366
1035.4927
990.1503
1001.8837
964.6423
1045.0176
990.1503
1016.9105
967.4175
993.0602
990.1503
950.9796
1067.8772
970.2071
995.9856
984.3768
959.1343
956.4029
940.3000
1007.8456
945.6125
932.4316
940.3000
922.1238
899.6669
932.4316
914.5270
953.6847
950.9796
945.6125
959.1343
899.6672
1098.6433
899.6672
917.0467
935.0412
899.6672
857.5897
892.3994
917.0467
935.0412
907.0423
880.5183
878.1761
899.6672
853.1313
857.5897
912.0198
882.8717
850.9181
878.1761
844.3395
871.2163
818.9106
840.0040
816.8533
829.3377
853.1313
810.7360
814.8051
820.9773
833.5751
792.8644
810.7360
873.5253
812.7661
810.7360
790.9219
750.2265
766.4164
792.8644
760.9517
759.1454
829.3377
759.1454
764.5872
738.0466
716.3286
743.2235
738.0466
757.3467
751.9954
731.2421
647.7588
753.7717
741.4908
727.8810
713.0869
700.3730
744.9634
731.2421
703.5139
689.5705
713.0869
705.0937
694.1642
692.6271
697.2565
736.3350
705.0937
683.5276
706.6796
689.5705
695.7074
663.0867
665.9413
679.0557
664.5114
683.5276
651.8781
677.5764
653.2611
647.7588
661.6674
638.3215
663.0867
654.6492
654.6492
686.5374
642.3367
661.6674
736.3350
629.1194
639.6551
639.6551
617.6199
639.6551
642.3367
620.1439
600.4356
598.0473
595.6759
599.2396
631.7251
616.3646
602.8399
607.6985
608.9236
598.0473
589.8162
601.6357
601.6353
579.5143
599.2392
568.4227
592.1480
582.9139
557.6874
577.2666
545.2513
590.9801
560.8716
573.9229
556.6328
542.2155
566.2477
567.3334
558.7454
554.5338
564.0868
729.5581
549.3440
543.2243
535.2419
558.7454
536.2288
535.2419
531.3245
552.4478
563.0116
539.2081
534.2580
523.6329
517.0549
510.6140
501.6429
507.8947
503.4159
513.3577
506.9936
512.4404
501.6429
509.7049
493.7912
495.5183
483.6358
496.3856
489.5172
499.8802
496.3856
477.0560
473.0186
499.8802
473.0186
476.2440
476.2440
479.5059
449.9330
460.4704
463.5556
423.2316
465.1111
449.1952
459.7043
449.9330
458.9404
463.5556
442.6454
441.2111
425.2450
434.1516
446.2648
436.9532
436.2500
561.9399
427.2739
434.1516
423.9010
405.1587
432.7617
425.2450
423.9008
413.3918
397.1855
424.5721
409.5588
404.5363
411.4681
402.0620
407.6637
404.5363
392.9955
385.9748
396.5824
402.6783
398.3958
386.5522
400.8340
380.8391
388.2927
380.2751
387.7111
369.8060
369.8060
363.9510
371.9719
369.8060
365.0046
360.3005
352.6680
363.9510
361.3376
388.2927
354.6786
358.2401
358.2401
345.7694
360.8184
346.2552
338.6076
354.6786
368.1945
354.6784
347.2299
340.9692
339.0779
337.2028
325.8366
324.5123
328.5103
336.2712
333.5001
334.8813
325.8366
323.6340
336.7365
321.8882
342.3984
324.5123
333.5001
314.6263
309.6490
307.6102
313.7883
311.7083
309.2396
308.4232
303.1955
303.9911
296.5578
303.9911
299.6539
300.0444
300.0444
295.7913
295.4091
293.5092
289.3932
294.2670
287.5506
286.4534
285.7253
278.5930
286.0889
277.8943
276.1587
276.8510
281.4140
271.3827
270.0402
268.0448
275.1249
273.0744
274.4389
268.7075
255.5810
262.5061
269.3727
265.7437
261.8654
258.0683
258.3818
258.3818
260.9086
256.8203
255.5810
250.1088
251.0091
251.0091
245.3841
248.3220
248.3220
245.9677
240.5019
236.8606
243.0693
235.4807
234.1121
238.5315
237.4158
236.0313
231.1402
228.7477
225.3522
227.6954
222.5333
219.7629
222.5333
221.0163
220.0128
218.2718
220.7648
216.3051
207.7475
217.5314
207.9790
213.8805
209.8432
209.6089
203.1904
209.1415
203.4151
204.7699
201.4052
202.0722
198.1139
199.4217
198.5485
199.2029
194.4695
179.4008
191.9502
193.2045
189.0650
187.8459
189.0650
199.2029
187.8459
184.4468
185.6373
182.4846
186.4365
182.0955
183.4624
179.0201
173.4308
173.2484
179.0201
178.8301
173.0662
169.8275
170.1835
168.4126
169.1182
167.5358
164.7681
165.2827
162.5612
163.7449
162.2249
161.0548
159.5655
159.8950
157.2824
156.1558
155.9957
154.7218
154.8803
153.3037
149.9029
151.2831
149.5983
148.2365
150.0555
146.5922
144.9695
145.1162
143.3681
140.5094
141.3599
141.0757
140.0863
137.9933
136.6182
138.8262
136.4815
133.6480
132.8509
133.7814
135.3940
134.1825
131.7964
130.8816
130.6216
124.9214
125.5408
124.5513
125.1687
125.1687
122.8406
121.7545
120.0860
120.9171
119.7317
119.6139
113.8787
115.4542
116.2506
116.2506
114.5511
109.6091
112.2161
112.2161
111.0133
107.2750
108.9673
110.1469
104.7872
106.3350
105.7131
105.6098
106.5432
103.2625
101.8597
102.2585
101.4625
99.5968
99.1115
94.1093
96.9094
96.9094
96.9094
94.1093
94.3857
92.9205
92.8296
93.6503
91.8360
90.6747
92.0159
90.4088
87.2739
87.7892
86.3366
86.0825
87.8754
84.9897
86.4214
83.9097
84.4066
82.8422
81.3844
81.6257
78.4597
79.0840
79.3193
78.2266
77.3774
76.9176
77.6082
76.1566
74.8777
73.9861
72.9573
73.7646
72.4475
71.5804
70.8645
69.2403
69.7313
70.7220
70.5087
70.1545
68.0595
67.0313
67.8529
65.7468
65.6797
65.9483
64.0864
64.2180
63.3012
62.5234
61.4979
61.1167
61.3071
61.3706
58.9281
59.2371
58.8049
58.0693
60.2341
57.0990
57.6433
56.6183
55.7842
54.7832
54.4912
54.7832
54.3747
53.5642
51.5187
52.0814
52.7622
51.5187
50.9045
50.2401
49.3633
49.6362
50.4610
49.0372
47.7467
48.1207
46.9514
46.5831
47.0569
46.3213
46.7407
45.0771
44.9744
43.7530
44.4630
44.0058
44.1071
42.7010
42.9002
42.1561
41.2246
40.4496
40.2572
39.7784
40.1132
39.7784
40.1132
39.5403
39.5403
39.0664
37.9886
37.7565
37.4329
38.0351
37.5714
36.6532
35.7472
35.2094
34.6315
35.3434
34.8976
33.7520
33.2298
32.7547
33.0999
33.0567
33.0134
32.2830
31.4338
30.0976
30.9714
31.0972
31.3916
30.3876
29.8501
29.6446
29.1946
29.8089
29.3170
28.5861
28.8694
28.0633
27.3069
28.1435
27.1883
27.3069
26.6376
26.2861
26.7945
26.1305
25.0521
25.0139
25.4735
25.2050
24.7473
24.0294
23.5430
24.2552
23.4685
23.0234
23.5057
22.9495
22.2886
23.0603
22.4348
21.5265
22.0335
22.4348
21.0594
21.9245
21.2027
21.4904
20.7738
20.5250
20.5960
20.1713
19.5398
19.7496
19.2961
19.4352
19.6097
19.4004
19.1225
18.5707
18.3993
18.1260
18.4678
18.1942
17.9219
17.8202
17.2467
17.3475
17.2803
16.7120
16.7786
17.2467
17.1461
16.4465
16.5128
15.8863
15.1693
15.4615
15.7225
15.3639
14.9430
15.3314
14.6533
14.3332
14.2057
14.3013
14.7176
14.4931
14.3332
14.2694
13.6983
14.0149
13.3521
13.3208
13.6037
13.0392
12.6660
12.7280
12.9768
12.3877
12.7280
12.7591
12.5112
12.4494
12.3877
12.0495
11.7437
11.4396
11.8964
11.1372
10.9865
11.0166
10.9865
11.2579
11.1070
11.8352
10.4179
10.2099
11.2882
10.4775
10.1803
10.0914
10.1803
10.5969
10.1803
9.6199
9.6492
9.3564
9.5026
9.5612
9.2980
9.8846
9.7080
8.8622
8.7177
8.8043
8.6024
9.0361
9.4149
9.4441
9.2980
9.0071
8.8333
8.9201
8.7466
9.0942
8.5736
8.2006
8.6312
7.9724
8.2292
7.5470
7.7168
8.0864
8.3151
8.2006
8.4873
7.9155
7.4906
7.7451
8.0864
8.3151
7.6036
7.8586
7.6601
7.7168
7.7168
7.9724
7.7168
7.7168
7.6318
7.6884
7.5188
7.5188
7.7451
