15.1369
15.1045
15.2665
16.7453
17.8880
18.4678
19.1225
20.4895
21.5265
21.4904
22.8388
23.8419
24.3684
25.8205
26.7160
28.3443
28.3041
29.7267
30.2632
31.7722
32.5828
33.9270
35.0756
36.5165
36.6988
38.7836
39.5879
40.8360
42.2055
43.7025
44.7694
45.6447
47.6934
48.1208
50.1850
51.6871
53.1622
56.7382
57.4615
54.3166
58.6818
60.0462
61.6892
64.2839
66.1503
67.6467
68.9610
71.8684
72.5201
76.0808
75.5524
79.0057
79.7916
81.5452
83.0874
87.0174
86.6763
91.0305
92.6482
93.0114
97.6698
98.0522
100.9681
101.9593
102.4585
107.2750
106.6474
110.5792
112.9888
114.8888
116.9380
118.7925
122.1154
122.3566
126.7899
130.1032
131.2728
133.5148
134.9888
136.4815
138.9655
142.9350
144.8231
150.0555
150.6678
150.3613
156.1558
158.4189
157.7682
161.3880
165.2827
168.0612
170.8985
171.6172
171.9780
179.9739
186.0363
185.6373
189.6785
189.6785
193.8356
194.4695
196.8174
203.8653
204.0910
206.8251
211.0198
211.9676
211.9675
218.2717
219.7629
224.5785
225.8699
225.8699
228.4839
244.2229
237.4158
243.0693
249.8098
245.3842
250.4084
253.4327
257.1316
259.9569
263.7942
269.7062
270.7102
276.1586
281.4140
285.0001
289.3931
293.1314
293.5092
273.0744
306.3966
301.6138
308.8310
322.3233
315.8896
319.7260
326.2799
330.3115
335.8069
340.4948
342.3984
348.7000
351.6695
360.8184
362.3794
365.0046
363.9509
366.5941
375.2586
383.6787
380.2751
380.2751
381.9709
397.1855
396.5825
394.7826
410.1937
418.5932
398.3957
377.4751
424.5720
413.3917
417.2830
352.6681
430.6903
435.5486
444.8113
419.9100
441.9274
462.0087
462.0087
455.1516
446.9946
470.6231
486.1419
477.0562
518.9202
485.3040
532.2991
517.0548
517.9860
493.7911
525.5381
500.7601
524.5840
504.3062
517.0548
524.5840
573.9229
542.2154
566.2476
555.5816
557.6874
579.5141
563.0116
542.2154
556.6327
566.2476
587.4998
587.4999
732.9326
590.9801
656.0425
626.5320
588.6562
649.1270
663.0865
629.1194
521.7391
657.4409
705.0939
638.3215
615.1134
661.6672
643.6851
692.6271
636.9929
654.6492
645.0381
636.9926
657.4407
656.0425
709.8705
665.9411
779.4420
676.1025
697.2565
701.9409
685.0294
729.5579
714.7043
709.8705
717.9589
722.8900
753.7717
717.9589
806.7027
721.2397
741.4905
773.8119
781.3344
850.9184
796.7747
833.5747
796.7747
844.3398
846.5228
814.8048
814.8051
868.9183
871.2160
804.6996
904.5723
929.8356
868.9180
871.2160
829.3373
929.8349
975.8303
853.1320
889.9998
981.5129
922.1238
909.5245
850.9184
864.3546
937.6639
964.6415
942.9499
914.5266
978.6637
907.0423
902.1135
981.5129
940.3004
846.5228
909.5245
1007.8452
990.1498
1032.3529
924.6815
981.5129
919.5786
978.6637
1041.8245
967.4171
1064.5560
1054.7041
1054.7037
1038.6495
1054.7037
998.9268
1045.0172
1054.7041
1064.5555
1095.1450
1054.7037
1112.8436
1084.7712
1077.9546
1048.2286
1098.6428
1095.1445
1067.8772
1197.3794
1105.7012
1071.2169
1091.6666
844.3395
1153.6873
1142.2776
1157.5377
1214.0323
1201.5028
1091.6666
1173.1769
1280.4785
1169.2307
1257.5948
1205.6525
1218.2618
1222.5192
1067.8767
1299.3472
1193.2820
1226.8048
1226.8042
1257.5948
1266.6564
1209.8286
1226.8042
1266.6570
1231.1171
1289.8491
1235.4581
1380.2831
1266.6570
1323.6719
1304.1454
1244.2256
1396.5120
1354.0024
1413.1007
1354.0017
1235.4581
1343.7491
1402.0018
1318.7402
1413.1014
1343.7499
1257.5955
1313.8412
1396.5120
1313.8419
1391.0637
1501.8853
1435.8004
1465.1501
1214.0317
1364.4009
1354.0024
1477.2056
1477.2056
1483.3047
1477.2065
1396.5128
1369.6564
1514.5156
1391.0630
1453.2758
1396.5120
1424.3665
1527.3477
1430.0613
1402.0010
1580.7834
1527.3485
1430.0613
1483.3037
1391.0637
1514.5156
1385.6526
1527.3485
1799.0297
1540.3853
1567.0984
1275.8397
1560.3381
1520.9071
1540.3862
1418.7131
1667.8574
1546.9827
1594.6951
1527.3477
1567.0974
1396.5120
1407.5313
1601.7375
1652.7230
1683.2544
1533.8405
1501.8843
1772.9738
1567.0974
1601.7375
1872.1980
1616.0007
1731.0974
1691.0551
1722.9460
1489.4492
1691.0551
1660.2583
1560.3381
1533.8414
1683.2544
1675.5226
1594.6940
1580.7834
1764.4463
1739.3232
1637.8467
1807.8773
1637.8478
1971.9865
1781.5797
1722.9460
1722.9473
1691.0538
1652.7241
1714.8671
1573.9120
1623.2207
1683.2544
1652.7253
1807.8773
1698.9219
1706.8593
1731.0986
1652.7241
1747.6207
1675.5226
1755.9960
1667.8574
1675.5226
1825.8235
1816.8091
1747.6219
1747.6207
1799.0297
1560.3391
2481.3770
1706.8605
1853.3827
1834.9218
1691.0538
1834.9218
1844.1091
1764.4449
1781.5784
1930.8818
1816.8077
1747.6219
1755.9948
1862.7452
1739.3220
1881.7408
1764.4463
2205.2705
2082.4128
1816.8077
1799.0297
1844.1077
1971.9865
1872.1980
1764.4463
2025.7675
1616.0007
1495.6434
1834.9218
1844.1091
1993.1699
1993.1699
1790.2638
1930.8818
1772.9738
1971.9880
1790.2638
1872.1980
2192.3657
1961.5555
1781.5784
1580.7825
1772.9725
1862.7452
1645.2532
1881.7408
3159.4026
1816.8091
1844.1077
1825.8235
1816.8077
1834.9218
1920.8611
1844.1077
1891.3793
2082.4128
1920.8596
2003.9257
1961.5570
2059.3979
1862.7452
1993.1699
1691.0538
2142.1619
1891.3778
1961.5570
1781.5784
1993.1699
1872.1967
2025.7675
1941.0040
2059.3962
1982.5236
2036.8617
1901.1105
1971.9865
1941.0055
2059.3962
2025.7657
2003.9257
2231.5208
2417.8843
1930.8818
1825.8221
1853.3813
2166.9849
2402.4973
1971.9865
2036.8600
2003.9241
1982.5251
2048.0708
1901.1091
2048.0708
2048.0691
2048.0691
2048.0708
2179.6047
1993.1715
2129.9521
2025.7675
2179.6047
2285.8586
2059.3979
1993.1699
1993.1699
2082.4128
2357.4490
1951.2290
2218.3232
1993.1699
2244.8733
2244.8713
1982.5251
1799.0297
2070.8435
2048.0691
1920.8611
2129.9502
2036.8617
2036.8617
2154.5042
1816.8091
1872.1967
2231.5227
2166.9849
2070.8452
2036.8600
2154.5042
2059.3962
1587.7106
2179.6047
2548.1492
2070.8452
2082.4146
2094.1062
2059.3962
2117.8728
1862.7452
1910.9359
2565.3855
2514.3342
2465.2041
2142.1599
2258.3777
2025.7675
1834.9218
1951.2306
2231.5227
2154.5042
2244.8733
2048.0691
2179.6047
2357.4468
2192.3657
2142.1619
1982.5251
1982.5236
2117.8745
2372.2810
2129.9502
2142.1599
2166.9849
2014.7893
2036.8600
4681.8467
3813.5527
2166.9849
2014.7877
2244.8733
2272.0386
2003.9241
2258.3757
2070.8435
2342.7854
2070.8435
2272.0386
1739.3220
1790.2638
2205.2722
2192.3677
2272.0366
1941.0055
2372.2810
1961.5570
2449.2354
2299.8406
2313.9875
2192.3657
2673.7100
1891.3778
2357.4446
2129.9502
2205.2705
2285.8564
2166.9868
2094.1062
2166.9849
2129.9521
2003.9241
2129.9502
2192.3677
2636.6348
2258.3757
1881.7408
2014.7910
2231.5227
1971.9880
2313.9875
2387.2974
2003.9241
1961.5570
2036.8617
2082.4128
2117.8745
2154.5042
2372.2810
2036.8617
3058.8328
2357.4446
2070.8452
2258.3757
2299.8406
2166.9849
2449.2329
2481.3770
2372.2810
2258.3777
2565.3855
2231.5208
2272.0366
2299.8386
2192.3657
2481.3745
2565.3855
2299.8406
2231.5208
2465.2065
2192.3657
2582.8477
3185.5537
2059.3962
2313.9854
2372.2810
2129.9502
2387.2974
2449.2354
2070.8435
2166.9849
2433.4617
2372.2810
2514.3367
2258.3757
2811.7639
2328.3022
2154.5042
2244.8713
3159.4065
2166.9849
2433.4641
2129.9502
2433.4641
2231.5208
2387.2974
2154.5042
2433.4641
2094.1079
2497.7498
1941.0040
2179.6047
2673.7070
2142.1599
2449.2378
2258.3757
2731.2410
2791.2061
2244.8713
1982.5236
2231.5208
2342.7876
2192.3657
2105.9255
2218.3213
2154.5042
2285.8564
2465.2019
2244.8713
2357.4468
2299.8406
2372.2810
2402.4998
2655.0488
1834.9218
2313.9854
2272.0386
2342.7854
2313.9875
2218.3213
2299.8386
2449.2329
2387.2974
2342.7876
2417.8867
2565.3882
2750.9519
2731.2410
2402.4973
2025.7675
2231.5208
2402.4998
2465.2041
2218.3232
2531.1343
2433.4641
2791.2090
2372.2810
2105.9255
2094.1062
2417.8867
2417.8843
2285.8564
2244.8713
2465.2019
2192.3657
2272.0366
2179.6047
2179.6047
2231.5208
2142.1599
2192.3657
2231.5227
2313.9875
2272.0366
2082.4128
2258.3777
2154.5042
2154.5059
2166.9868
1982.5251
2154.5042
2154.5042
2025.7690
2179.6064
2129.9521
2048.0691
2433.4641
2070.8452
2070.8452
1961.5570
2166.9849
2531.1343
2272.0366
2465.2041
2117.8745
2129.9502
2357.4446
2142.1599
2166.9849
2154.5042
2433.4641
2036.8617
2342.7876
2094.1062
2059.3962
2179.6047
2014.7893
2094.1062
2154.5059
2048.0691
1993.1699
2129.9502
1816.8077
2600.5403
1961.5555
2299.8406
2417.8889
2003.9257
2179.6047
2003.9241
2205.2722
2036.8617
2048.0691
2025.7690
2192.3657
2003.9241
2059.3962
2218.3232
1971.9880
2154.5059
1951.2275
2372.2810
2025.7675
2036.8617
1982.5251
1930.8818
1993.1683
2218.3232
2244.8733
2285.8586
1993.1699
2272.0386
1951.2306
2003.9257
1214.0317
1971.9865
1982.5236
2179.6064
1941.0055
2166.9868
2048.0708
2070.8435
2094.1062
2025.7675
2205.2722
1971.9865
1862.7439
1872.1980
1993.1699
2129.9502
1714.8671
2025.7675
2166.9868
2205.2722
2014.7893
1807.8773
1816.8077
2179.6047
1941.0055
2003.9241
2244.8733
2166.9849
2014.7893
1901.1091
1781.5784
2285.8586
1872.1967
2059.3962
2025.7675
1951.2290
1982.5236
2094.1062
2166.9849
1891.3778
1587.7117
1872.1980
1747.6207
2059.3962
2094.1079
2117.8711
1772.9725
1881.7408
1714.8671
7130.3271
2014.7893
1930.8818
2070.8452
2179.6064
1920.8611
2048.0691
1930.8833
2025.7690
1961.5570
2105.9272
1881.7408
1872.1980
2003.9257
1901.1105
1993.1699
1853.3813
1807.8773
2036.8600
1799.0297
1910.9359
2014.7877
1901.1105
1652.7253
1825.8221
1971.9865
1993.1715
1834.9218
1580.7825
1747.6219
1941.0070
2433.4617
1698.9230
1881.7408
1825.8221
2025.7690
1772.9725
1764.4449
3108.3298
2154.5042
1630.5039
1941.0040
1807.8785
1872.1980
1675.5226
1781.5784
1755.9960
1731.0974
1816.8091
1930.8833
1698.9219
1816.8091
1601.7375
1731.0974
1675.5226
1477.2056
1862.7452
1580.7825
1573.9120
1645.2554
1698.9219
1781.5797
1683.2544
1623.2218
1594.6951
1587.7096
1645.2532
1508.1752
1799.0297
2014.7910
1853.3827
1580.7825
1623.2196
1560.3391
1580.7825
1834.9218
1587.7096
1675.5226
1660.2583
1739.3232
1714.8671
1623.2218
1615.9996
1615.9985
1459.1899
1527.3477
1731.0986
1637.8478
1683.2555
1706.8593
1465.1501
1483.3037
1447.4064
1698.9230
1608.8398
1459.1899
1587.7096
1501.8843
1527.3477
1608.8389
1520.9071
1587.7106
1435.7996
1587.7106
1418.7123
1580.7834
1465.1493
1546.9827
1418.7123
1391.0630
1608.8389
1471.1543
1630.5028
1453.2758
1477.2056
1495.6426
1402.0010
1560.3381
1453.2758
1514.5156
1483.3037
1407.5313
1391.0630
1328.6387
1402.0010
1396.5120
1441.5820
1731.0986
1304.1454
1257.5955
1348.8573
1471.1552
1364.4023
1424.3665
1587.7096
1308.9767
1459.1899
748.4648
1308.9767
1385.6534
1385.6534
1508.1752
1402.0018
1271.2327
1131.0737
1304.1454
1413.1014
1289.8484
1262.1105
1231.1171
1354.0017
1338.6777
1045.0172
1294.5817
1222.5192
1285.1472
1328.6387
1308.9774
1343.7491
1374.9506
1201.5034
1197.3794
1209.8286
1308.9767
1244.2256
1235.4581
1173.1763
1149.8607
1161.4108
1226.8042
1222.5199
1161.4108
1201.5028
1197.3788
1209.8286
1201.5021
1123.7161
1235.4587
1169.2301
1153.6873
1146.0576
1235.4581
1527.3485
1218.2625
1189.2098
1088.2095
1088.2089
1105.7012
1041.8245
1134.7864
1098.6428
1077.9551
1109.2616
1081.3533
1123.7161
1142.2781
1285.1472
998.9263
1102.1621
1064.5555
1013.8720
1032.3524
995.9852
1102.1616
1091.6671
953.6843
1057.9698
1074.5764
1032.3529
1016.9105
1146.0576
1116.4464
984.3763
998.9263
998.9263
950.9800
978.6637
978.6641
970.2067
1026.1250
956.4025
942.9499
937.6643
922.1238
890.0002
904.5715
940.3008
882.8717
927.2519
833.5754
964.6419
864.3546
882.8717
855.3553
850.9188
864.3546
857.5897
844.3395
871.2163
875.8452
857.5897
820.9770
816.8530
844.3395
783.2353
842.1671
783.2353
794.8152
783.2353
785.1444
785.1444
744.9632
810.7360
764.5875
775.6805
798.7429
739.7649
760.9517
701.9406
781.3347
729.5579
741.4905
726.2104
714.7043
732.9328
746.7105
746.7105
685.0298
700.3732
701.9409
691.0956
691.0956
705.0939
679.0555
657.4407
670.2632
685.0294
656.0423
622.6855
664.5114
646.3959
629.1194
633.0350
612.6245
615.1134
631.7249
608.9235
620.1437
606.4774
593.3201
581.7770
600.4354
594.4961
573.9229
587.4998
599.2396
563.0116
563.0114
551.4100
610.1529
539.2080
563.0116
544.2361
534.2578
520.7966
529.3839
526.4951
514.2781
517.0549
509.7049
499.0025
489.5170
507.8947
491.2193
477.0563
485.3040
485.3040
487.8247
469.0373
477.8705
464.3323
485.3040
472.2180
460.4703
458.1785
453.6504
462.0087
455.9053
455.9053
446.2649
431.3791
441.9272
417.9373
422.5638
425.9195
419.2508
399.0030
414.6823
400.2221
391.2213
404.5363
407.6636
384.8240
387.1310
388.8756
377.4751
370.3457
366.0630
365.5332
374.1580
360.8184
366.0630
362.3793
339.5492
356.1981
352.1683
356.1981
343.8368
342.3983
358.7535
331.6723
350.6754
333.0418
328.9591
322.7593
329.8597
321.4539
319.2963
308.4232
309.2396
300.0444
297.7133
291.6275
296.5577
294.6469
293.1314
290.1351
286.4534
285.3623
280.7048
277.1981
274.7816
272.0576
269.3727
270.0403
267.7142
260.5908
261.2270
261.5459
254.9645
249.2131
252.8237
243.0693
247.7304
243.0693
237.6940
237.1379
229.5413
233.0253
228.2207
226.6498
222.0260
218.0246
217.7778
216.7944
217.0397
211.0198
217.0397
208.9082
207.5164
207.2856
205.9084
199.6408
197.0326
193.8356
193.4145
192.7852
189.4737
186.4365
185.6373
186.4365
185.2394
158.4189
178.8301
171.6172
171.2573
171.9780
169.4723
166.3178
163.9149
165.1109
157.6061
157.4441
156.9595
156.9595
150.3613
148.9912
149.5983
146.1475
145.4100
144.0934
141.3599
138.4090
136.7550
133.5148
132.4543
129.9740
129.9740
127.0413
123.8150
124.9213
122.1154
120.5602
121.3949
117.6297
115.5676
112.8781
112.8781
110.4710
107.6955
108.0120
106.8562
103.3634
104.2765
101.5617
97.8608
100.3781
95.4993
93.8336
93.5588
92.0159
91.5667
90.2318
88.8283
88.2208
86.2518
83.9923
81.3844
81.0636
80.9836
79.3193
76.2324
76.2324
73.9861
74.1341
71.7243
71.7243
69.2403
69.1704
68.6826
67.9217
65.0786
65.2785
61.4979
61.8810
60.7372
59.8588
59.2991
56.2598
56.7382
56.6783
54.7832
54.3166
53.5067
52.3644
51.3507
51.0715
50.0200
49.6362
47.5337
47.9602
45.5412
46.3736
45.0258
44.5140
41.8115
42.8503
41.6153
40.4496
41.4686
39.9217
39.3503
38.3616
37.5714
36.9274
36.7445
35.5675
35.7022
33.7520
32.8408
32.1976
32.0271
30.0976
30.7206
31.2232
29.3579
28.4651
29.0725
28.4248
27.5051
26.6768
26.5593
26.2861
25.5890
25.1285
25.4351
24.2175
24.2175
23.5057
22.8757
22.5447
22.7652
22.3251
21.7432
19.8547
20.7382
19.8547
20.6315
21.4184
18.9495
19.2961
19.2961
18.8115
18.0239
17.2131
17.5833
16.9787
16.7120
16.6123
16.4465
15.6572
15.6898
15.7225
14.7819
14.6212
14.3971
13.8247
13.5407
14.3332
13.6037
13.1017
12.8212
12.6350
12.0801
12.5112
11.4093
11.5003
11.9882
10.8664
10.6566
11.5610
12.8212
11.9575
13.6037
13.9831
14.5571
14.3971
16.0834
16.5128
16.6455
17.3139
17.4148
19.2613
20.7026
20.6670
21.6348
20.9521
22.9495
25.0139
23.6175
24.6713
25.9366
26.7552
27.7836
28.6669
29.6856
31.5183
31.9845
32.6687
33.7083
35.1647
36.8816
38.0351
38.5488
38.9720
40.9330
40.6909
42.7010
43.8540
46.0603
46.8986
48.1208
50.4057
51.4067
52.4778
52.7622
55.1938
55.9622
57.6433
60.1714
60.9267
61.4979
64.8792
67.0313
67.1677
69.0307
71.4367
71.7243
76.5363
76.3083
77.2239
78.4596
82.2725
84.4066
86.4214
86.9320
89.7031
88.8283
94.9409
95.1267
96.3429
100.0844
101.7603
104.7872
107.4850
109.7165
110.6876
112.9888
115.7948
118.3259
119.6139
124.5514
123.5706
126.6643
128.0529
129.2017
132.5863
135.5294
138.5479
138.6870
141.9303
144.3848
148.5379
151.7465
152.6785
156.3161
157.7682
162.0571
164.7681
168.7649
171.6172
172.1588
171.6172
180.1655
180.9343
185.2394
184.6445
189.8835
194.4695
195.1062
207.7475
202.2952
205.6800
204.9970
211.4930
211.7301
217.0397
217.5314
219.5134
225.0938
226.3894
230.0725
225.0939
232.2148
239.0922
238.5315
245.9678
249.8097
250.4084
269.3727
258.3817
264.1177
265.7437
265.0916
272.7348
270.7102
280.7049
283.9171
286.8184
295.4091
299.2643
298.8754
297.3274
300.4357
303.5929
309.6489
321.4540
319.2963
327.6153
328.9591
329.4089
327.6153
335.8069
336.2712
347.7188
349.6856
352.6681
359.7837
359.7837
358.2401
374.1580
376.9191
371.9720
377.4752
383.6787
386.5521
387.7110
391.8114
407.0351
407.6637
423.2315
394.7826
419.9100
426.5957
421.8979
430.6904
437.6581
440.4967
439.7842
454.4001
453.6504
453.6504
475.4344
470.6231
461.2385
477.0562
477.0563
483.6357
487.8247
489.5170
494.6535
507.8947
517.0548
525.5382
515.2008
521.7391
520.7966
520.7966
539.2080
560.8716
536.2288
559.8068
548.3163
546.2698
575.0339
570.6119
552.4479
557.6874
565.1655
563.0114
589.8162
584.0544
594.4961
588.6562
604.0482
616.3646
607.6983
618.8795
616.3646
623.9634
610.1531
667.3766
618.8795
636.9926
658.8445
631.7251
654.6490
642.3369
667.3766
657.4407
670.2634
674.6346
686.5372
717.9589
679.0555
671.7148
679.0557
899.6672
695.7076
708.2720
719.5960
741.4905
734.6304
724.5471
731.2418
750.2265
739.7649
777.5570
744.9634
787.0618
743.2235
808.7147
777.5570
751.9954
773.8119
808.7147
808.7150
751.9954
806.7030
779.4417
866.6312
846.5228
862.0889
842.1671
848.7154
862.0892
887.6122
842.1671
909.5249
897.2324
885.2361
894.8102
909.5245
871.2160
927.2519
940.3004
904.5715
871.2160
922.1242
897.2328
873.5249
917.0463
940.3004
929.8353
1001.8833
964.6423
945.6130
892.3990
1013.8725
981.5125
894.8098
967.4171
953.6843
1041.8254
964.6419
970.2071
940.3004
1007.8456
1051.4573
882.8717
1038.6495
1026.1245
1004.8562
1057.9694
1041.8254
1054.7041
1054.7041
1081.3533
1048.2286
1067.8767
1057.9698
1123.7167
1051.4573
1105.7012
1161.4108
1074.5764
1045.0176
1120.0707
1189.2092
1116.4464
1153.6873
1165.3090
1054.7041
1146.0576
1165.3090
1146.0576
1209.8286
1026.1250
1235.4581
1222.5192
1289.8491
837.8516
1226.8042
1359.1827
1231.1171
1205.6525
1275.8403
1231.1171
1127.3839
1235.4587
1181.1438
1214.0323
1318.7395
1153.6873
1930.8818
1299.3479
1257.5948
1201.5028
1235.4581
1343.7491
1343.7499
1333.6403
1364.4009
1313.8419
1257.5948
1364.4016
1304.1461
1304.1454
1308.9767
1102.1616
1385.6534
1489.4501
1308.9767
1185.1632
1385.6534
1328.6394
1560.3391
1453.2766
1391.0630
1527.3477
1435.7996
1465.1493
1289.8484
1391.0630
1435.7996
1435.8004
1374.9514
1280.4778
1495.6434
1407.5304
1501.8853
1430.0613
1185.1644
1323.6719
1489.4492
1465.1501
1465.1493
1477.2065
1447.4072
1441.5811
1380.2831
1483.3047
1527.3477
1560.3381
1435.7996
1781.5784
1540.3862
1380.2831
1189.2092
1385.6534
1608.8378
1465.1501
1430.0621
1501.8843
1580.7825
1489.4492
1495.6426
1540.3862
1623.2218
1587.7106
1580.7825
1540.3853
1706.8605
1540.3853
1567.0984
1601.7375
1683.2544
1489.4492
1527.3485
2673.7070
1435.8004
1683.2555
1755.9960
1683.2555
1514.5156
1601.7365
1567.0974
1608.8389
1520.9061
1637.8478
1825.8235
1540.3853
1706.8605
1982.5251
1772.9738
1601.7375
1862.7452
1540.3862
1594.6940
1601.7375
1616.0007
1594.6940
1691.0551
1553.6334
1489.4492
1683.2555
1790.2638
1834.9218
1755.9948
1714.8682
1683.2544
1667.8574
1853.3827
1573.9130
1675.5226
1587.7096
1790.2650
1660.2583
1691.0538
1594.6951
1910.9374
1424.3656
1790.2638
1739.3232
1941.0055
1844.1091
1691.0538
1834.9231
1781.5797
1698.9219
1764.4449
1675.5226
1901.1105
1816.8091
1993.1715
1772.9738
1844.1091
1816.8077
1872.1967
1862.7452
1971.9865
1891.3778
1834.9231
1910.9359
1971.9865
1790.2638
1731.0986
1910.9359
1872.1967
1862.7452
1941.0070
1920.8611
1807.8773
1961.5570
1781.5797
1660.2594
1790.2638
2025.7675
1747.6219
2117.8728
1739.3220
2025.7690
1489.4492
1807.8773
1825.8221
1844.1077
1675.5237
1799.0297
1675.5226
1825.8221
1825.8221
2205.2722
1910.9359
1901.1091
1825.8235
1546.9827
1825.8235
2025.7690
1951.2306
2673.7070
2179.6064
1891.3793
2025.7690
1891.3793
2205.2722
2094.1079
1816.8077
1971.9880
1834.9218
1930.8818
1930.8818
2014.7893
1891.3793
1891.3778
1951.2275
1901.1091
3351.7224
2003.9241
2014.7910
1961.5555
2154.5059
1982.5236
1807.8773
1993.1699
1982.5251
2036.8617
1941.0040
1910.9374
1982.5251
1971.9880
2048.0691
1961.5570
1971.9865
1930.8818
2059.3979
1982.5251
2025.7690
1982.5251
1872.1980
1993.1699
2231.5227
1993.1699
1961.5570
2154.5042
2205.2705
2117.8745
1853.3827
2003.9257
2048.0708
1747.6207
2205.2722
1982.5236
2372.2832
2129.9502
1993.1699
2059.3962
1891.3778
2192.3657
2154.5059
1961.5570
1930.8833
1930.8818
2059.3962
1993.1699
2105.9272
2313.9854
1993.1699
2048.0691
1941.0055
4137.5386
2285.8586
2154.5042
2205.2705
2094.1079
2094.1079
2129.9502
1872.1967
4681.8384
2048.0691
2117.8728
2059.3979
2205.2705
2179.6047
2142.1599
2258.3757
2048.0691
1920.8625
2117.8728
2285.8564
2179.6047
2048.0691
1799.0297
2328.3000
2059.3962
2014.7910
2179.6064
2231.5227
2179.6064
1941.0070
2105.9272
1853.3813
2192.3657
2070.8452
2258.3757
2192.3657
2129.9521
2003.9241
2059.3979
2582.8477
1993.1699
2313.9875
2372.2832
2129.9521
2014.7910
2070.8435
2082.4146
1982.5251
1993.1699
2244.8733
2205.2722
2142.1599
2244.8733
2105.9255
2919.1001
2218.3213
2142.1619
2082.4146
2299.8406
2313.9875
1982.5251
2192.3657
2402.4973
2231.5208
2105.9272
2048.0708
2094.1062
2372.2832
2218.3213
2218.3232
2048.0691
2166.9849
2059.3979
2142.1599
2179.6064
1993.1715
2105.9255
2048.0691
2117.8728
2299.8386
1961.5570
2402.4973
1799.0297
2372.2810
1891.3778
2218.3232
2048.0691
2105.9255
2192.3657
2272.0366
2192.3657
2328.3022
3266.5869
2082.4146
2059.3979
2387.2974
2129.9502
2192.3657
2313.9854
2600.5403
2179.6047
2402.4998
2166.9849
2059.3962
1755.9948
2154.5059
2497.7498
2328.3000
2299.8406
2105.9255
2402.4973
2179.6047
2025.7675
2465.2041
2417.8867
2258.3757
2711.7976
2154.5042
2231.5208
2465.2065
2514.3342
2166.9849
1941.0040
2433.4617
2433.4641
2655.0488
3813.5527
2433.4617
2328.3022
2166.9849
2497.7498
2166.9849
2231.5208
2372.2810
2166.9849
2105.9255
2258.3757
2433.4641
2231.5208
2048.0691
2244.8713
2387.2974
2285.8586
3381.0645
2342.7854
2218.3232
2328.3000
2166.9849
2205.2722
2465.2041
2372.2832
2205.2722
2205.2705
2218.3232
2565.3882
2272.0386
2231.5208
2205.2705
2481.3770
2497.7498
2313.9854
2258.3757
2154.5042
2244.8733
2313.9875
2231.5227
2179.6047
2179.6047
2166.9868
2244.8713
2244.8733
2244.8713
2129.9502
2313.9854
1231.1178
2299.8406
2105.9255
2449.2354
2244.8733
2003.9241
2154.5042
2875.2297
2618.4678
2166.9849
2094.1079
2205.2705
1993.1699
2244.8733
2258.3757
1971.9880
2231.5208
2636.6321
2218.3213
2154.5042
2357.4468
2179.6064
2014.7893
2205.2705
2272.0366
2082.4128
2372.2810
2082.4128
2299.8386
2094.1062
2205.2722
2433.4663
2179.6047
2105.9255
2481.3745
2205.2705
2299.8386
2417.8843
2328.3000
2059.3962
2154.5042
2218.3213
2014.7893
2036.8600
2166.9849
2117.8728
2166.9849
1982.5251
2048.0691
2025.7690
1941.0040
2218.3213
1501.8853
2142.1599
2342.7854
2003.9241
2105.9255
2272.0386
2014.7893
2048.0691
2166.9849
2258.3757
2036.8600
1993.1699
2094.1062
1982.5251
2272.0386
2036.8617
2433.4641
2655.0435
1698.9219
2433.4641
2036.8600
2070.8452
1930.8833
2014.7910
2105.9272
2179.6047
2025.7675
1615.9996
2014.7893
2465.2065
1844.1077
2179.6047
1853.3813
2082.4128
1825.8221
1862.7439
1920.8596
2014.7893
1982.5251
2655.0461
2154.5042
2258.3777
2166.9849
5042.1104
2129.9521
1982.5236
2154.5042
2154.5059
2313.9854
2244.8733
1834.9218
2142.1599
2025.7675
2154.5059
2070.8435
2070.8452
2105.9255
1982.5236
2094.1079
1844.1077
2166.9849
2192.3677
2244.8733
2205.2722
2070.8452
1853.3813
1901.1091
2142.1599
2014.7877
2094.1079
2272.0366
2218.3213
1862.7452
1844.1077
1790.2638
2154.5042
1910.9359
2192.3657
2070.8435
1881.7422
1747.6219
2218.3232
1993.1683
1872.1967
1834.9231
1951.2306
1993.1683
2154.5059
2192.3657
2082.4128
1982.5251
1941.0040
1862.7439
2003.9257
2014.7893
2070.8452
1920.8596
1862.7439
1891.3793
2231.5227
2117.8745
2166.9849
1834.9218
2142.1599
1910.9374
1920.8611
1901.1091
1844.1077
1872.1980
1853.3827
1862.7452
2025.7675
1834.9218
1825.8221
1920.8596
1891.3778
1844.1077
1872.1980
1872.1967
2244.8733
1901.1091
2014.7893
1834.9218
1675.5226
1799.0310
1834.9231
1891.3778
2105.9255
1731.0974
1698.9219
1714.8671
1872.1967
1930.8833
2070.8452
1941.0040
1731.0974
1739.3220
1825.8235
1706.8593
1816.8077
1862.7452
1691.0538
1930.8818
2059.3979
1834.9231
1910.9359
1834.9218
1587.7096
1781.5784
1834.9231
1698.9219
1683.2555
1520.9071
1799.0310
1560.3381
1573.9120
1790.2638
1691.0538
1675.5237
1380.2831
1799.0310
1601.7375
1683.2544
1533.8405
1623.2207
1691.0551
1630.5017
1553.6344
1930.8833
1540.3853
1587.7096
1652.7253
1580.7825
1540.3853
1807.8773
1660.2572
1601.7365
1304.1454
956.4025
1660.2583
1601.7375
1675.5226
1465.1493
1418.7123
1418.7131
1477.2065
1714.8682
1435.8004
1540.3853
1477.2065
1540.3853
1527.3477
1501.8843
1540.3853
1364.4023
1483.3037
1508.1760
1675.5237
1435.7996
1553.6334
1573.9120
1587.7096
1630.5028
1560.3381
1435.8004
1435.8004
1435.8004
1343.7491
1623.2207
1424.3656
1540.3862
1407.5313
1418.7131
1501.8843
1348.8580
1418.7123
1501.8843
1402.0018
1396.5128
1489.4492
1459.1899
1380.2822
1424.3665
1391.0630
2003.9257
1318.7402
1369.6564
1289.8491
1289.8491
1253.1096
1343.7499
1348.8580
1374.9506
1294.5817
1424.3656
1380.2822
1348.8573
1951.2306
1318.7395
1430.0613
1430.0613
1364.4016
1323.6719
1289.8484
1226.8042
1313.8419
1271.2327
1244.2262
1299.3479
1235.4581
1214.0317
1299.3479
1333.6410
1285.1472
1231.1171
1308.9767
1299.3472
1313.8419
1244.2262
1084.7717
1181.1438
1235.4587
1257.5948
1226.8048
1146.0582
1185.1632
1313.8412
1177.1470
1048.2286
1253.1090
1165.3083
1131.0742
1201.5028
1189.2104
1173.1769
1226.8042
1193.2814
1173.1769
1173.1763
1161.4108
1226.8036
1102.1616
1064.5555
1064.5551
1054.7041
1091.6666
1109.2616
1134.7858
1109.2616
1019.9648
1019.9648
1081.3533
1051.4573
1706.8593
970.2067
1061.2526
1032.3529
1035.4923
1054.7041
1048.2278
967.4171
1045.0172
1019.9652
1001.8833
998.9268
1045.0176
970.2067
927.2523
967.4175
967.4171
987.2554
964.6419
975.8299
909.5245
950.9800
904.5715
964.6419
995.9856
940.3004
902.1132
914.5266
948.2900
859.8339
902.1135
904.5719
902.1135
875.8448
880.5179
887.6125
850.9184
890.0002
846.5228
818.9103
823.0530
835.7086
848.7154
831.4518
818.9103
842.1671
981.5125
736.3348
794.8152
842.1667
736.3348
812.7657
798.7432
808.7147
751.9954
739.7649
743.2233
746.7105
741.4905
724.5469
679.0557
732.9328
736.3348
686.5372
697.2568
734.6304
721.2397
683.5273
679.0555
724.5469
668.8171
694.1642
639.6553
694.1640
676.1027
686.5374
625.2454
650.5001
638.3215
623.9632
625.2454
643.6851
613.8670
660.2533
617.6198
617.6198
599.2394
601.6357
582.9137
586.3475
598.0474
618.8795
572.8154
575.0336
582.9139
550.3754
585.1992
542.2157
579.5143
544.2364
579.5144
564.0866
534.2578
542.2154
531.3243
519.8570
527.4551
525.5381
501.6427
498.1276
496.3854
484.4687
506.0952
492.0741
491.2194
480.3274
479.5060
491.2193
469.8291
461.2384
481.1510
462.7810
465.8920
465.1111
464.3322
458.9403
441.2110
441.2110
444.8113
440.4967
429.3184
432.7617
365.0046
408.9255
400.2221
418.5933
410.8300
405.1586
402.0620
400.2221
391.8113
403.2961
399.6119
389.4598
425.2449
363.9509
379.7124
379.1511
381.9709
373.0625
363.4259
365.0046
357.2169
363.9509
354.1742
354.1743
338.6076
337.2028
342.3984
346.7420
338.6076
326.7241
330.7641
330.7640
319.7260
322.3233
309.2395
318.8674
303.9910
305.1902
302.0081
301.2203
298.8754
296.1741
291.2533
286.8184
297.3273
280.3512
282.8404
282.4828
280.3513
278.9433
268.3759
275.4689
268.7076
264.1177
268.0448
258.6957
255.2724
256.1996
253.1279
246.5534
245.6757
246.2603
239.3731
241.0691
233.2964
238.5315
232.4845
232.4845
226.6497
230.3388
224.3215
220.7648
223.2973
211.9675
199.4217
214.6040
207.5164
207.2857
203.8653
203.6400
209.8432
198.1138
197.6805
196.6024
186.6370
187.4418
189.6785
187.6437
186.8377
185.6373
183.8553
177.1318
170.8985
171.4371
168.4126
169.6498
168.5887
162.5612
164.9394
160.2253
152.8345
156.4767
152.9907
151.2831
152.3671
149.1427
146.1475
147.7859
142.6471
138.6870
138.5479
137.0291
136.4815
134.0486
132.1907
128.4345
126.5389
125.5408
123.8150
121.9950
118.9095
117.3986
115.6811
115.2277
115.5676
111.2309
109.2877
109.1808
106.4390
105.7131
106.1273
102.5587
99.9867
98.9181
99.4024
99.4995
94.7555
93.7419
92.0159
90.6748
89.7031
86.5063
86.4214
87.2739
84.9062
83.0056
81.1437
80.9036
78.7713
76.5363
77.6853
74.5051
74.7285
74.0601
72.8113
70.5088
70.1545
69.7313
67.3043
65.0786
64.7465
65.5457
63.1711
60.8635
60.1714
59.1134
59.4231
57.2800
56.4388
55.2526
55.5475
53.4492
52.8763
51.7433
50.9045
43.2501
48.8746
47.8000
47.6934
46.7407
46.3213
45.4378
43.9551
43.4508
42.1561
41.9098
40.4978
41.0301
40.5460
38.1748
38.3149
38.6427
37.6176
36.3802
36.6076
35.3882
33.9708
34.1903
33.2732
31.9845
31.6874
30.6788
30.3461
29.9737
28.6265
29.5215
28.5861
28.5054
27.7039
27.7039
25.5120
26.2472
25.8979
25.6275
25.1285
24.4062
24.5955
23.9919
23.7670
22.6916
23.0603
21.8157
22.3982
21.8157
20.5604
20.4541
20.1713
19.8898
18.9495
18.7770
19.2961
17.8541
18.1942
18.1601
17.2131
17.5159
16.8786
16.8452
16.0834
15.6245
15.5919
15.1369
14.5251
14.3651
14.1420
14.1102
14.0466
13.9831
12.7901
13.1955
13.2268
12.5731
12.5422
12.7280
12.1722
11.8047
12.1415
11.5914
10.8064
11.2277
11.2277
11.4699
11.2882
12.6041
12.9457
13.2894
14.3651
14.4930
15.2990
15.4941
16.5459
16.5791
17.2467
19.0879
19.6796
20.1008
20.6315
21.0594
21.7794
22.8388
23.4685
24.7093
24.8233
26.0917
26.5985
27.4257
28.4651
30.4291
28.3845
31.8570
32.3257
32.7978
34.1463
36.0629
37.2486
38.8307
38.5488
40.1612
40.9815
42.6016
42.4033
44.5140
46.0603
48.0672
48.2280
51.4067
51.5187
52.5915
53.8527
53.9105
57.4615
58.2525
59.7340
60.4852
61.8170
64.1522
66.5557
67.0995
71.2217
71.5085
73.2500
74.8031
75.9295
78.1491
80.3459
81.7870
84.2407
86.0825
88.0479
92.1059
88.6544
94.3857
94.7555
98.3400
99.0148
103.3634
103.9712
105.5066
107.5902
108.9673
112.1062
114.2144
118.6757
118.3259
123.2050
124.0599
126.5389
127.7991
131.0118
134.0486
134.0486
136.3450
139.6648
141.6448
147.7859
148.8399
147.3369
154.2473
158.4189
160.0601
163.0672
164.7681
166.1448
168.7649
171.2573
171.9780
177.1318
181.1272
183.4623
186.0363
188.8611
189.2692
193.6249
192.7852
198.9845
202.7421
204.5433
208.6754
211.7301
216.5496
214.8459
216.5495
218.2718
222.5333
224.3215
232.2148
233.8398
236.8606
241.6382
241.9234
249.5112
254.9645
255.8900
260.9086
261.5459
261.5459
265.0916
265.4173
272.7348
278.9433
280.3513
267.7142
286.8184
296.1741
294.6469
293.8877
303.9910
310.0592
310.4702
310.0591
321.0207
318.0122
330.7641
334.8813
335.8069
344.3184
342.8767
338.6076
343.8369
350.6754
352.6681
354.1742
363.9510
369.8061
367.6599
370.3457
378.5911
380.2751
389.4598
395.3811
398.3957
395.3812
403.2961
400.8339
409.5587
399.6118
400.8339
425.9194
427.9536
424.5720
432.7616
440.4966
439.7844
434.1515
449.9330
452.9029
465.8918
476.2441
469.8291
452.1574
481.9767
480.3273
482.8050
482.8050
503.4158
505.1995
514.2780
519.8570
523.6328
515.2008
540.2075
539.2080
541.2100
540.2073
550.3754
544.2364
542.2154
567.3334
580.6437
555.5816
649.1271
553.4891
586.3475
582.9139
577.2664
568.4225
558.7452
596.8597
602.8398
600.4354
626.5320
596.8596
627.8234
622.6855
615.1136
633.0347
645.0381
610.1531
635.6687
660.2531
625.2454
685.0294
645.0381
643.6851
656.0423
664.5114
658.8443
654.6492
686.5372
680.5404
670.2634
682.0310
716.3284
683.5273
688.0508
698.8120
731.2418
608.9235
650.5001
743.2233
734.6302
798.7432
719.5963
748.4648
764.5872
783.2353
770.0986
750.2265
802.7053
779.4417
796.7747
812.7657
823.0530
750.2265
825.1386
866.6309
831.4512
871.2163
871.2160
855.3557
885.2364
827.2331
837.8516
937.6643
831.4512
873.5249
837.8516
864.3546
880.5179
878.1761
904.5715
935.0416
875.8452
899.6669
924.6815
882.8713
875.8452
929.8353
961.8812
919.5786
907.0419
998.9263
984.3763
975.8303
919.5786
973.0109
975.8299
998.9263
956.4029
1010.8509
959.1348
1045.0172
945.6130
1054.7041
995.9852
1061.2531
1045.0181
1016.9101
1102.1616
1041.8250
1048.2286
1084.7712
1091.6666
987.2554
1029.2299
1109.2621
1048.2286
1051.4573
1074.5769
1134.7858
1161.4114
1123.7167
1098.6433
1102.1616
1109.2616
1084.7712
1120.0702
1214.0317
1222.5199
1149.8607
1161.4114
1181.1438
1134.7864
1214.0317
1142.2776
1077.9551
1262.1112
1173.1763
1209.8286
1146.0576
1218.2618
1149.8607
1257.5955
1304.1454
1244.2256
1248.6526
1231.1171
1262.1105
1262.1105
1275.8397
1253.1096
1289.8491
1328.6387
1294.5817
1222.5192
1222.5192
1308.9774
1285.1472
1369.6580
1280.4778
1253.1090
1289.8484
1289.8491
1391.0630
1299.3472
1333.6403
1343.7499
1323.6719
1391.0621
1328.6387
1407.5304
1328.6387
1308.9767
1359.1835
1380.2831
1391.0621
1453.2766
1424.3656
1407.5313
1308.9767
1471.1543
1343.7499
1495.6426
1323.6726
1402.0018
1402.0018
1343.7491
1430.0613
1430.0621
1441.5811
1465.1493
1459.1908
1514.5165
1540.3853
1391.0637
1471.1552
1553.6344
1465.1501
1380.2831
1514.5156
1407.5304
1447.4064
1333.6403
1501.8843
1722.9460
1501.8853
1501.8853
1540.3853
1553.6334
1495.6426
1477.2056
1514.5156
1501.8843
1630.5028
1489.4492
1453.2758
1501.8843
1546.9836
1308.9767
1489.4492
1573.9120
1553.6344
1630.5039
1608.8389
1637.8478
1514.5156
1667.8574
1489.4501
1489.4492
1652.7241
1608.8389
1616.0007
1608.8378
1667.8574
1567.0974
2059.3979
1683.2544
1573.9120
1573.9120
1601.7375
1580.7834
1731.0986
1731.0974
1560.3381
1652.7241
1546.9827
1772.9738
1587.7096
1706.8593
1553.6344
1691.0538
1722.9460
1637.8478
1691.0538
1706.8605
1637.8478
1691.0538
1652.7241
1675.5237
1652.7241
1853.3813
1652.7241
1901.1091
1853.3813
1755.9960
1816.8077
1853.3827
1790.2638
1739.3220
1747.6207
1961.5540
1862.7452
1380.2831
2117.8728
1764.4449
2048.0691
2832.6191
1698.9230
1825.8221
1799.0297
1881.7408
1706.8593
1706.8593
1834.9218
1799.0297
1910.9374
1816.8077
1790.2638
1941.0070
1816.8077
1891.3778
1772.9725
1971.9865
1993.1699
1853.3827
1675.5226
1825.8235
2129.9502
2070.8435
1862.7439
1941.0055
2048.0691
1731.0974
1910.9359
1872.1967
1891.3793
1872.1980
1799.0297
1862.7452
1993.1699
1698.9219
1853.3813
1747.6207
1941.0055
2048.0708
2433.4663
1862.7452
1739.3220
924.6815
1982.5251
1616.0007
1853.3813
1951.2275
2218.3232
2025.7675
1825.8221
1844.1077
1747.6207
1881.7408
2272.0386
1834.9218
2014.7893
2059.3979
2014.7877
1825.8221
2025.7690
1993.1699
1961.5570
1920.8611
2025.7675
1772.9738
2166.9849
1881.7408
2003.9225
2025.7675
2070.8452
1853.3813
2094.1062
1891.3793
1901.1091
2129.9521
2372.2810
1910.9359
2402.4998
2025.7675
2328.3000
1816.8077
2192.3677
2014.7910
1982.5236
1971.9880
1941.0070
1825.8221
2048.0708
2003.9241
2094.1079
2166.9849
2192.3657
2094.1062
1971.9880
1807.8785
2048.0691
1982.5251
2048.0691
1930.8818
2285.8586
2070.8435
1799.0310
2117.8728
1993.1715
1930.8818
2082.4128
2142.1599
2025.7675
2059.3979
1941.0070
1941.0040
2166.9849
2154.5059
2166.9849
1971.9880
2025.7690
4519.9932
2154.5042
1825.8221
2258.3757
2105.9255
1951.2290
1891.3778
2003.9225
2231.5227
2094.1062
1993.1699
1930.8849
2179.6064
2059.3962
2129.9502
1844.1077
2082.4128
2218.3232
1825.8235
2105.9255
2117.8728
2285.8564
2014.7910
2094.1062
2205.2705
2258.3777
2003.9241
1961.5555
2166.9849
2328.3000
2299.8386
2036.8617
2070.8452
2129.9502
2082.4128
1982.5251
2082.4128
2205.2705
2036.8600
2059.3962
2231.5227
3010.8398
2129.9502
1853.3813
2117.8728
2036.8600
1971.9865
2036.8600
2875.2297
2117.8728
2179.6064
1993.1699
2465.2041
1910.9359
1844.1077
2205.2722
2154.5042
2059.3962
2129.9502
2070.8435
2258.3777
2192.3657
2179.6047
2673.7070
1971.9880
2166.9849
2244.8713
2372.2810
2179.6047
2357.4446
1862.7452
2481.3721
2372.2810
2244.8713
2166.9849
1714.8671
2218.3213
2218.3213
2218.3232
2244.8713
2244.8733
2205.2705
2048.0691
2117.8728
2218.3232
2179.6047
2048.0708
2328.3000
2244.8713
2244.8713
1424.3656
2129.9502
2218.3213
2129.9502
2154.5042
2285.8564
2433.4617
2417.8843
2218.3213
2218.3213
2313.9875
2285.8564
2357.4446
2342.7854
2003.9241
2299.8406
2244.8733
2192.3657
2433.4617
2142.1619
2402.4973
1910.9359
2094.1062
2070.8435
2166.9849
2154.5059
2192.3657
2531.1318
2565.3855
2154.5059
2258.3757
1816.8077
2244.8733
2105.9255
2154.5042
2205.2705
7004.8809
2142.1599
2179.6047
2179.6047
2387.2996
2205.2705
2244.8713
2231.5208
2357.4446
2285.8564
2154.5042
2142.1599
1834.9218
2218.3232
2205.2722
2218.3232
2636.6375
2449.2378
2402.4973
1799.0297
2433.4617
2205.2705
2618.4705
2285.8586
2166.9868
2205.2705
2313.9875
2711.7947
2166.9849
2481.3770
2142.1599
2387.2974
2231.5227
2272.0386
1816.8091
2372.2810
2218.3213
2600.5430
2417.8867
2154.5042
2600.5403
2094.1062
2117.8728
2387.2974
2205.2705
2205.2722
2154.5042
2673.7070
2166.9849
2129.9502
2313.9875
1961.5570
1601.7375
2244.8713
2417.8843
2770.9363
2481.3770
2299.8386
3058.8328
2387.2974
2179.6047
2059.3962
2258.3757
2433.4641
2342.7854
2025.7675
2272.0366
2313.9854
2218.3213
2244.8733
2205.2705
2179.6064
2313.9854
2285.8586
2179.6047
2328.3000
2372.2832
2166.9849
1993.1699
1691.0538
2094.1079
2218.3232
2192.3657
2244.8733
2166.9849
2514.3342
1961.5540
2342.7876
2142.1619
2003.9257
2129.9521
2299.8406
2142.1599
2070.8435
2014.7893
2014.7910
2003.9257
2205.2722
2003.9241
2048.0708
2244.8713
2094.1079
2154.5042
2003.9241
2154.5042
2105.9255
2142.1599
2192.3657
2117.8728
1825.8235
2036.8600
2036.8600
2142.1599
1683.2544
2142.1599
2070.8452
2465.2041
1941.0070
2025.7690
1872.1967
2402.4973
2192.3657
2166.9849
2070.8435
2342.7854
2014.7893
2117.8728
2003.9241
2192.3677
2372.2810
2142.1599
2166.9849
2025.7690
2218.3213
2387.2974
2218.3232
2433.4641
2036.8600
2036.8617
2166.9849
2166.9849
2192.3657
1816.8077
1910.9374
2094.1062
1910.9374
2636.6348
1764.4449
1993.1699
2025.7690
2105.9255
2205.2705
2244.8713
2142.1599
2014.7893
1951.2306
2154.5042
2179.6047
1961.5570
1951.2275
1910.9359
2025.7675
2105.9255
2548.1492
2218.3232
1862.7439
1961.5540
2025.7675
2070.8435
1982.5236
1807.8773
1920.8611
2129.9502
1920.8611
1816.8077
1982.5236
1971.9865
1993.1683
2179.6047
1834.9218
1816.8077
2014.7910
2231.5227
1844.1077
1825.8221
1825.8221
2014.7893
1825.8221
1747.6207
1910.9359
1910.9359
1941.0040
1872.1967
1807.8773
1623.2218
1747.6207
1816.8077
1799.0297
1862.7452
2179.6064
1961.5555
1706.8593
1920.8596
1844.1077
1891.3793
2082.4111
1834.9218
1799.0310
1910.9374
1961.5540
1799.0297
1825.8221
1816.8091
1781.5797
1816.8077
1881.7422
1691.0538
1881.7408
1920.8611
1807.8773
1477.2056
1971.9865
1790.2638
1834.9231
1407.5304
1844.1091
1722.9473
1930.8849
2179.6064
1781.5797
1573.9130
1901.1091
1790.2638
1691.0551
1764.4463
1825.8221
1731.0974
1790.2638
1891.3778
1816.8077
1816.8077
1816.8077
1683.2555
1615.9996
1731.0986
1675.5226
1594.6940
1698.9219
1747.6219
1645.2554
1834.9218
1961.5555
1630.5028
1714.8682
2036.8600
1645.2532
1675.5226
1615.9985
1514.5165
1731.0974
1755.9960
1731.0986
1527.3485
1587.7096
1660.2583
1580.7825
1660.2594
1637.8467
1645.2532
1061.2535
2582.8477
1601.7375
1580.7825
1560.3381
1453.2758
1714.8671
1580.7825
1623.2207
1553.6344
1501.8843
1608.8389
1459.1899
1587.7096
1567.0974
1483.3037
1553.6334
1385.6534
1546.9827
1533.8414
1540.3862
1430.0613
1459.1899
1706.8605
1514.5165
1527.3477
1385.6534
1424.3665
1667.8574
1424.3656
1594.6951
1391.0630
1471.1543
1465.1493
1407.5304
1435.7996
1424.3656
1413.1007
1418.7123
1077.9556
1402.0010
1308.9774
1285.1479
1447.4064
1418.7131
1407.5313
1418.7131
1402.0018
1385.6534
1447.4064
1380.2831
1413.1014
1294.5817
1413.1007
1508.1760
1354.0024
1385.6526
1364.4009
1333.6403
1402.0018
1354.0032
1374.9514
1095.1450
1413.1007
1318.7395
1275.8397
1262.1105
1338.6770
1348.8573
1280.4785
1226.8042
1226.8042
1275.8397
1209.8286
1323.6726
1318.7402
1205.6531
1193.2820
1294.5824
1218.2618
1205.6519
1138.5204
1257.5948
1294.5817
1205.6525
981.5129
1205.6525
1197.3788
1201.5034
1231.1178
1120.0707
1226.8042
1189.2104
1035.4932
1226.8042
1328.6394
1071.2174
1257.5955
1231.1171
1095.1445
1149.8607
1169.2301
792.8641
1185.1638
1177.1482
1057.9694
1112.8431
1127.3839
1061.2531
1084.7712
1098.6428
1032.3524
1081.3533
1127.3839
995.9852
1071.2174
1023.0362
1061.2526
1067.8767
1026.1245
1048.2286
1064.5555
1061.2531
967.4171
1035.4927
1051.4573
978.6641
1067.8772
964.6419
1057.9698
998.9263
987.2554
975.8303
1010.8509
1001.8833
1127.3839
1032.3524
866.6309
892.3994
973.0109
899.6669
973.0113
857.5897
871.2160
953.6843
945.6125
914.5270
887.6122
885.2364
929.8353
864.3546
866.6309
1102.1616
846.5228
914.5266
862.0889
875.8452
929.8353
835.7086
802.7053
840.0043
823.0533
802.7053
736.3348
671.7150
798.7432
781.3347
827.2334
812.7657
773.8119
804.6996
806.7027
792.8641
750.2265
732.9326
739.7649
768.2538
773.8119
689.5703
688.0508
746.7105
734.6302
781.3344
703.5144
686.5374
651.8778
700.3732
688.0510
627.8235
680.5404
676.1027
665.9411
668.8171
635.6687
664.5111
650.5001
677.5762
600.4354
606.4774
631.7249
623.9634
651.8781
638.3215
621.4126
604.0482
580.6435
596.8596
594.4959
584.0546
586.3475
570.6118
469.0374
587.4998
565.1653
573.9229
535.2420
548.3161
571.7118
531.3243
565.1655
552.4481
534.2578
527.4550
514.2780
517.0548
522.6845
503.4158
518.9202
490.3669
481.9767
497.2552
485.3040
482.8050
478.6871
492.0741
479.5061
478.6871
466.6750
458.9403
465.1109
469.8292
458.1784
448.4598
455.9052
461.2384
442.6453
435.5486
419.9100
434.8492
433.4557
415.9794
419.2508
415.3299
418.5932
404.5363
415.3300
408.2938
401.4472
400.2221
394.1855
394.7826
357.7278
383.1081
378.5911
377.4751
373.6096
369.2675
378.5912
367.6599
359.7836
347.7188
361.3375
362.3794
354.6785
349.1923
341.4445
343.3563
337.2028
336.2712
329.4090
333.9596
328.0623
328.5103
322.3233
325.8366
320.1567
297.3274
304.7897
301.6138
299.2643
298.8754
300.0445
291.2533
289.3931
286.8184
276.8510
283.1987
280.3512
281.7696
267.0550
270.3750
262.8272
265.7437
261.5459
263.7942
254.6571
253.7380
258.3817
257.1316
255.5809
248.3220
243.3570
233.0253
239.6547
238.8116
237.6940
234.6583
226.9105
226.1295
222.7876
222.7876
224.3214
219.0156
214.6040
215.5738
210.3127
208.4429
206.8251
204.0910
206.5954
205.4520
200.7411
202.9661
194.0466
196.3877
190.5004
188.4541
189.6785
185.2394
184.8425
178.2616
179.2103
175.6395
171.9780
169.8275
170.7194
166.6647
168.0612
162.0571
161.8895
169.2951
160.2253
154.0896
152.2116
148.0861
149.1427
147.9359
144.6768
143.3681
138.9655
138.5479
139.5246
135.8007
132.4543
132.1907
134.7194
129.9740
126.4137
123.2050
123.9374
120.9171
119.9678
117.5141
115.7948
114.2144
112.5466
111.7772
110.1469
108.2235
108.4355
105.3006
105.4036
102.2585
99.7915
98.7250
97.0990
96.1548
95.0338
91.0305
90.9415
89.8790
88.1343
87.1028
87.7031
85.5766
82.8422
81.3844
81.0636
79.3978
77.6853
76.9941
76.0808
75.4020
73.3967
71.7963
71.2217
69.5205
68.2667
67.8529
61.3071
64.3498
65.2785
63.6929
62.2016
59.7964
60.9267
58.8049
58.3137
56.8583
55.6658
55.7250
54.3166
53.3342
50.8489
50.2953
50.0750
50.0200
48.5506
46.6882
46.5307
46.4783
45.8003
44.0058
44.0564
43.5514
42.6513
41.7624
41.1759
40.4015
39.9217
39.5878
38.5488
37.5252
37.3407
36.7445
35.5675
35.1647
36.6532
33.6211
33.0999
31.8146
31.9420
31.4338
30.8041
30.5123
29.5625
29.1946
28.7074
28.1435
27.5051
26.7552
26.5202
25.5505
25.8205
24.5576
23.9919
25.0903
24.3684
23.7670
23.3569
22.2886
22.2886
21.9245
21.4184
21.1310
20.3479
20.4895
19.8197
19.6097
18.9150
18.4335
18.8460
17.9899
18.2625
17.9219
17.7863
17.3811
17.1126
16.4796
16.9453
15.8207
15.6572
15.4941
14.8785
14.3971
14.9430
14.1420
14.4291
13.1642
13.6037
12.4803
12.3569
12.7280
12.6660
13.1329
12.4494
12.2030
11.2579
11.8658
11.2579
10.8363
11.1673
10.4775
10.0027
11.2579
