226.9105
236.8606
237.9727
240.7853
239.6547
239.6546
245.6758
243.6451
253.1279
250.1088
251.3103
252.2168
261.8654
261.2270
262.5061
268.7075
263.1490
270.7102
268.7076
273.0744
272.7348
276.1587
277.1981
278.9434
280.7049
286.8184
285.0000
286.4534
271.7198
288.6541
285.7253
292.7544
306.3966
294.6469
300.4357
302.0080
303.5929
305.9937
308.8310
306.3966
300.0444
311.7083
309.6490
310.4702
316.3124
308.8310
333.0418
323.1962
331.6724
333.0418
326.7242
330.7640
320.5882
326.2799
332.5844
347.7189
322.7592
340.9692
343.8369
347.7189
348.7000
359.7836
371.9720
350.1800
357.7278
356.1982
356.7069
358.7535
362.9021
367.1264
365.0046
360.8184
387.7110
366.5941
366.0631
366.5941
371.9720
374.1579
385.3987
390.0457
382.5389
377.4752
381.9709
382.5389
387.7111
388.2927
386.5521
382.5388
387.7111
389.4599
398.3957
388.8756
400.8340
399.6118
398.3957
403.9155
403.2961
399.6118
412.7490
405.7827
407.6637
419.2508
460.4704
414.0363
406.4081
414.0362
421.2335
445.5372
421.8978
418.5932
425.9195
423.9010
432.7617
436.9532
445.5373
437.6581
436.2499
437.6581
436.9532
431.3790
446.2648
444.0874
451.4140
444.8113
444.8113
454.4000
437.6581
455.1516
460.4704
456.6609
465.1109
465.1111
453.6504
466.6750
479.5061
467.4602
472.2178
476.2440
568.4227
480.3274
525.5382
481.1510
485.3042
481.1510
491.2194
486.1419
484.4688
486.9821
486.1419
495.5183
485.3042
492.9315
487.8247
498.1276
500.7602
508.7984
508.7984
490.3669
499.0027
516.1265
535.2419
504.3064
507.8947
507.8948
521.7393
512.4404
513.3577
519.8570
512.4406
517.0549
516.1265
538.2120
522.6846
555.5816
524.5840
518.9200
514.2780
537.2190
538.2120
523.6328
534.2580
546.2697
531.3243
528.4180
543.2243
537.2187
517.9861
555.5816
543.2243
542.2154
542.2157
559.8068
545.2513
560.8716
556.6328
555.5816
557.6874
552.4481
547.2914
569.5155
566.2476
554.5336
565.1655
553.4891
563.0114
571.7120
550.3756
563.0116
569.5155
564.0866
565.1655
555.5816
557.6874
571.7120
570.6119
577.2666
558.7454
564.0866
565.1655
570.6118
575.0338
572.8156
586.3477
582.9139
595.6755
575.0336
631.7251
587.4998
582.9139
579.5143
656.0425
581.7769
580.6437
580.6435
588.6559
595.6759
588.6561
595.6755
608.9235
590.9801
616.3646
598.0476
598.0476
590.9803
593.3199
560.8716
592.1484
618.8797
605.2607
588.6559
596.8597
606.4775
605.2609
618.8795
618.8797
601.6357
600.4356
604.0483
610.1531
612.6247
621.4126
595.6757
613.8670
626.5323
615.1136
612.6247
612.6247
622.6857
599.2394
622.6857
606.4774
631.7251
633.0350
621.4126
625.2454
611.3867
617.6199
623.9634
611.3867
617.6199
633.0350
630.4200
634.3495
682.0312
625.2455
635.6687
626.5323
635.6687
618.8795
622.6857
607.6983
626.5320
606.4774
630.4200
627.8234
643.6851
621.4124
631.7251
646.3963
627.8235
604.0483
634.3493
640.9935
667.3766
630.4197
679.0555
638.3215
646.3963
653.2611
646.3963
647.7592
640.9937
660.2533
639.6551
656.0425
635.6687
635.6687
639.6551
646.3961
653.2611
650.5001
658.8445
627.8234
654.6492
703.5144
633.0350
617.6199
654.6492
649.1267
654.6492
605.2607
667.3766
660.2533
651.8781
665.9413
654.6492
657.4409
661.6674
645.0383
626.5320
661.6674
647.7592
650.4999
676.1027
653.2611
645.0383
654.6490
653.2611
639.6553
656.0425
645.0381
656.0423
630.4200
657.4409
647.7590
651.8781
653.2611
656.0425
650.4999
651.8778
658.8445
665.9413
676.1027
667.3764
658.8445
664.5111
679.0557
654.6490
671.7148
661.6674
667.3766
661.6674
673.1721
661.6674
667.3764
621.4124
654.6490
668.8173
670.2632
654.6492
674.6346
661.6672
671.7148
668.8173
668.8173
676.1027
647.7592
670.2632
674.6346
667.3766
674.6346
674.6346
676.1027
656.0425
676.1027
674.6346
658.8445
661.6674
679.0557
654.6490
674.6346
676.1027
663.0867
677.5764
692.6271
674.6346
620.1437
671.7150
645.0383
677.5764
674.6344
670.2632
667.3766
674.6346
790.9219
674.6346
686.5372
668.8173
708.2723
670.2634
685.0296
657.4409
674.6344
697.2565
673.1721
677.5764
679.0557
677.5762
660.2533
680.5406
631.7249
694.1642
670.2632
665.9411
785.1447
654.6490
691.0958
664.5111
691.0958
713.0867
682.0312
685.0294
697.2565
682.0312
668.8171
653.2611
677.5762
677.5764
674.6346
674.6346
657.4409
674.6344
812.7661
691.0956
685.0296
688.0508
665.9411
695.7076
680.5406
682.0312
674.6346
657.4409
650.4999
716.3286
674.6346
679.0555
685.0296
677.5764
679.0557
650.5001
694.1642
671.7150
701.9409
656.0425
677.5764
670.2634
706.6799
676.1025
679.0557
692.6271
688.0508
674.6346
683.5276
688.0510
709.8708
698.8120
694.1642
674.6346
706.6801
700.3732
686.5374
692.6271
700.3735
692.6268
657.4409
683.5276
676.1027
679.0555
697.2568
698.8117
806.7030
694.1642
685.0296
701.9409
700.3730
682.0312
679.0557
716.3286
701.9409
682.0312
679.0557
673.1718
682.0312
483.6358
706.6801
683.5276
668.8171
667.3766
679.0555
679.0557
664.5114
697.2565
679.0557
691.0956
680.5406
724.5471
645.0383
688.0510
695.7076
697.2565
700.3730
673.1721
694.1640
705.0941
692.6271
697.2565
692.6268
708.2723
753.7717
706.6799
665.9413
721.2397
691.0958
701.9409
694.1642
701.9409
714.7045
697.2565
689.5705
706.6801
714.7045
679.0555
665.9413
708.2723
716.3286
716.3286
726.2107
716.3286
556.6327
717.9592
703.5142
727.8810
705.0941
691.0956
709.8708
717.9592
667.3764
719.5960
703.5142
676.1027
709.8708
688.0508
703.5144
682.0312
724.5471
711.4756
698.8117
691.0958
734.6302
692.6271
653.2609
935.0412
671.7148
679.0555
714.7045
677.5762
705.0939
713.0869
721.2399
708.2723
729.5581
714.7045
714.7045
691.0956
722.8902
692.6268
694.1640
653.2611
671.7150
674.6344
676.1027
751.9954
713.0869
683.5273
736.3350
721.2399
679.0555
700.3732
744.9634
705.0941
683.5273
743.2235
682.0310
755.5555
726.2107
700.3732
686.5374
709.8708
711.4754
695.7074
722.8900
688.0508
701.9404
682.0310
688.0513
706.6799
721.2399
700.3735
726.2107
736.3350
692.6271
701.9409
711.4754
705.0937
727.8810
705.0939
741.4908
722.8902
697.2565
691.0956
708.2723
709.8705
700.3730
729.5581
656.0425
698.8120
716.3284
716.3286
701.9409
683.5276
703.5139
724.5471
700.3735
700.3735
713.0869
705.0939
726.2107
709.8708
713.0869
683.5273
705.0939
709.8708
706.6801
703.5144
714.7045
700.3732
743.2233
713.0869
711.4756
697.2565
705.0941
713.0869
703.5142
705.0939
717.9592
713.0867
726.2107
724.5471
703.5144
697.2568
721.2399
705.0941
721.2397
726.2107
708.2720
708.2723
708.2723
706.6801
698.8117
724.5471
711.4754
694.1642
709.8708
698.8117
729.5581
689.5703
724.5471
731.2421
714.7043
717.9592
724.5471
716.3284
713.0869
691.0956
709.8708
709.8708
721.2399
689.5703
714.7045
716.3286
709.8708
714.7045
676.1025
703.5142
719.5963
727.8810
732.9328
714.7045
708.2723
724.5471
697.2565
698.8120
729.5581
717.9589
721.2397
714.7043
714.7045
706.6801
713.0867
708.2723
671.7150
701.9409
714.7045
722.8902
701.9406
726.2107
711.4756
716.3284
708.2723
716.3286
731.2421
722.8902
701.9406
713.0867
717.9592
721.2397
724.5471
708.2720
721.2399
721.2399
722.8902
651.8781
714.7045
714.7045
731.2421
706.6801
814.8051
703.5144
713.0869
713.0869
722.8900
727.8810
716.3286
700.3735
732.9328
734.6304
705.0941
727.8810
708.2720
726.2107
711.4756
721.2399
705.0941
620.1439
717.9592
706.6801
721.2399
736.3350
721.2399
732.9328
713.0867
709.8705
705.0941
726.2107
722.8902
691.0958
722.8900
739.7651
709.8705
726.2107
709.8708
724.5471
698.8117
708.2723
731.2421
708.2723
714.7045
726.2107
721.2397
743.2233
709.8708
717.9592
734.6302
729.5581
746.7105
724.5471
722.8900
714.7045
717.9592
727.8810
719.5960
727.8810
700.3730
665.9413
719.5963
721.2399
708.2720
721.2399
744.9632
729.5581
726.2107
701.9404
717.9592
726.2107
708.2720
711.4754
705.0939
706.6801
703.5144
731.2421
726.2107
719.5960
714.7045
709.8705
686.5374
679.0555
716.3286
727.8810
708.2720
717.9592
726.2107
736.3350
721.2397
714.7045
717.9592
726.2107
727.8810
709.8708
709.8705
719.5963
731.2421
706.6801
711.4756
708.2720
709.8708
716.3286
722.8900
726.2107
708.2723
709.8708
714.7045
731.2421
714.7043
705.0939
701.9406
727.8810
729.5581
729.5581
726.2107
729.5581
722.8902
679.0555
721.2399
732.9328
731.2421
721.2397
726.2107
719.5963
719.5963
713.0869
701.9409
700.3735
726.2107
698.8120
734.6304
694.1644
729.5581
753.7717
716.3286
727.8810
709.8708
729.5581
703.5144
716.3284
732.9328
724.5471
729.5581
751.9954
708.2723
711.4756
705.0939
722.8902
750.2265
722.8902
726.2107
741.4908
709.8705
722.8900
744.9632
711.4756
734.6304
722.8900
731.2421
787.0621
722.8902
719.5963
703.5142
734.6302
731.2421
706.6799
746.7105
722.8902
741.4905
706.6799
721.2399
750.2265
724.5471
729.5581
755.5555
738.0463
736.3350
726.2107
731.2421
721.2397
719.5960
724.5471
729.5581
726.2104
713.0867
729.5579
721.2399
585.1992
679.0555
726.2107
716.3286
722.8900
732.9328
722.8902
708.2720
724.5471
727.8810
713.0867
590.9801
726.2107
708.2720
709.8708
721.2399
724.5471
731.2418
729.5581
812.7657
706.6796
738.0463
732.9328
757.3467
731.2418
732.9328
722.8900
741.4908
721.2399
709.8708
701.9406
726.2107
692.6268
794.8154
729.5581
736.3350
714.7043
706.6799
701.9409
714.7045
746.7103
708.2720
721.2397
734.6304
727.8810
719.5963
717.9592
719.5963
736.3350
708.2723
703.5139
709.8708
719.5960
717.9592
701.9406
709.8708
721.2397
729.5581
816.8533
698.8122
729.5581
713.0869
746.7105
695.7076
724.5471
744.9634
736.3350
753.7717
713.0867
732.9328
706.6801
727.8810
689.5705
738.0466
716.3284
788.9875
750.2265
716.3286
751.9954
660.2533
724.5471
717.9589
716.3286
713.0869
750.2265
717.9589
734.6304
739.7651
736.3350
748.4648
748.4648
731.2421
705.0941
714.7045
734.6304
783.2356
724.5469
746.7105
729.5579
729.5579
711.4756
727.8810
739.7651
692.6268
721.2399
724.5471
743.2233
716.3286
706.6799
724.5471
717.9589
679.0555
746.7103
743.2235
914.5270
902.1135
738.0463
744.9634
727.8810
721.2397
736.3350
741.4908
729.5581
729.5581
734.6304
682.0312
750.2265
724.5469
726.2107
741.4908
835.7083
697.2565
722.8902
714.7043
714.7045
727.8810
726.2107
724.5471
694.1642
722.8900
708.2723
722.8902
734.6304
724.5471
711.4756
713.0869
692.6273
708.2723
703.5142
688.0510
701.9406
711.4756
724.5471
703.5144
700.3735
748.4648
721.2397
727.8810
724.5469
721.2397
719.5963
753.7717
653.2609
711.4756
717.9589
724.5471
727.8810
716.3286
598.0476
695.7074
764.5875
721.2397
721.2397
726.2104
711.4754
736.3350
724.5471
722.8902
722.8902
750.2265
705.0941
729.5581
744.9632
731.2421
709.8705
726.2107
744.9632
729.5581
748.4648
706.6801
724.5469
736.3350
726.2107
708.2723
714.7045
685.0296
698.8122
711.4756
729.5581
717.9589
726.2107
726.2107
658.8443
686.5372
727.8810
727.8808
751.9954
727.8810
719.5960
726.2107
721.2397
692.6273
714.7045
708.2720
716.3284
701.9409
717.9589
727.8810
736.3348
717.9589
695.7074
731.2421
721.2397
726.2107
750.2265
753.7717
724.5469
709.8708
744.9632
721.2399
722.8902
713.0869
744.9634
721.2397
706.6801
748.4648
706.6801
751.9954
787.0621
750.2265
751.9954
719.5963
682.0310
744.9632
711.4756
688.0510
701.9404
716.3286
697.2565
731.2421
751.9954
698.8122
785.1447
750.2265
750.2265
744.9634
713.0869
796.7750
692.6271
719.5960
751.9954
773.8119
709.8705
738.0463
716.3286
671.7148
697.2568
682.0310
727.8810
706.6801
734.6304
741.4905
700.3732
705.0941
727.8810
719.5963
661.6674
741.4908
726.2107
751.9954
721.2397
688.0510
709.8708
760.9517
700.3730
731.2421
748.4648
717.9592
750.2265
717.9589
706.6801
727.8810
714.7043
726.2107
711.4754
688.0508
721.2399
694.1642
688.0510
802.7056
658.8445
750.2265
717.9589
706.6801
748.4648
665.9413
738.0466
703.5144
726.2107
744.9634
783.2356
724.5471
709.8708
722.8902
705.0941
721.2399
727.8810
721.2399
731.2418
729.5581
694.1642
719.5963
726.2107
540.2075
695.7074
706.6801
527.4550
717.9592
724.5471
719.5960
727.8808
717.9589
738.0466
750.2265
726.2104
698.8117
787.0621
729.5581
700.3732
732.9328
726.2107
722.8902
746.7105
706.6801
726.2107
719.5960
711.4754
713.0867
714.7043
713.0869
719.5960
695.7074
717.9592
721.2399
705.0939
709.8708
714.7043
708.2723
722.8900
719.5963
731.2421
726.2107
694.1640
721.2399
739.7651
708.2720
724.5471
705.0939
721.2397
651.8781
716.3284
787.0621
706.6801
731.2421
706.6799
711.4754
706.6801
729.5581
743.2235
708.2723
716.3286
703.5142
736.3350
746.7103
701.9409
716.3286
734.6304
701.9406
695.7074
729.5581
726.2107
724.5471
703.5144
732.9328
705.0941
709.8708
727.8810
719.5963
692.6271
604.0482
727.8810
722.8900
722.8902
703.5144
727.8810
722.8902
727.8810
697.2565
709.8708
716.3286
734.6304
697.2565
729.5581
724.5471
713.0869
711.4756
802.7053
724.5471
716.3286
709.8705
713.0869
727.8810
717.9589
697.2568
726.2107
726.2107
727.8810
697.2565
719.5960
686.5372
716.3284
724.5471
721.2397
726.2107
691.0958
731.2421
721.2399
700.3730
708.2723
726.2107
698.8120
716.3286
724.5471
721.2399
698.8117
721.2399
717.9589
719.5963
724.5471
726.2107
744.9634
726.2107
719.5960
719.5963
708.2723
688.0508
726.2107
716.3286
697.2565
701.9409
708.2723
716.3286
709.8708
717.9589
736.3348
713.0867
716.3286
708.2723
705.0939
726.2107
716.3286
701.9406
697.2568
729.5581
719.5963
667.3764
708.2723
698.8120
686.5374
711.4754
706.6799
705.0941
721.2399
708.2723
709.8708
697.2568
665.9413
722.8902
701.9406
722.8900
713.0867
682.0312
721.2399
698.8117
679.0557
717.9592
686.5372
714.7045
706.6801
638.3215
694.1642
671.7150
729.5581
706.6801
716.3286
724.5471
706.6801
708.2723
700.3735
706.6796
695.7076
711.4756
679.0555
706.6799
697.2565
705.0941
713.0869
717.9589
706.6801
721.2399
700.3735
694.1642
708.2723
686.5372
694.1642
698.8117
727.8810
705.0941
679.0555
685.0294
673.1718
716.3286
685.0294
716.3286
706.6801
650.5001
703.5139
713.0869
695.7074
716.3286
698.8117
676.1025
671.7148
697.2568
680.5406
714.7045
692.6273
692.6268
689.5703
697.2565
708.2723
706.6799
713.0869
691.0958
688.0508
682.0312
695.7074
709.8705
691.0956
701.9409
695.7074
700.3730
700.3730
682.0312
691.0956
691.0958
701.9406
694.1642
683.5273
706.6801
683.5276
705.0941
751.9954
656.0425
689.5703
685.0296
706.6801
726.2107
679.0557
695.7076
703.5144
680.5406
683.5273
694.1642
698.8120
683.5273
694.1640
676.1027
694.1642
668.8171
711.4756
703.5142
692.6271
694.1644
673.1718
706.6799
705.0941
701.9406
700.3730
680.5406
679.0557
698.8120
698.8117
686.5374
692.6271
685.0294
713.0869
679.0557
689.5705
688.0510
683.5276
692.6271
679.0557
686.5374
677.5762
689.5705
676.1027
674.6346
680.5406
676.1027
694.1640
671.7148
683.5276
679.0557
658.8445
695.7076
679.0557
671.7148
700.3730
703.5139
691.0958
671.7148
673.1721
664.5114
671.7148
701.9409
683.5273
671.7150
686.5374
674.6344
671.7150
680.5406
670.2632
679.0555
677.5764
677.5764
677.5764
674.6346
663.0867
721.2399
677.5764
667.3764
658.8445
676.1027
676.1027
686.5374
674.6346
660.2533
679.0555
645.0381
658.8445
668.8171
674.6346
674.6346
674.6344
657.4409
691.0956
670.2634
663.0867
654.6492
682.0310
676.1027
671.7150
643.6851
656.0425
665.9413
664.5114
676.1027
661.6672
674.6346
661.6674
677.5764
673.1721
682.0312
654.6492
750.2265
664.5114
667.3766
645.0383
664.5114
671.7150
705.0941
661.6674
654.6490
658.8445
671.7150
674.6346
627.8234
670.2634
703.5142
671.7150
664.5111
623.9632
623.9634
658.8445
657.4409
645.0381
665.9413
660.2533
673.1721
646.3963
668.8173
650.5001
634.3493
642.3372
654.6492
663.0867
627.8234
651.8781
486.1419
639.6551
646.3961
682.0312
649.1270
650.5001
673.1721
664.5111
661.6674
633.0350
661.6674
634.3495
665.9413
639.6551
636.9927
636.9927
622.6855
639.6553
630.4197
638.3215
658.8445
653.2611
645.0381
642.3369
651.8781
630.4200
653.2611
638.3215
650.5001
625.2454
645.0383
633.0350
645.0381
633.0350
618.8795
640.9935
649.1271
634.3495
651.8778
626.5320
645.0383
622.6855
638.3215
610.1529
617.6198
642.3367
633.0350
618.8797
639.6551
621.4124
634.3495
626.5323
627.8235
612.6245
617.6199
630.4200
610.1531
601.6355
630.4200
607.6983
626.5323
610.1529
626.5323
613.8668
633.0350
612.6245
623.9634
617.6198
635.6687
613.8668
625.2454
607.6983
608.9236
617.6199
617.6198
610.1531
607.6985
596.8597
596.8596
617.6199
604.0483
592.1484
594.4961
602.8399
610.1531
601.6355
599.2396
589.8163
606.4775
626.5320
590.9803
586.3478
594.4961
598.0476
602.8398
585.1992
579.5141
585.1990
590.9801
608.9236
590.9803
604.0483
570.6119
582.9139
594.4957
595.6755
581.7767
601.6355
575.0336
584.0544
567.3334
565.1653
570.6118
587.4999
580.6437
588.6561
568.4227
575.0338
564.0866
580.6435
564.0866
553.4891
565.1655
558.7454
573.9229
560.8716
554.5338
568.4227
565.1655
567.3334
580.6437
553.4893
561.9399
569.5155
556.6327
549.3443
561.9399
716.3286
540.2073
538.2118
540.2075
539.2081
533.2770
544.2364
550.3753
464.3323
550.3756
540.2075
534.2580
554.5336
537.2187
535.2417
549.3440
548.3161
548.3160
538.2118
493.7911
543.2243
534.2580
529.3839
525.5382
528.4180
530.3525
522.6846
519.8569
518.9202
523.6329
512.4407
525.5382
521.7391
515.2009
506.0952
506.0951
513.3579
515.2009
519.8570
504.3062
518.9202
510.6141
507.8947
512.4406
501.6427
504.3065
494.6535
501.6429
503.4159
512.4407
500.7602
499.0025
490.3669
504.3064
492.0742
647.7588
498.1276
505.1995
490.3670
498.1277
480.3274
481.9767
475.4343
481.1510
486.9821
506.9936
477.8705
471.4194
473.8217
484.4688
480.3274
481.1510
469.0374
467.4603
473.8216
465.1109
466.6750
464.3323
449.9330
454.4000
468.2477
454.4000
458.1785
458.9404
462.0088
455.1516
453.6504
459.7043
455.1517
447.7263
449.9329
447.7262
442.6455
444.0874
439.7843
444.0875
444.8113
439.7842
436.2500
439.0736
437.6581
442.6453
431.3790
434.8491
447.7263
427.9536
425.9195
428.6352
423.9010
423.9009
421.8979
419.9100
419.9101
416.6304
419.2509
408.9255
417.2830
411.4681
399.6118
412.7490
412.1077
405.7827
404.5363
410.8301
421.8979
405.1587
400.8340
399.6118
403.2961
412.7490
400.8339
397.7898
397.7899
395.9812
395.3812
398.3957
397.7899
387.1309
399.0030
383.6787
383.1081
384.2506
381.4043
382.5389
385.3986
387.7111
378.5911
382.5389
378.0325
377.4752
370.8864
384.2506
371.4285
380.2751
370.8866
366.0630
369.8060
366.5941
365.5333
360.3004
359.2680
360.8185
357.7278
365.0046
354.1743
355.1840
361.8578
350.1800
348.7000
354.6786
349.1922
354.1743
347.2299
335.3436
345.7693
339.0779
329.8596
339.0779
343.8368
336.7365
338.6076
336.2712
333.5002
299.2643
335.3437
332.5844
334.4199
328.0623
327.1692
323.1961
326.7242
326.7242
355.6905
319.7261
318.0123
318.0123
315.8896
312.5378
310.8820
312.1226
313.7883
309.2395
307.6102
305.1902
304.7897
307.6102
304.7897
296.5578
303.5929
298.8755
301.2203
293.8877
296.9422
297.7133
297.7133
294.6469
295.4091
292.7543
292.7543
289.3932
288.6541
281.7696
283.1987
283.9171
282.1259
282.1259
276.8510
275.8135
282.1258
276.5045
273.4146
272.0575
273.4146
272.7348
275.8135
268.7075
271.7198
268.3759
266.3982
267.7143
265.0916
263.4713
276.1587
266.3982
261.8654
262.5061
259.9569
258.6957
261.2270
255.2725
258.6957
256.5097
250.1088
249.2131
249.8097
247.4354
251.6119
245.9678
245.6757
246.2603
249.5112
243.0693
241.9235
240.5019
245.0931
242.4954
238.5315
247.1409
234.6583
236.0314
232.7546
231.4081
233.2964
233.0253
231.4081
228.4839
229.0118
229.0118
227.1717
225.3522
225.0939
224.5785
224.8360
224.0648
225.0939
224.5785
224.5785
225.0939
227.1717
227.9578
231.4082
232.7547
235.7559
237.6940
235.7559
237.6940
238.5315
244.5124
244.8025
244.5124
249.5112
251.0091
248.9156
251.9140
252.5200
254.9645
258.6957
263.4713
258.6956
261.8654
265.0916
264.1177
262.5060
270.0403
269.7061
272.0575
269.7062
278.2433
274.4389
277.1981
279.6460
278.5930
281.7696
283.1987
287.1841
284.2775
284.2774
289.0233
289.3931
292.7544
328.5103
295.0276
297.3274
304.7898
294.2669
302.4031
302.0081
305.9937
308.0163
301.6138
312.1226
310.0592
311.2947
311.2947
318.0122
320.1567
321.0207
328.9591
331.2177
338.1383
328.0623
334.8813
333.0417
334.4200
334.4200
334.4200
340.9692
340.0215
341.9210
345.7694
349.6855
342.8767
344.8010
347.7188
346.7419
333.5002
354.1743
357.2169
357.2168
353.6711
369.2675
365.5333
370.3456
367.1264
367.6599
378.0325
363.9509
372.5165
371.4287
375.8108
374.1580
380.2751
376.9191
384.8240
387.1310
387.1310
386.5522
379.7124
391.8113
391.8114
387.1309
402.0620
387.1310
394.1855
400.2221
403.2961
405.1587
403.9155
410.1937
412.1078
401.4472
441.2111
407.0351
408.9256
418.5933
410.8301
408.9256
422.5638
428.6352
406.4081
427.9536
420.5709
426.5957
430.0036
434.1515
428.6352
432.0695
438.3650
434.1516
437.6581
446.9945
441.9273
425.2450
439.7842
447.7263
437.6581
457.4186
446.9947
434.8491
452.1574
456.6610
469.0374
457.4187
463.5556
469.0374
469.0374
479.5061
464.3323
467.4603
465.1109
466.6750
476.2441
469.8292
481.1508
475.4345
470.6232
534.2580
572.8156
492.9315
481.9769
473.0188
496.3856
477.0563
500.7602
492.0742
487.8246
499.0027
488.6696
509.7049
506.9936
481.9767
505.1993
598.0476
509.7049
494.6535
507.8947
524.5841
507.8947
513.3580
527.4550
518.9200
519.8570
515.2009
517.9861
530.3527
523.6329
526.4952
455.1517
522.6845
533.2771
533.2771
533.2770
521.7391
570.6119
538.2120
546.2697
536.2287
542.2155
528.4180
541.2098
543.2243
551.4102
545.2512
555.5816
531.3245
571.7118
547.2914
556.6328
542.2155
557.6874
568.4225
546.2697
594.4961
568.4227
571.7120
561.9399
585.1992
526.4951
571.7120
565.1653
557.6874
588.6561
568.4225
588.6561
578.3885
563.0116
578.3885
558.7454
573.9229
567.3333
573.9229
576.1483
585.1992
584.0546
586.3477
581.7769
599.2394
594.4959
586.3477
595.6759
581.7769
571.7120
581.7769
582.9139
585.1990
620.1439
598.0476
571.7118
598.0476
587.4999
588.6559
586.3478
588.6559
588.6559
607.6985
596.8596
565.1655
601.6355
585.1992
601.6357
602.8398
604.0482
604.0483
489.5172
590.9803
611.3865
585.1992
640.9935
601.6355
608.9236
610.1529
623.9632
618.8795
618.8795
627.8235
613.8668
602.8398
611.3867
629.1194
665.9413
635.6687
607.6985
618.8797
610.1531
610.1531
629.1194
621.4124
613.8670
613.8670
620.1439
613.8668
593.3203
653.2611
642.3369
639.6551
640.9935
617.6198
620.1437
656.0425
634.3495
617.6198
634.3493
653.2611
634.3495
653.2611
638.3217
613.8670
638.3215
618.8797
654.6492
643.6852
661.6672
615.1134
653.2611
658.8443
653.2611
649.1271
634.3495
635.6687
663.0865
629.1193
622.6855
691.0956
660.2531
638.3215
635.6685
631.7249
636.9929
649.1271
643.6851
650.5001
650.5001
629.1193
640.9935
667.3766
638.3217
668.8173
640.9937
646.3963
647.7590
683.5276
647.7592
631.7251
639.6551
668.8171
618.8795
658.8445
615.1136
679.0557
636.9927
664.5111
679.0557
667.3766
701.9409
650.5001
726.2107
694.1644
683.5276
676.1027
642.3372
688.0510
676.1027
643.6851
685.0296
679.0555
697.2568
657.4409
663.0867
653.2609
618.8797
668.8171
667.3766
667.3764
660.2533
674.6346
716.3286
744.9634
679.0557
651.8781
658.8443
685.0296
676.1027
653.2609
656.0425
654.6490
658.8445
685.0296
679.0557
658.8445
674.6346
663.0865
653.2611
680.5406
667.3766
697.2565
686.5374
685.0296
671.7148
670.2634
674.6346
661.6672
667.3766
677.5762
679.0555
656.0425
671.7150
679.0557
671.7148
674.6344
673.1721
685.0296
670.2632
706.6801
668.8173
689.5705
665.9411
688.0508
676.1027
695.7074
692.6268
663.0865
680.5404
677.5762
701.9409
676.1027
676.1027
657.4409
683.5276
676.1027
697.2565
661.6674
685.0294
689.5705
683.5276
701.9409
679.0557
708.2723
695.7074
714.7045
698.8117
674.6346
677.5762
674.6344
692.6271
686.5372
683.5276
683.5276
857.5897
670.2632
697.2565
663.0865
691.0956
673.1718
685.0296
671.7148
814.8048
674.6346
651.8781
691.0956
686.5374
621.4126
698.8122
694.1642
695.7076
695.7074
676.1027
611.3867
691.0958
709.8705
679.0557
677.5764
670.2632
688.0508
697.2568
686.5372
688.0510
716.3286
695.7074
695.7074
694.1640
686.5374
724.5471
683.5273
724.5471
691.0958
701.9409
674.6346
744.9634
679.0557
719.5963
676.1025
685.0296
709.8708
716.3286
698.8117
625.2454
703.5144
708.2723
700.3735
709.8708
738.0466
697.2565
701.9409
694.1642
674.6344
691.0958
709.8705
701.9409
688.0508
708.2723
722.8902
692.6271
703.5139
713.0869
703.5144
708.2720
674.6344
703.5144
708.2723
698.8117
709.8708
706.6799
708.2720
719.5963
711.4754
719.5960
709.8705
743.2235
695.7076
711.4756
719.5963
703.5142
713.0867
716.3284
709.8708
670.2632
700.3732
559.8066
685.0296
703.5144
722.8902
701.9409
716.3286
695.7076
701.9409
709.8705
716.3286
683.5276
703.5144
736.3350
705.0939
688.0513
717.9592
705.0941
703.5144
695.7074
708.2723
727.8810
706.6801
711.4754
703.5144
724.5471
722.8902
692.6268
703.5139
716.3286
688.0513
919.5786
685.0294
717.9589
726.2107
703.5142
701.9409
697.2565
708.2723
719.5963
714.7045
701.9409
691.0956
691.0958
722.8902
706.6799
703.5144
721.2399
703.5144
700.3735
705.0941
676.1027
722.8902
717.9592
709.8705
695.7076
706.6801
697.2568
729.5581
719.5963
713.0869
683.5276
706.6801
680.5404
691.0958
709.8708
697.2568
711.4756
717.9589
719.5963
837.8512
727.8810
703.5144
700.3735
721.2399
726.2104
734.6304
709.8705
700.3732
714.7045
736.3350
724.5471
716.3286
732.9328
695.7076
700.3735
714.7045
731.2421
711.4756
719.5963
706.6801
713.0867
751.9954
703.5142
724.5471
703.5144
713.0869
700.3735
727.8810
703.5144
719.5960
691.0956
653.2609
705.0941
716.3286
724.5471
703.5144
724.5471
709.8705
695.7074
689.5703
732.9328
717.9592
717.9592
722.8902
748.4648
705.0941
711.4756
783.2356
880.5183
682.0310
698.8120
709.8705
714.7045
717.9592
676.1027
706.6799
722.8900
734.6304
736.3350
701.9404
727.8810
722.8900
717.9589
721.2399
727.8810
709.8708
721.2397
724.5471
676.1025
713.0869
709.8705
724.5471
698.8120
708.2723
724.5471
711.4754
703.5139
700.3735
714.7045
731.2421
713.0869
671.7150
738.0466
721.2399
716.3284
700.3732
677.5762
706.6801
736.3350
719.5963
721.2399
724.5471
701.9406
722.8902
711.4756
727.8810
726.2107
729.5581
721.2399
708.2723
731.2421
722.8900
709.8705
665.9411
692.6271
714.7045
750.2265
716.3286
713.0869
654.6490
698.8120
709.8708
709.8708
697.2565
773.8119
729.5581
729.5581
713.0869
706.6801
674.6346
721.2397
783.2356
743.2235
711.4756
705.0941
716.3284
719.5960
726.2107
719.5963
694.1644
726.2107
714.7045
732.9328
700.3732
701.9406
714.7045
721.2399
719.5960
721.2399
708.2720
709.8708
719.5960
732.9328
594.4961
676.1027
727.8810
709.8708
721.2397
695.7076
736.3350
709.8708
739.7651
719.5960
700.3732
736.3348
695.7076
716.3286
705.0939
727.8810
717.9592
726.2107
705.0939
727.8810
691.0958
732.9328
664.5114
722.8902
727.8810
717.9592
721.2399
727.8810
719.5963
722.8902
726.2107
671.7148
727.8808
724.5471
719.5963
694.1642
729.5581
719.5960
724.5471
736.3350
724.5471
721.2397
734.6304
713.0867
719.5963
721.2397
719.5963
717.9589
727.8810
738.0466
727.8808
729.5581
721.2399
691.0958
711.4756
734.6304
726.2107
726.2107
727.8808
714.7043
716.3286
694.1644
783.2356
741.4905
670.2634
726.2107
727.8810
711.4756
708.2723
716.3286
701.9409
724.5471
731.2421
721.2397
726.2107
734.6304
694.1640
719.5960
727.8810
738.0466
726.2107
717.9589
705.0939
717.9592
709.8708
743.2235
711.4756
722.8900
717.9589
739.7651
736.3350
726.2107
721.2397
726.2107
734.6304
726.2107
726.2104
721.2397
727.8810
714.7045
721.2397
711.4756
734.6304
726.2107
721.2399
717.9592
726.2104
729.5581
719.5960
729.5581
709.8705
753.7717
729.5581
732.9328
703.5142
711.4754
727.8810
719.5960
724.5471
700.3732
751.9954
744.9634
679.0555
716.3284
714.7043
716.3284
736.3350
717.9592
731.2421
726.2107
731.2421
734.6302
722.8900
729.5579
729.5581
871.2163
714.7045
694.1642
731.2418
746.7105
711.4756
739.7651
751.9954
729.5581
719.5960
717.9589
719.5963
721.2399
736.3348
706.6801
726.2107
726.2107
689.5705
716.3286
709.8708
721.2399
709.8705
732.9328
731.2421
671.7150
722.8900
731.2421
727.8810
719.5963
739.7649
721.2397
741.4905
724.5471
721.2397
732.9328
682.0312
711.4756
701.9409
721.2397
711.4754
729.5579
703.5144
724.5471
732.9328
716.3284
727.8810
724.5469
727.8810
724.5471
727.8810
750.2265
727.8808
721.2397
713.0869
682.0310
741.4905
708.2723
705.0937
724.5471
731.2421
703.5142
729.5581
713.0867
719.5960
727.8810
744.9632
717.9589
732.9328
717.9589
739.7651
716.3286
722.8902
713.0869
708.2720
719.5960
724.5471
705.0939
698.8120
736.3350
673.1721
734.6304
738.0466
700.3735
734.6304
732.9328
727.8810
746.7105
744.9634
726.2107
750.2265
724.5469
714.7043
721.2397
722.8902
741.4908
719.5960
738.0466
719.5960
724.5471
729.5581
724.5471
732.9328
726.2107
719.5963
711.4754
729.5581
739.7651
722.8902
753.7717
721.2399
705.0941
731.2418
736.3350
701.9406
726.2104
683.5276
717.9592
724.5471
729.5581
741.4908
716.3286
680.5404
680.5406
755.5555
726.2107
709.8705
744.9634
724.5471
722.8900
732.9328
855.3557
689.5705
726.2107
846.5228
724.5471
724.5471
714.7043
676.1027
732.9328
726.2107
722.8902
724.5471
726.2107
726.2107
727.8808
724.5471
717.9592
731.2418
724.5471
727.8810
746.7105
708.2723
727.8808
722.8900
683.5276
719.5963
731.2421
709.8705
726.2107
732.9328
724.5471
722.8900
706.6801
717.9592
753.7717
722.8902
636.9926
701.9409
676.1027
703.5142
731.2421
724.5471
721.2397
721.2397
731.2421
721.2397
739.7651
711.4754
705.0939
729.5581
732.9326
677.5764
695.7076
746.7105
743.2233
743.2235
731.2418
727.8810
705.0939
721.2397
698.8120
706.6799
736.3350
722.8900
709.8705
729.5581
748.4648
726.2104
719.5960
721.2397
719.5960
724.5471
703.5144
706.6801
716.3286
706.6801
709.8708
726.2107
726.2107
724.5471
697.2568
727.8810
653.2611
750.2265
714.7043
750.2265
717.9589
714.7045
717.9592
713.0869
724.5469
676.1025
722.8902
727.8810
721.2397
729.5579
734.6304
726.2104
729.5581
727.8810
667.3764
708.2723
722.8900
692.6271
724.5471
722.8902
724.5471
736.3350
694.1644
721.2399
721.2399
685.0294
727.8808
689.5703
721.2399
734.6304
716.3284
719.5960
722.8902
673.1718
703.5142
755.5555
714.7045
711.4754
719.5960
722.8902
729.5581
726.2107
694.1640
726.2107
731.2421
721.2397
706.6801
722.8902
727.8810
719.5960
736.3350
695.7074
719.5963
732.9328
729.5581
709.8708
724.5471
726.2107
729.5581
868.9183
750.2265
708.2723
727.8810
732.9328
738.0463
711.4756
714.7045
711.4754
731.2421
721.2399
724.5471
781.3347
727.8808
732.9328
717.9589
724.5471
722.8902
711.4756
706.6801
827.2334
716.3286
743.2235
711.4754
692.6271
724.5469
685.0296
721.2397
744.9634
732.9328
726.2107
734.6304
729.5581
713.0867
719.5960
709.8708
721.2397
700.3732
717.9592
729.5581
719.5963
726.2104
708.2723
709.8708
721.2397
709.8708
721.2397
721.2397
705.0939
714.7043
726.2107
706.6801
750.2265
729.5581
721.2399
736.3350
736.3350
706.6799
709.8708
741.4908
709.8708
706.6799
731.2421
727.8810
744.9634
750.2265
711.4756
713.0867
714.7043
724.5469
703.5144
705.0939
716.3286
736.3350
722.8900
716.3286
703.5144
721.2397
606.4774
716.3284
731.2421
729.5581
713.0869
726.2107
721.2399
713.0869
722.8900
739.7649
729.5579
695.7074
732.9328
708.2720
731.2421
714.7043
750.2265
724.5471
709.8708
719.5960
719.5960
711.4754
716.3284
722.8902
727.8810
713.0869
727.8810
714.7045
709.8708
676.1027
701.9406
732.9328
726.2104
726.2104
708.2723
717.9592
708.2723
694.1642
708.2720
708.2723
717.9592
757.3467
731.2421
726.2107
717.9589
726.2107
705.0941
714.7045
719.5960
727.8808
722.8902
716.3286
726.2107
716.3286
734.6304
711.4756
714.7045
741.4908
734.6304
719.5963
698.8120
724.5469
711.4754
716.3284
709.8708
736.3350
892.3990
701.9406
731.2421
732.9328
711.4754
650.5001
668.8171
727.8810
713.0869
731.2421
709.8705
722.8902
732.9328
701.9406
919.5789
701.9404
703.5142
711.4756
713.0869
697.2568
726.2104
719.5963
727.8810
724.5471
716.3286
717.9592
732.9328
722.8902
706.6801
716.3286
705.0939
726.2107
695.7076
683.5276
732.9328
719.5963
713.0867
703.5144
709.8705
727.8810
724.5471
716.3286
719.5963
732.9328
709.8708
724.5471
719.5960
724.5471
748.4648
714.7043
714.7043
724.5471
698.8117
719.5963
721.2399
703.5142
700.3735
714.7045
729.5581
713.0869
701.9406
726.2107
713.0867
571.7120
711.4754
705.0939
721.2397
698.8120
722.8900
686.5374
692.6271
716.3286
709.8705
701.9409
721.2397
700.3732
727.8810
717.9592
716.3286
651.8781
713.0869
711.4754
709.8708
727.8810
691.0958
779.4420
688.0508
708.2720
695.7074
698.8122
716.3284
695.7076
711.4754
724.5471
729.5581
698.8122
685.0296
724.5471
719.5963
685.0294
709.8705
683.5273
709.8708
686.5372
721.2399
697.2565
692.6268
713.0869
680.5406
664.5114
709.8705
700.3730
677.5762
726.2107
694.1644
670.2632
706.6801
706.6801
722.8902
714.7045
668.8171
703.5142
695.7074
785.1447
671.7148
732.9326
721.2397
732.9328
692.6271
727.8810
722.8902
689.5705
701.9409
695.7074
709.8708
694.1642
724.5471
727.8810
709.8708
724.5471
697.2565
709.8704
692.6268
709.8708
716.3286
726.2107
686.5374
695.7074
724.5471
685.0296
714.7043
706.6801
719.5963
719.5963
673.1718
741.4908
721.2399
719.5963
703.5142
695.7076
706.6801
731.2421
722.8902
714.7045
705.0939
695.7074
691.0958
736.3350
751.9954
698.8117
658.8443
714.7045
697.2568
798.7432
697.2565
701.9406
686.5374
695.7074
724.5471
694.1642
688.0510
706.6801
709.8708
738.0466
724.5471
677.5764
673.1721
711.4754
683.5276
649.1270
714.7045
726.2107
694.1642
736.3350
726.2107
656.0425
703.5144
673.1718
722.8902
703.5144
711.4756
722.8902
722.8902
676.1027
708.2720
685.0296
700.3732
724.5471
703.5144
705.0941
685.0296
703.5144
695.7074
703.5142
701.9406
705.0939
677.5764
692.6271
705.0941
673.1718
697.2565
679.0555
695.7074
695.7074
674.6346
697.2568
716.3286
680.5406
673.1718
661.6674
694.1644
680.5404
689.5703
716.3284
677.5764
686.5372
682.0310
719.5960
727.8808
671.7150
663.0865
658.8445
727.8810
677.5764
711.4756
743.2235
691.0958
670.2632
649.1270
698.8117
744.9632
676.1027
689.5705
645.0379
680.5406
682.0310
677.5764
722.8900
679.0555
667.3766
683.5273
677.5764
673.1721
700.3735
660.2533
679.0557
692.6268
676.1027
686.5374
677.5762
680.5406
668.8171
709.8708
667.3766
713.0869
661.6672
705.0941
667.3766
686.5372
676.1025
705.0941
685.0294
671.7148
679.0557
679.0555
651.8778
671.7148
671.7148
744.9632
688.0510
694.1642
674.6346
700.3730
677.5764
677.5764
673.1721
660.2533
625.2455
667.3764
656.0423
677.5764
673.1718
677.5764
661.6674
663.0867
671.7148
664.5111
691.0958
685.0296
670.2634
688.0510
651.8781
680.5406
670.2632
667.3764
671.7148
651.8781
682.0310
670.2632
686.5372
673.1721
686.5374
647.7590
674.6346
692.6271
668.8173
647.7592
656.0425
660.2533
656.0425
668.8171
664.5111
650.4999
671.7148
673.1721
661.6674
664.5114
653.2611
658.8445
670.2634
650.5001
650.4999
653.2609
639.6553
643.6849
653.2609
651.8781
622.6857
673.1718
651.8781
653.2611
634.3493
649.1271
643.6851
650.5001
642.3372
651.8781
658.8443
651.8781
664.5114
650.5001
612.6247
638.3215
651.8781
650.5001
647.7592
787.0621
645.0383
650.5001
653.2611
649.1270
647.7590
691.0958
639.6551
631.7251
653.2611
654.6492
607.6985
665.9413
636.9927
638.3215
631.7251
625.2454
645.0383
643.6852
631.7251
636.9929
633.0347
651.8781
636.9927
626.5320
635.6687
631.7251
640.9935
630.4200
613.8668
625.2454
635.6687
560.8716
606.4774
630.4200
639.6551
611.3867
622.6857
602.8399
629.1194
631.7251
612.6247
622.6857
649.1271
653.2611
629.1194
607.6983
625.2455
634.3493
635.6687
616.3646
612.6247
625.2455
610.1531
625.2454
613.8670
620.1437
599.2396
616.3646
700.3732
592.1480
635.6687
613.8670
602.8398
620.1439
612.6245
621.4126
606.4774
627.8235
602.8399
627.8235
590.9801
596.8594
594.4961
593.3203
599.2394
596.8597
590.9801
586.3475
606.4775
602.8399
588.6559
588.6562
586.3475
617.6199
592.1480
587.4999
579.5143
569.5154
580.6437
576.1481
594.4961
580.6437
592.1480
586.3475
571.7120
581.7769
566.2476
585.1990
581.7767
565.1653
541.2098
560.8715
564.0868
585.1990
560.8716
561.9399
553.4891
555.5814
567.3334
557.6874
555.5814
570.6119
555.5816
566.2477
570.6118
556.6327
559.8066
554.5338
558.7454
548.3161
557.6874
523.6329
546.2697
553.4891
558.7454
546.2697
535.2419
548.3160
519.8570
541.2098
529.3839
558.7454
532.2991
531.3243
542.2155
546.2697
526.4952
543.2243
519.8569
540.2075
521.7393
537.2187
524.5841
525.5382
517.0548
520.7967
524.5840
506.9937
523.6329
510.6143
518.9202
509.7050
498.1277
519.8570
523.6329
511.5261
523.6329
517.9861
506.0951
503.4159
504.3062
497.2552
505.1995
506.9937
504.3064
494.6535
492.9313
502.5281
518.9202
499.8800
496.3856
499.8802
480.3273
484.4687
498.1277
487.8247
473.8217
484.4688
515.2009
468.2479
483.6357
475.4344
481.1510
477.0563
475.4345
479.5061
478.6872
468.2477
470.6231
473.0186
465.1109
467.4603
465.8920
465.8920
449.1954
480.3274
458.9404
462.7810
446.2649
473.8216
452.9029
457.4187
455.9053
452.1575
451.4140
458.1785
449.9330
455.9053
454.4001
444.8113
445.5373
444.8113
432.0694
444.0874
440.4966
407.0352
440.4967
444.8113
423.2316
432.7617
408.9255
421.8979
429.3184
434.1516
423.9010
422.5639
419.9100
422.5639
421.2336
425.2449
423.2316
423.9010
419.2509
415.9793
418.5932
412.1078
464.3323
409.5588
402.6783
407.0351
413.3917
403.2961
404.5363
404.5363
408.2938
399.0030
394.1855
398.3958
399.0031
395.3811
399.6118
399.6119
385.3987
394.1855
387.1309
390.0457
390.6328
353.1691
391.2213
402.0620
380.2751
376.3642
381.4043
374.7076
363.9509
378.5912
377.4752
374.1580
375.2586
354.1743
371.9720
366.0630
351.1719
363.4259
363.4259
368.1945
362.3793
365.0046
360.8184
360.8185
355.1840
347.7189
355.1840
355.1839
356.1982
348.7000
348.7000
347.2299
345.2846
350.6753
349.6855
341.4445
341.4445
346.2552
335.3436
338.6076
335.3436
338.6076
339.5492
338.1384
327.6153
331.6722
333.9596
334.4200
328.0623
328.0623
323.1962
326.7242
322.3232
317.5860
326.2799
318.0122
319.7261
311.2947
313.7883
312.5378
311.2947
311.2947
307.2049
308.4232
321.4539
308.0163
306.8004
305.1902
300.8276
298.8754
297.3273
302.0081
298.8755
295.4090
293.5092
293.5092
295.0276
294.6469
294.2670
282.1259
288.6540
288.6541
281.0591
285.7253
286.4534
276.8510
279.2944
280.7048
281.7696
279.9983
275.4688
273.0744
276.1586
273.7554
272.3959
269.3727
269.7062
268.0448
270.3750
266.0706
266.3983
264.1177
264.1177
262.5061
261.2269
261.5459
261.5459
258.6956
256.5097
257.1316
259.3252
254.0439
251.6119
254.9645
254.3502
251.3103
251.0091
250.7085
245.6757
245.6757
244.8025
245.6758
245.9678
247.1409
244.8025
241.0691
239.3731
241.9235
237.4157
237.4158
243.6451
236.3073
235.4808
234.9319
234.6583
230.8726
231.9455
231.1402
229.8067
227.6953
226.6498
227.1717
227.9578
222.5333
221.0162
221.7729
215.8172
221.0163
218.7673
220.0128
220.5137
218.7672
221.0162
221.2681
224.0648
224.5785
224.8360
229.5413
231.4081
235.2062
235.7558
234.1122
233.0252
240.5019
239.3731
241.6382
237.6940
243.9337
245.9678
248.3220
245.9678
251.6119
249.8097
255.5810
239.9366
260.2736
261.2270
260.5908
259.0101
263.7942
258.0684
265.0916
271.7198
269.7061
270.0403
271.3827
278.5930
275.4688
279.9983
279.9983
279.9983
279.2944
276.8510
281.0591
284.6384
287.5506
282.4828
288.2855
288.6541
295.0276
293.8877
296.9422
271.0461
297.7133
299.6541
300.0444
306.8003
304.7898
306.8004
306.3966
311.7083
312.1226
305.9937
319.2963
315.8896
324.9529
322.3233
328.9591
318.8674
325.8366
310.8820
333.0418
339.0779
299.2644
333.5002
336.7365
340.0215
334.8813
339.5492
337.6700
342.3983
347.7189
350.1800
345.7693
347.2299
354.1743
355.6905
360.8185
357.7279
360.8185
360.3004
336.7365
361.3375
363.9510
370.8864
365.0046
365.5332
369.8060
374.7076
370.8865
369.8061
374.1580
379.1512
377.4752
382.5389
380.8391
379.7125
385.9748
390.0457
390.6328
391.2214
388.8756
391.2213
398.3958
394.1855
399.0031
400.2222
400.2222
408.9255
409.5588
404.5363
406.4081
412.1078
411.4681
407.6636
410.8301
412.1078
413.3918
415.9794
419.9100
419.9100
419.9100
478.6871
421.8979
431.3791
433.4556
430.0035
431.3790
425.2449
424.5720
428.6352
444.8113
429.3185
443.3656
444.8113
436.9532
448.4598
447.7263
452.1575
444.8114
457.4186
453.6505
460.4703
452.1575
459.7042
464.3323
465.1109
459.7043
473.8216
441.2111
462.0088
485.3042
473.8216
477.8706
471.4194
483.6358
486.9821
481.9769
476.2443
486.1419
485.3040
491.2194
488.6697
501.6429
491.2193
486.9820
487.8246
503.4159
501.6429
494.6535
492.9315
501.6427
506.9935
514.2780
553.4891
505.1995
506.9935
513.3580
514.2781
509.7051
502.5281
513.3579
508.7984
523.6329
521.7393
523.6329
508.7984
529.3839
528.4180
534.2578
539.2080
535.2419
515.2009
533.2771
524.5841
541.2098
523.6329
542.2155
541.2100
534.2578
548.3160
531.3245
555.5816
547.2912
543.2241
554.5338
544.2362
541.2100
538.2120
546.2698
567.3334
542.2154
549.3442
563.0114
565.1655
556.6328
567.3334
572.8156
578.3885
554.5338
587.5001
556.6327
571.7120
573.9229
573.9229
554.5336
564.0868
573.9229
581.7767
569.5154
579.5143
578.3885
577.2664
576.1481
588.6559
575.0338
580.6437
585.1992
581.7769
586.3477
593.3201
588.6561
585.1994
595.6759
618.8797
586.3475
594.4959
596.8596
593.3203
606.4775
588.6561
565.1653
588.6562
573.9229
596.8597
565.1655
605.2609
606.4775
598.0474
590.9803
593.3203
612.6245
594.4961
586.3475
673.1721
613.8670
599.2396
618.8795
612.6247
606.4775
627.8234
596.8596
629.1194
615.1134
618.8797
618.8797
617.6198
630.4200
629.1193
646.3963
630.4200
625.2454
626.5320
621.4126
629.1193
694.1642
621.4126
622.6855
617.6199
618.8797
627.8235
635.6687
631.7251
635.6687
638.3215
629.1194
642.3367
615.1136
620.1439
620.1439
630.4197
629.1194
626.5320
640.9935
623.9634
646.3961
633.0347
629.1194
660.2533
654.6492
595.6757
636.9927
643.6851
643.6851
630.4197
634.3495
636.9927
649.1271
636.9927
636.9926
627.8234
647.7592
643.6851
650.4999
654.6492
615.1136
650.5001
640.9935
638.3217
646.3963
663.0867
633.0347
625.2454
639.6551
650.5001
653.2611
646.3961
689.5705
703.5144
647.7592
650.5001
636.9929
651.8781
617.6199
656.0425
653.2609
661.6674
654.6492
649.1270
668.8173
660.2531
665.9413
661.6674
635.6685
630.4200
677.5764
658.8443
689.5705
661.6674
676.1027
622.6855
664.5114
646.3961
651.8781
667.3766
673.1721
694.1642
668.8173
667.3764
663.0867
673.1721
663.0867
599.2394
661.6674
647.7592
682.0312
664.5111
660.2533
651.8781
686.5372
833.5747
665.9411
639.6551
680.5406
677.5764
688.0510
674.6346
670.2634
664.5111
677.5764
680.5404
647.7590
682.0312
674.6346
686.5374
688.0510
698.8117
638.3217
682.0312
825.1383
677.5764
664.5114
677.5764
680.5406
676.1025
663.0867
661.6672
685.0296
642.3372
682.0310
671.7148
677.5764
691.0958
692.6271
679.0557
692.6271
695.7076
682.0310
689.5705
694.1642
694.1640
711.4756
676.1027
661.6672
700.3735
698.8122
674.6344
668.8171
700.3732
691.0956
713.0869
703.5144
677.5762
667.3766
691.0956
706.6799
661.6674
689.5705
688.0508
691.0958
651.8778
950.9804
680.5406
654.6492
709.8708
688.0508
698.8117
771.9513
695.7076
683.5273
674.6346
695.7076
697.2565
682.0312
708.2723
691.0958
694.1642
671.7148
694.1642
714.7043
673.1721
708.2723
683.5276
686.5374
701.9409
654.6492
729.5579
697.2565
677.5764
692.6268
694.1640
692.6268
683.5276
683.5276
694.1644
689.5703
673.1718
680.5404
692.6268
686.5374
692.6268
692.6268
694.1642
694.1642
701.9406
706.6801
701.9409
700.3735
698.8117
689.5703
706.6801
711.4756
700.3735
679.0557
700.3735
708.2723
692.6268
713.0869
689.5703
671.7148
682.0312
691.0956
700.3732
686.5374
694.1642
694.1640
700.3735
676.1025
705.0941
700.3735
708.2720
689.5705
700.3732
694.1644
700.3735
660.2533
717.9592
724.5469
677.5762
698.8120
698.8120
840.0040
671.7148
676.1025
698.8120
709.8708
689.5703
698.8120
731.2418
739.7651
711.4756
709.8708
703.5142
729.5581
722.8902
717.9592
705.0939
698.8122
705.0941
719.5963
668.8171
722.8902
717.9589
703.5142
673.1718
697.2568
697.2565
697.2568
688.0510
721.2399
724.5471
701.9406
689.5705
688.0510
722.8902
727.8810
691.0961
729.5579
694.1642
724.5471
734.6304
716.3286
726.2107
697.2568
689.5703
711.4756
724.5471
726.2107
716.3284
670.2632
732.9328
703.5142
679.0555
705.0937
726.2107
731.2421
695.7076
680.5406
717.9592
706.6801
717.9589
680.5404
716.3286
701.9406
727.8810
717.9589
716.3286
716.3286
719.5963
724.5471
706.6801
630.4197
713.0869
711.4754
698.8122
700.3732
694.1644
709.8708
670.2634
738.0463
685.0296
670.2632
744.9632
716.3286
727.8810
736.3350
695.7074
695.7076
670.2632
673.1718
724.5469
731.2418
709.8708
705.0941
729.5579
724.5471
736.3350
722.8900
741.4908
724.5469
697.2565
552.4479
734.6304
671.7148
703.5142
673.1718
726.2107
738.0466
705.0939
721.2399
722.8902
726.2107
689.5705
698.8122
706.6799
713.0869
671.7148
721.2397
705.0941
708.2723
711.4754
721.2399
721.2397
716.3284
719.5963
709.8708
697.2568
714.7043
697.2565
716.3286
736.3350
713.0869
739.7649
688.0510
701.9406
736.3350
700.3732
717.9592
713.0869
717.9589
700.3735
719.5960
706.6799
714.7043
706.6801
717.9589
683.5273
729.5579
714.7045
717.9589
716.3286
721.2397
717.9592
721.2399
705.0941
732.9328
726.2107
714.7043
713.0869
731.2421
724.5469
743.2235
719.5960
722.8900
703.5144
717.9589
706.6799
697.2568
722.8902
721.2397
679.0555
727.8810
724.5471
716.3284
753.7717
705.0941
714.7043
716.3284
717.9592
727.8810
701.9409
711.4754
721.2397
705.0939
703.5142
698.8117
722.8900
701.9406
731.2421
709.8705
721.2397
722.8900
719.5963
739.7651
708.2720
714.7045
717.9592
721.2397
726.2107
717.9589
717.9592
724.5471
705.0939
729.5581
651.8781
719.5960
738.0466
714.7045
721.2397
734.6302
705.0941
732.9328
722.8902
722.8902
688.0508
708.2723
750.2265
713.0869
724.5471
716.3286
751.9954
744.9634
679.0557
734.6302
719.5963
726.2107
743.2233
724.5471
721.2399
719.5960
726.2107
726.2107
689.5703
727.8810
701.9406
713.0867
721.2397
724.5471
706.6799
719.5960
706.6801
729.5581
711.4756
717.9589
736.3350
739.7651
721.2397
731.2421
719.5963
734.6304
716.3286
721.2399
716.3286
713.0869
622.6855
708.2720
726.2107
732.9328
734.6302
732.9328
709.8705
711.4756
729.5581
729.5581
703.5142
714.7045
708.2723
722.8900
722.8900
703.5142
717.9589
726.2107
719.5963
701.9409
716.3286
721.2397
726.2107
724.5471
746.7105
717.9589
726.2107
744.9632
708.2723
694.1640
736.3350
746.7105
719.5963
695.7074
732.9328
701.9409
705.0939
708.2723
738.0466
643.6851
717.9589
719.5960
695.7074
695.7076
724.5471
729.5581
726.2107
717.9589
719.5963
719.5960
719.5960
729.5581
727.8810
724.5471
697.2565
739.7651
744.9632
721.2397
717.9589
859.8339
700.3732
714.7045
714.7045
694.1642
731.2421
713.0867
719.5960
726.2107
692.6271
726.2107
804.6999
731.2421
729.5579
722.8900
717.9589
743.2235
708.2720
732.9328
727.8810
741.4908
697.2568
726.2107
719.5960
739.7649
726.2107
746.7105
721.2397
660.2531
751.9954
726.2107
750.2265
726.2107
716.3286
610.1531
717.9589
726.2107
743.2233
722.8902
716.3286
732.9328
708.2723
703.5142
738.0466
717.9592
726.2104
721.2397
724.5469
716.3284
734.6304
667.3764
721.2399
701.9404
726.2104
722.8900
724.5471
738.0466
726.2107
748.4646
709.8708
714.7045
719.5960
716.3286
743.2235
751.9954
714.7043
726.2107
729.5581
736.3350
703.5142
721.2399
700.3735
741.4908
746.7105
709.8705
726.2104
665.9413
721.2397
716.3284
726.2107
729.5581
719.5963
743.2233
691.0956
726.2104
719.5960
722.8902
724.5471
732.9328
722.8900
698.8120
722.8900
781.3344
714.7043
703.5144
721.2397
727.8810
724.5471
716.3286
722.8900
731.2421
729.5581
744.9634
716.3284
746.7103
700.3732
714.7043
736.3348
719.5960
722.8902
732.9328
726.2104
717.9592
719.5960
741.4908
676.1027
734.6304
679.0557
705.0941
750.2265
713.0869
719.5960
703.5142
705.0941
741.4908
722.8900
732.9328
717.9592
739.7651
714.7043
764.5875
716.3284
722.8902
697.2565
739.7651
701.9409
716.3284
706.6799
722.8902
721.2399
729.5579
708.2720
724.5471
708.2723
716.3286
726.2104
727.8810
722.8902
724.5471
724.5471
711.4756
729.5581
719.5960
729.5581
692.6273
719.5960
717.9589
736.3350
726.2107
709.8705
724.5469
721.2397
724.5471
726.2104
744.9634
731.2421
738.0463
781.3347
705.0939
719.5960
734.6302
717.9589
722.8902
713.0867
719.5960
719.5963
691.0956
738.0466
724.5471
738.0463
724.5471
721.2399
736.3350
727.8810
722.8902
714.7045
709.8705
726.2107
711.4756
722.8900
727.8810
727.8810
721.2399
709.8705
724.5471
727.8810
727.8810
726.2107
731.2418
727.8810
731.2421
674.6346
713.0867
750.2265
729.5581
724.5469
716.3284
726.2107
753.7717
779.4417
727.8810
717.9589
724.5471
714.7043
709.8708
727.8810
721.2397
744.9632
748.4648
775.6805
751.9954
691.0958
909.5249
721.2399
721.2397
738.0463
719.5960
705.0941
753.7717
705.0941
717.9589
717.9589
697.2568
744.9632
695.7076
706.6801
732.9328
719.5963
727.8810
724.5471
685.0294
711.4754
743.2233
717.9589
716.3284
717.9592
724.5471
717.9589
727.8808
703.5142
724.5471
711.4756
724.5471
1112.8436
726.2107
734.6304
698.8120
722.8902
719.5960
709.8705
719.5960
734.6304
726.2107
738.0466
729.5581
716.3284
709.8705
692.6273
727.8810
695.7074
731.2421
717.9589
714.7043
743.2235
753.7717
682.0310
700.3732
724.5469
727.8810
743.2233
724.5471
716.3286
736.3350
481.9769
743.2235
729.5581
722.8902
700.3735
674.6346
773.8119
726.2107
724.5471
726.2104
726.2107
734.6304
731.2421
722.8900
729.5581
726.2107
717.9589
713.0869
716.3284
729.5581
719.5960
716.3286
726.2107
736.3350
750.2265
717.9589
716.3284
716.3286
722.8902
698.8120
705.0941
727.8810
717.9589
709.8708
721.2399
713.0867
724.5471
736.3350
732.9328
673.1721
717.9589
695.7076
716.3286
721.2399
746.7105
717.9589
716.3284
731.2421
700.3735
724.5471
743.2233
734.6302
729.5581
729.5579
721.2399
706.6799
722.8900
716.3286
744.9632
743.2233
726.2104
744.9634
744.9632
729.5581
706.6799
746.7103
726.2104
804.6996
738.0463
722.8900
713.0867
698.8120
722.8902
770.0986
722.8902
727.8810
714.7045
724.5471
719.5963
751.9954
692.6273
719.5960
709.8708
705.0939
640.9937
719.5963
724.5471
713.0867
694.1640
741.4908
692.6273
738.0466
750.2265
721.2399
732.9326
698.8120
703.5142
719.5963
726.2107
722.8902
717.9592
853.1317
727.8810
706.6799
734.6304
717.9589
731.2418
717.9589
724.5471
760.9517
716.3284
673.1718
709.8705
724.5471
743.2235
729.5581
719.5960
719.5960
717.9589
717.9592
698.8120
731.2421
748.4648
703.5142
717.9589
629.1193
732.9328
676.1025
729.5581
726.2107
731.2421
625.2455
706.6801
732.9328
713.0867
729.5581
670.2632
722.8902
713.0867
692.6268
727.8808
727.8810
719.5960
706.6799
727.8810
724.5471
705.0941
729.5581
729.5581
762.7659
700.3732
724.5471
724.5471
701.9409
731.2421
721.2397
677.5764
721.2397
700.3732
717.9592
732.9328
705.0937
683.5273
831.4515
716.3286
731.2418
701.9406
719.5960
724.5471
703.5144
724.5471
701.9406
706.6799
716.3284
719.5960
705.0939
751.9954
736.3350
717.9589
721.2397
716.3286
736.3350
714.7045
700.3732
706.6799
744.9632
716.3284
721.2399
713.0869
700.3730
713.0867
727.8810
804.6996
711.4754
734.6304
719.5960
727.8810
698.8120
682.0312
726.2104
734.6304
714.7045
726.2107
688.0508
717.9589
705.0939
727.8810
714.7043
721.2397
719.5960
713.0867
709.8705
724.5471
705.0939
722.8902
695.7074
717.9592
705.0941
716.3284
705.0941
746.7103
734.6304
726.2107
711.4756
713.0867
685.0294
709.8708
709.8708
724.5471
724.5471
695.7076
724.5471
721.2399
716.3284
722.8902
708.2720
717.9589
729.5581
731.2421
721.2397
736.3350
689.5703
714.7043
705.0941
724.5471
691.0956
714.7043
719.5960
732.9328
721.2397
714.7045
698.8120
731.2421
719.5963
694.1644
708.2723
721.2397
717.9592
716.3286
729.5581
653.2611
719.5963
701.9409
726.2107
717.9592
698.8117
689.5703
719.5960
717.9589
716.3286
714.7043
724.5471
796.7747
700.3735
695.7074
691.0958
714.7045
682.0310
680.5404
711.4756
691.0956
724.5471
717.9592
961.8816
731.2421
685.0296
705.0941
698.8122
711.4754
709.8708
700.3732
706.6801
697.2568
719.5960
686.5372
726.2107
724.5471
695.7076
738.0466
683.5276
688.0508
695.7076
727.8810
708.2723
680.5404
722.8902
703.5144
721.2399
691.0956
716.3286
711.4756
722.8902
709.8705
697.2565
711.4756
713.0869
721.2399
697.2565
738.0466
708.2723
711.4754
706.6801
711.4756
726.2107
698.8120
689.5705
682.0312
685.0296
726.2107
688.0510
622.6857
668.8171
731.2421
724.5471
734.6304
692.6271
750.2265
734.6304
676.1027
709.8708
698.8117
705.0941
701.9406
683.5273
708.2723
691.0956
717.9592
705.0941
700.3732
697.2565
688.0510
706.6799
698.8117
694.1644
719.5960
709.8708
679.0557
697.2565
713.0869
709.8708
697.2565
700.3735
698.8122
694.1642
711.4756
700.3730
703.5144
711.4756
667.3766
705.0941
677.5762
694.1642
680.5404
695.7074
700.3735
673.1718
706.6801
700.3732
706.6799
701.9406
695.7074
685.0296
694.1640
695.7074
719.5960
705.0941
691.0958
685.0294
695.7076
708.2723
727.8810
794.8152
698.8122
727.8810
706.6796
716.3284
705.0939
679.0557
719.5963
695.7076
686.5374
676.1027
670.2632
700.3735
729.5581
700.3730
692.6271
700.3730
680.5406
711.4756
691.0958
682.0310
695.7076
600.4354
683.5276
683.5276
697.2565
691.0956
695.7076
726.2107
734.6302
668.8171
709.8705
665.9411
694.1642
676.1025
661.6672
835.7083
680.5404
670.2632
670.2632
683.5276
691.0956
700.3732
679.0557
671.7150
676.1025
682.0310
685.0294
674.6344
677.5764
686.5372
674.6346
660.2533
674.6344
647.7590
677.5764
679.0557
683.5273
670.2634
680.5404
679.0557
664.5111
698.8117
660.2531
671.7148
676.1027
661.6674
689.5705
677.5762
683.5276
665.9413
671.7150
673.1718
680.5406
665.9411
688.0508
668.8173
679.0555
686.5374
673.1718
645.0381
688.0510
685.0296
691.0958
692.6268
673.1721
695.7074
676.1027
683.5276
660.2533
660.2531
667.3764
680.5406
676.1027
661.6672
667.3764
653.2611
683.5276
676.1027
639.6551
660.2533
676.1027
667.3766
691.0958
663.0865
697.2568
667.3766
719.5963
658.8443
664.5114
668.8171
660.2533
677.5762
653.2611
673.1721
634.3495
677.5764
671.7150
674.6346
671.7150
658.8445
634.3497
664.5111
657.4407
646.3961
660.2531
660.2533
673.1721
661.6674
674.6346
657.4409
665.9411
651.8781
664.5111
638.3215
673.1721
645.0381
645.0381
670.2634
629.1193
660.2531
646.3961
651.8781
643.6851
642.3369
661.6674
640.9937
645.0383
629.1193
627.8235
645.0383
658.8445
670.2634
649.1270
656.0423
660.2533
664.5114
638.3217
629.1193
654.6492
639.6553
651.8781
636.9929
650.4999
674.6346
636.9926
615.1134
650.4999
616.3644
642.3372
617.6198
634.3495
639.6551
650.5001
629.1193
580.6437
642.3369
627.8234
639.6551
639.6551
657.4409
634.3495
651.8781
634.3493
663.0867
645.0383
626.5323
647.7590
621.4126
625.2454
625.2455
621.4124
629.1194
618.8797
638.3217
640.9935
617.6198
661.6672
620.1437
601.6355
613.8670
626.5320
634.3495
604.0483
634.3495
618.8797
631.7251
621.4126
623.9632
618.8795
610.1529
611.3867
604.0482
616.3646
616.3646
615.1136
598.0476
604.0482
592.1484
631.7251
582.9137
596.8597
587.4999
598.0474
584.0544
588.6562
590.9801
639.6551
611.3865
610.1531
592.1482
599.2396
602.8399
620.1439
580.6435
581.7769
593.3199
606.4775
579.5141
541.2100
582.9137
572.8156
606.4775
599.2396
600.4354
568.4225
593.3203
576.1483
588.6559
586.3475
577.2666
585.1990
589.8162
573.9229
571.7118
587.4999
582.9139
571.7118
566.2476
566.2476
592.1484
565.1655
565.1653
543.2241
558.7454
573.9229
543.2241
550.3754
569.5155
572.8156
558.7454
569.5155
553.4893
544.2362
553.4893
549.3443
555.5816
553.4891
553.4891
534.2578
546.2697
542.2154
547.2914
543.2243
546.2698
538.2120
546.2697
528.4180
530.3527
549.3442
524.5841
524.5841
514.2781
543.2243
541.2100
530.3525
572.8154
530.3527
513.3579
525.5382
523.6329
520.7966
524.5840
519.8569
499.0025
465.8918
523.6328
528.4180
506.9936
521.7393
500.7601
521.7391
517.0549
506.0951
520.7967
499.8802
497.2554
518.9202
517.0548
524.5841
507.8948
493.7911
492.0741
492.9313
495.5182
494.6534
492.0742
488.6696
494.6535
492.0742
490.3670
486.1419
474.6269
411.4680
482.8050
490.3669
476.2441
485.3042
475.4345
480.3274
479.5061
483.6358
480.3274
465.1111
472.2178
477.8705
461.2384
480.3274
403.2961
474.6269
469.0373
465.8918
457.4186
468.2477
477.0562
462.7811
470.6232
460.4704
449.9330
452.1575
444.8113
442.6453
459.7043
437.6581
434.8491
442.6453
449.1954
439.0736
430.6903
459.7043
445.5372
441.9273
455.9053
434.8492
444.8113
423.2316
434.1516
430.6903
434.8492
431.3791
424.5721
423.9010
424.5720
419.9100
434.1515
412.7489
425.2450
432.7616
419.2509
422.5638
432.7617
417.9373
412.7490
399.6118
399.6118
407.6636
402.6783
405.1586
409.5587
400.2221
410.1936
398.3957
402.0620
392.9955
403.2961
401.4472
395.9811
395.3812
393.5898
381.9709
387.7111
377.4751
388.8755
389.4599
386.5521
378.5911
383.1081
386.5522
366.0630
383.6787
376.3642
396.5826
377.4752
373.6095
368.7305
365.0046
371.4286
366.5941
366.0630
372.5166
362.9020
367.1264
359.2680
395.9811
357.7279
352.6681
365.0046
362.3794
360.3005
342.3984
362.3793
349.1922
352.1683
353.1690
345.2847
351.6696
348.2089
339.5492
340.9691
343.3563
338.6076
340.9692
340.4948
343.8369
339.5492
335.3436
324.9528
332.5843
329.8598
332.1278
326.2799
331.2177
327.6153
328.5103
325.8366
325.3943
320.1567
320.5883
322.3233
318.4395
318.4394
311.2947
310.0591
311.7083
310.8820
306.8003
312.9538
312.1226
307.2049
304.3900
302.4031
300.8276
302.0081
303.9911
299.6541
304.3900
298.0999
298.0998
287.5505
289.7638
292.7544
289.3932
294.2670
285.7253
286.4534
289.0233
282.4828
288.2855
286.4534
284.6384
278.5930
279.9983
277.1982
278.9434
276.1586
276.5045
270.0402
275.4688
273.7554
270.7103
278.2433
270.7102
270.3750
270.3750
269.3727
266.3983
264.4417
263.7942
265.4174
263.1490
262.8272
261.5459
255.8900
258.3818
260.2735
258.0683
254.3502
252.5200
250.4084
251.6119
251.9141
251.3103
248.6185
251.0091
244.2229
241.6382
246.2603
245.6758
242.2092
240.5019
239.3732
242.7821
240.7853
241.0691
236.5837
243.3569
236.0314
233.2964
233.8398
227.1717
232.4845
232.7547
228.4839
229.5413
227.1717
217.5314
226.3894
222.2795
221.5203
222.0260
219.7629
221.7729
220.0128
219.2643
214.1213
215.5738
217.7778
215.3308
214.1214
