122.5983
123.0834
129.7160
127.7991
134.3165
134.3165
136.4815
138.2703
141.7874
139.8052
142.2165
143.8027
144.0934
145.5571
150.0555
147.1876
151.4373
153.6175
154.4053
156.1558
156.1558
160.2253
160.8884
164.2555
165.9719
166.6647
166.6647
168.9414
171.2574
171.2573
171.4371
172.1588
171.9780
172.1588
178.4509
171.9780
180.3573
181.5137
179.0201
182.4846
186.0363
182.2899
186.2363
184.6445
187.4418
187.4418
190.2945
188.8611
191.7422
190.5005
190.5005
193.8356
191.3271
194.6814
193.2044
196.3877
196.3877
204.3170
198.7664
198.5485
197.4642
199.8602
198.3310
199.2029
200.3000
201.1835
201.4052
200.9621
200.3000
201.1834
204.3170
202.7421
206.3660
203.4150
206.5955
207.2856
204.9970
203.6400
208.6754
205.2243
205.2243
206.8251
208.2108
206.1370
207.5164
208.4429
210.3128
208.2108
208.2108
208.4429
207.0552
210.0778
207.9789
208.9082
209.3750
216.0609
208.6754
214.8459
211.7301
209.3750
213.1604
212.6822
213.6401
204.5433
213.4002
212.6822
211.2562
216.7945
215.0882
216.3051
214.1214
210.7837
216.3051
215.5738
212.4436
214.1214
215.5738
221.2681
214.6040
214.8459
213.4001
216.5496
214.6040
218.5193
212.2054
215.0881
213.4001
216.5496
212.9212
211.9675
216.0609
216.0609
218.5193
214.3625
215.5738
215.8172
218.7672
215.5738
218.2718
213.4001
214.8459
216.0609
215.3308
214.6040
214.3625
218.0246
216.5495
218.5193
215.5738
214.1214
216.5496
216.5495
216.7944
215.5738
215.8172
216.0609
215.5738
218.5193
218.7673
218.7673
216.5496
219.2643
218.5193
218.2717
216.5496
215.3308
214.6040
217.7778
217.2854
218.0246
214.6040
216.0609
212.9212
214.6040
218.5193
219.0156
213.8806
216.7945
217.0397
221.0162
216.5495
219.0155
217.0397
216.3050
220.7648
221.5203
214.8459
215.3308
215.5738
216.5496
218.2718
216.0609
218.5193
222.0260
212.6822
216.3051
217.5314
218.5193
213.6402
215.8172
215.8172
215.5738
221.7730
215.8172
215.8172
218.5193
217.7778
215.8172
219.5134
217.7778
220.0128
221.0163
219.0156
219.0156
220.5137
216.5495
218.5193
220.0128
216.5495
217.2853
220.7648
217.5314
218.2718
220.5137
218.0246
218.2718
218.5193
216.3051
217.0397
211.9675
219.7629
221.2681
218.7672
219.2643
216.5495
216.5495
223.0421
220.0128
215.3308
218.5193
218.5193
219.7629
214.8459
219.2643
216.5495
219.2643
220.0128
218.5193
219.2643
218.5193
216.5495
216.0609
218.7672
217.7778
220.0128
224.0648
216.7944
218.7672
221.0163
215.3308
218.0246
220.5137
221.2681
220.2631
222.7875
221.7729
222.7875
216.5495
221.0163
220.7648
216.7945
221.2681
217.2854
220.0128
222.0260
220.2631
219.5134
223.8085
216.0609
220.5137
220.5137
217.0397
218.5193
217.5314
220.7648
219.2643
217.2853
218.2718
217.7778
218.7672
217.7778
220.0128
220.2630
221.5203
221.0163
220.5137
224.3215
221.0162
219.2643
219.2643
220.7648
222.2795
223.2972
220.7648
221.7730
219.7629
218.5193
216.7944
223.0421
218.0246
220.2630
222.0260
219.0155
223.0421
218.2718
220.0128
222.2794
222.5333
222.0260
223.0421
219.7629
223.8085
220.0128
221.2681
224.0647
216.7944
217.2854
223.5527
218.5193
222.7875
219.7629
218.0246
218.2717
219.2643
223.0421
219.0155
223.5527
219.5134
225.3521
220.7648
219.7629
224.5785
216.5495
219.5134
221.0162
221.2681
220.2631
225.3522
219.5134
220.7648
218.7672
217.5314
221.2681
218.7672
220.5137
223.8085
223.0421
220.2630
219.2643
223.0421
221.2681
219.2643
223.2973
230.0725
218.0246
223.5527
223.2973
220.5137
221.7730
219.0155
218.7672
224.3215
221.7730
220.2631
220.2631
223.2972
222.5333
219.5134
223.2973
222.0260
218.5193
222.7876
219.5134
221.0163
223.0421
213.8806
220.2630
218.0246
220.7648
223.2973
219.5134
220.0128
219.0155
220.0128
219.2643
220.2630
221.0162
218.0246
222.0260
222.0260
215.5738
220.0128
222.0260
217.7778
221.5203
223.2972
222.7876
221.7729
223.0422
220.5137
222.7875
218.7672
224.5785
217.0397
217.7778
220.5137
220.7648
220.2630
218.7673
219.7629
226.3894
224.0648
222.0260
221.0163
224.0648
227.1717
220.2631
222.7875
223.2972
223.0422
221.7730
223.0422
224.5785
222.7875
222.5333
224.3214
222.0260
223.0422
221.0163
223.0422
224.0648
223.0421
226.1295
224.3215
224.0648
223.8085
223.8085
224.5785
220.5137
223.5526
221.2681
222.0260
223.8085
223.0422
221.7729
222.7875
223.0422
222.5333
227.6954
222.7875
224.3215
228.2207
223.8085
224.0648
220.2630
224.8360
220.7648
221.7730
223.5527
221.7730
223.8085
224.0648
223.8085
223.8085
223.5527
226.9105
223.2973
225.3522
224.0648
224.5785
222.2795
224.3214
224.3214
224.0648
224.5785
222.2794
223.0422
224.0648
223.8085
223.0422
224.5785
223.2972
224.3214
225.3521
223.8085
225.6108
226.9105
218.2717
224.3214
222.0260
226.1295
223.2972
220.7648
226.6497
224.5785
224.3215
225.0938
225.3522
227.9578
226.6498
223.2972
225.0939
224.3214
221.0163
221.2681
222.5333
223.2973
225.6108
227.1717
225.3521
222.7875
224.5785
223.0422
226.1295
225.6108
224.5785
225.0938
224.8360
231.4082
221.0162
221.7730
215.8172
226.6497
226.9105
224.3214
226.1295
224.8360
222.7876
228.2206
223.8085
226.3894
225.6108
224.8360
224.8360
226.6498
223.2972
224.5785
224.5785
222.7875
228.7477
223.8085
227.1717
227.9578
224.5785
225.3522
223.2972
226.1295
226.6498
228.4839
227.9578
225.8699
225.6109
224.5785
223.2972
223.8085
224.5785
223.2972
227.9578
223.8085
225.0938
228.4839
226.6498
225.6109
226.1295
224.3214
225.0939
226.1295
226.3894
225.0938
226.3894
223.8085
224.5785
227.6954
227.6954
225.6108
227.9578
225.3521
224.0648
227.4333
226.6498
226.9105
227.9578
224.3214
226.3894
226.3894
228.2207
223.2972
226.9105
227.6954
227.4333
227.4333
228.7476
226.6497
225.6109
225.8699
226.6497
225.6109
227.1717
225.3521
218.5193
227.4333
227.9578
229.0118
227.6954
227.6954
231.4082
230.8726
225.6108
228.4839
224.0648
228.7477
225.6109
226.6497
229.2763
226.3894
228.7477
225.8699
230.3388
226.6497
228.2206
226.6497
226.3894
223.8085
225.8699
226.6498
226.9105
221.7730
227.6954
226.3894
227.1717
226.1295
230.0726
229.0118
227.6954
227.6954
226.3894
227.1717
225.8699
227.4333
224.0648
228.4839
231.4081
224.0648
227.1717
227.6954
227.6954
227.4333
227.1717
225.8700
226.3894
226.9105
225.8700
224.8360
228.4839
225.8699
223.0422
227.4333
225.3521
228.7477
226.1295
227.9578
224.3215
231.6766
225.0938
227.1717
224.8360
226.6497
225.8699
225.6108
225.3521
226.6498
226.6498
230.3388
224.0648
228.2206
223.5527
228.2206
228.7476
226.6497
225.0939
227.6954
224.5785
227.9578
224.5785
225.6109
226.9105
225.8699
226.3894
228.2206
226.9105
226.3894
225.6108
223.2972
225.0938
225.3522
222.2795
225.6109
224.5785
228.4839
227.1717
223.2972
227.9578
227.6954
226.1295
224.5785
225.6108
225.6109
226.1295
229.5413
224.5785
226.6497
224.3215
225.6108
225.8699
229.0118
224.8360
221.7730
230.6055
228.2207
226.9105
227.4333
224.0648
226.6498
224.5785
222.5333
228.4839
226.6497
229.0118
229.8067
227.1717
230.0726
230.6055
224.8360
225.8700
225.6109
229.8067
226.9105
224.3214
229.0118
223.0422
223.5527
225.6108
229.0117
226.6497
225.6109
226.3894
224.3214
226.6498
228.2207
227.6953
224.3215
227.6954
223.5527
227.6953
228.7477
227.1717
226.3894
226.3894
227.4333
223.0422
222.5333
225.6108
226.6497
227.6953
225.6109
225.6108
222.2794
226.3894
225.3521
222.0260
225.3522
224.3215
226.1295
221.5203
224.8360
224.0648
223.5527
225.0939
224.8360
225.6109
226.6498
226.3894
229.2763
229.2763
228.2207
227.1717
226.9105
227.4333
227.4333
226.9105
226.9105
225.3521
226.6498
227.4333
226.9105
227.4333
226.6498
227.6954
226.6497
229.5413
225.3522
223.8085
224.3214
226.1295
226.1295
227.6954
226.9105
224.3215
227.9578
225.6109
225.3522
221.5203
227.9578
224.0648
226.3894
227.1717
224.8360
226.3894
223.5527
224.3214
221.7730
225.0938
227.1717
225.0939
223.5527
226.6498
226.6498
227.4333
227.9578
228.2207
229.2763
227.6954
227.9578
224.8360
226.3894
227.9578
225.3522
225.6109
225.0939
224.5785
225.0938
225.8700
224.0648
223.2972
215.8172
225.3521
225.3522
227.6954
217.7778
224.8360
228.2207
227.9578
226.1295
227.9578
225.8699
224.0648
224.3215
225.0939
226.3894
224.5785
223.5527
226.3894
224.3214
224.0648
226.6497
228.4839
227.9578
223.8085
225.0938
223.2972
223.2972
222.7876
225.0939
227.9578
226.9105
223.5527
224.0648
227.4333
224.5785
226.3894
223.2972
227.4333
222.0260
227.9577
228.2207
225.0938
227.6953
226.6498
227.1717
229.2763
225.0938
223.8085
224.0647
229.8067
223.2972
224.8360
223.5527
225.8699
226.1295
226.6497
223.2972
222.5333
225.0939
225.6109
225.0939
226.9105
225.0938
227.9578
224.5785
227.1717
223.8085
224.8360
227.4333
226.9105
225.3522
224.5785
223.8085
225.8699
224.5785
225.3522
226.9105
224.3214
223.8085
223.8085
223.5527
222.2795
222.0260
223.2972
226.9105
226.6498
224.3215
224.0648
226.1295
224.8360
225.0938
220.5137
226.3894
221.2681
222.7875
227.4333
223.0421
225.6108
221.2681
224.3215
224.0648
226.3894
222.2794
223.0421
222.5333
224.3215
223.8085
223.2972
224.8360
226.6498
221.0163
223.8085
223.8085
223.5527
224.0648
229.8067
224.0648
224.0648
228.2207
224.3215
223.5527
226.3894
222.5333
224.3214
222.2794
222.5333
220.2630
224.0648
217.2854
221.2681
226.3894
224.0648
224.3215
221.0162
226.1295
223.8085
221.0163
222.5333
223.8085
222.7876
230.6055
225.6109
223.8085
221.5203
224.8360
219.7629
223.5527
223.0421
222.2794
223.8085
223.2972
221.0162
223.2972
222.0260
222.7875
220.2630
223.0421
223.8085
220.7648
224.5785
220.2630
219.0155
219.2643
223.5527
220.7648
224.3215
222.5333
220.0128
218.0246
218.2717
218.7672
219.0155
219.2643
220.5137
223.5527
218.7672
219.2643
218.7672
216.7944
217.5314
221.0163
220.0128
221.7729
219.5134
222.5333
219.5134
220.2630
219.7629
221.0163
217.7778
217.2854
221.0163
218.2717
215.8172
219.2643
216.5495
219.0156
220.0128
218.0246
219.0156
220.0128
220.7648
217.0397
220.2630
220.2631
216.7944
217.2853
217.0397
218.0246
217.5314
217.5314
216.5496
216.5496
218.5193
212.2054
216.7945
216.0609
212.4436
213.4001
219.5134
215.0882
214.6040
215.8172
215.3308
217.0397
215.3308
214.8459
213.1604
217.5314
212.6822
214.3625
215.0882
214.3625
211.9675
211.7301
215.3308
211.7301
209.8431
207.5164
211.0198
213.6401
210.3128
212.2054
210.5481
211.4930
212.2054
212.6822
207.7475
212.4436
208.4429
204.3170
209.3750
208.9083
209.8431
207.2856
207.5164
206.3661
204.7700
204.5434
204.7700
220.0128
200.3000
196.6024
202.9661
202.0722
201.6272
203.4150
200.7411
200.5204
200.9621
201.1835
197.0326
197.8970
195.3190
197.0327
197.6805
197.2483
196.8174
198.1138
194.2579
193.8356
193.8356
194.6814
194.8936
194.2579
190.5005
193.4145
190.2945
190.5005
189.0650
189.6785
188.0484
187.4418
186.6370
186.4365
190.0889
187.2401
184.4468
180.5493
181.1272
184.4468
181.1272
180.7417
181.5137
171.4371
177.1318
177.8840
176.7572
171.9780
176.1972
171.2573
171.6172
171.9780
170.3619
170.7194
168.7649
168.4126
168.7649
165.1109
165.7993
164.0851
164.7681
162.2249
161.7221
159.7301
161.3880
161.5550
160.2253
160.3908
160.8884
158.5821
158.2560
155.5165
155.0391
155.8358
154.0896
152.9907
151.9014
152.8345
148.3871
150.0555
148.3871
149.7505
148.5379
144.0934
145.1162
144.0934
143.3681
140.0863
139.3846
139.3846
137.3038
137.1663
138.4090
135.3940
132.4543
133.1160
132.4543
133.1160
130.8816
128.9454
130.4917
129.2017
128.1799
126.0387
125.0450
123.9374
121.2752
123.9374
121.8747
120.5601
118.7925
118.6757
118.2096
115.3409
114.2144
114.5511
115.1146
112.2161
110.7960
111.1220
109.8239
108.0120
109.5019
107.4850
105.4036
106.5432
104.8897
104.8897
103.6669
102.7593
101.1656
101.1656
101.6609
102.5587
100.8696
104.6849
108.6479
108.1177
109.2877
111.3400
112.1062
116.3649
116.0224
117.7455
119.0265
122.4774
122.9619
123.5706
125.0450
127.5460
131.9277
132.3225
132.4543
133.3817
135.2588
138.2703
140.6507
142.3599
142.5034
143.2235
144.0934
148.5379
150.2083
148.5379
150.6678
154.2473
153.3037
152.6785
156.7984
159.0729
159.7302
160.2253
161.8895
162.5612
165.4547
167.0125
168.4126
168.5886
171.0778
168.9414
172.1588
170.3619
171.0778
171.2573
176.0110
178.6404
181.1272
178.4509
181.7073
180.9343
183.4624
185.0408
184.4468
185.8367
186.8377
186.8378
188.0484
188.2511
193.2044
189.2692
195.1061
191.5345
193.2045
194.0466
193.4145
194.4695
195.5321
200.0800
197.6805
198.9845
198.1139
204.0910
199.4217
202.2952
202.9661
203.1904
200.9621
204.9970
203.8653
206.8252
204.0910
204.5433
210.0778
203.8653
206.5955
207.0552
207.0552
208.6754
204.5433
208.6754
207.5164
204.9970
208.6754
210.0778
209.8431
208.6754
207.2856
208.9083
210.0778
212.2054
210.7838
210.0778
213.1604
212.9211
211.0198
211.0198
211.4929
214.8459
213.8806
213.1605
215.0882
211.9675
216.0609
213.6402
211.0198
214.1214
215.3308
215.8172
214.3625
214.1214
216.3051
216.5496
215.8172
216.3051
212.2054
218.2718
211.9676
215.0881
216.0609
216.3050
217.0397
218.0246
216.7945
220.2631
218.5193
218.7673
220.0128
215.0882
217.2853
215.8172
218.2718
221.0162
219.2643
217.5314
218.7672
219.5134
215.8172
216.5495
221.0162
218.7672
221.0163
216.5495
224.8360
217.5314
220.5137
219.5134
217.2854
224.0647
219.0155
225.3522
220.2631
223.5527
217.5314
219.7629
221.0163
216.7944
219.0156
221.5203
219.2643
218.5193
220.0128
218.5193
217.5314
220.0128
219.5134
220.0128
218.7672
222.0260
217.2853
219.5134
222.5333
223.0422
219.5134
219.0155
220.5137
220.7648
221.2681
220.2631
221.0163
219.7629
222.5333
221.2681
221.5203
223.8085
223.5527
221.2681
224.3215
219.5134
222.0260
221.0162
223.0422
222.0260
221.2681
222.5332
222.5332
217.7778
220.7648
224.0648
223.2972
216.0609
223.5527
224.0648
222.7875
220.2631
221.2681
220.7648
222.0260
222.5333
221.7730
222.2794
220.5137
220.0128
218.0246
221.5203
220.0128
221.2681
221.7729
221.5203
220.2630
224.0647
221.7730
220.0128
223.0421
223.0422
219.7629
221.0163
222.0260
222.0260
220.7648
223.0421
220.0128
219.2643
221.7729
223.5527
225.6109
222.2794
225.0939
222.7875
223.0422
226.3894
220.5137
221.7730
219.7629
221.0163
221.2681
225.8699
220.5137
223.0421
229.5413
221.0163
220.7648
224.0648
225.0938
222.0260
218.7672
224.8360
219.0155
222.5333
223.2972
220.7648
223.2973
221.5203
221.2681
224.3214
226.6498
223.0421
221.5203
222.7876
222.7875
218.2717
222.5333
221.2681
221.2681
221.2681
222.0260
225.3522
222.0260
221.0162
220.2631
223.2972
223.5527
222.2794
220.5137
223.0422
222.5332
220.5137
221.7730
223.0422
219.2643
222.7875
221.0163
223.5527
223.0422
224.5785
223.5527
219.0155
220.2631
222.0260
223.5527
223.5527
220.0128
224.0648
221.7730
221.0162
225.0939
220.2630
220.5137
222.0260
223.2972
224.5785
225.8700
224.0648
224.0648
222.2794
225.3522
220.7648
223.8085
224.0648
221.5203
221.0163
224.0647
226.3894
224.0647
223.2972
221.5203
222.7876
224.8360
223.5527
223.5527
222.0260
225.3522
224.0648
221.5203
221.7729
223.0421
224.3215
226.1295
222.7876
221.0162
222.7876
223.8085
224.5785
226.6498
224.8360
222.7876
224.8360
224.0648
224.8360
227.1717
223.2972
226.9105
227.4333
223.0421
222.5333
225.0938
224.0648
225.3522
225.8700
227.9578
223.0421
224.5785
225.0939
225.0939
225.6109
224.3214
222.2795
223.5527
223.8085
222.5333
222.5333
223.5527
225.6109
222.0260
223.0421
225.3522
225.8700
224.0648
225.3522
223.5527
224.0648
227.9577
227.6954
223.2972
224.5785
226.6498
223.5526
222.2794
222.5332
225.0939
224.5785
223.5527
224.0648
221.0162
227.9578
224.0648
226.6498
222.5332
223.2972
224.3215
225.3522
226.3894
223.2972
224.3215
223.2972
224.5785
224.0648
227.1717
225.0939
225.8699
222.5332
223.2972
222.5333
225.6109
225.0939
223.0422
223.8085
224.0648
227.4333
221.2681
224.0648
223.5527
224.5785
226.1295
225.0938
222.7876
222.7876
225.6109
226.1295
223.5527
232.4845
222.7876
224.0648
223.8085
223.2973
225.8699
222.5333
223.5527
222.0260
225.6108
226.6498
226.3894
227.1717
226.3894
224.0648
224.5785
225.6108
222.5332
224.3215
223.0422
227.4333
226.1295
223.2972
227.1717
226.3894
225.6109
225.0939
226.3894
224.5785
223.0421
225.6109
219.2643
225.3522
226.3894
227.1717
226.3894
223.5527
224.5785
225.8699
224.0648
225.8700
225.6109
226.1295
227.9578
224.3215
224.3214
223.2973
225.0938
224.8360
209.8431
225.3521
223.2972
225.3522
223.5527
220.0128
226.6498
227.1717
227.6954
223.8085
223.0422
224.8360
225.6109
225.3522
224.5785
211.0198
223.0421
226.9105
223.0422
226.1295
222.7876
225.6108
225.8699
224.0648
220.2630
229.0118
224.8360
224.8360
223.8085
224.3215
225.6109
224.3214
223.0422
227.6954
224.0648
229.0117
226.9105
224.3215
225.3522
226.3894
227.9578
224.5785
225.6109
227.6954
221.2681
226.1295
229.5413
223.5527
225.8700
227.9577
229.8067
231.4082
227.1717
227.6954
226.6498
228.4839
228.4839
225.6108
226.1295
226.6497
231.6766
226.3894
224.3214
224.8360
229.2763
228.2206
226.3894
223.0421
227.6954
228.2207
230.0726
225.0939
226.6498
227.6954
227.9578
226.6497
227.1717
225.8699
226.6497
227.9578
224.0648
229.0117
221.5203
228.7477
230.3388
228.2207
226.3894
224.3214
225.8700
227.1717
224.8360
225.6109
224.3214
227.4333
227.6954
225.8699
225.8699
227.9578
226.6497
229.2763
229.2763
226.3894
223.0421
228.7477
226.6498
227.9578
227.9577
222.2795
226.6497
228.4839
230.3388
228.2207
226.1295
223.0421
227.1717
227.9577
227.6953
233.5678
226.9105
227.4333
225.3522
227.6954
224.0648
226.6497
227.1717
229.0117
225.6109
225.0938
225.8700
226.9105
226.3894
226.1295
225.3521
227.1717
225.0939
227.4333
226.3894
226.9105
222.0260
224.5785
224.8360
230.8726
225.3522
228.2207
226.1295
226.3894
228.4839
229.2763
233.2963
227.4333
228.7477
225.8699
226.6498
227.4333
229.8067
229.2763
226.3894
226.9105
226.6498
228.4839
231.1402
226.9105
230.8726
226.1295
224.8360
227.4333
224.5785
224.0648
228.7476
224.5785
224.8360
223.5527
228.2207
228.7477
226.6497
227.6954
228.7477
226.1295
229.2763
225.8700
225.6108
229.5413
227.6954
229.2763
226.9105
224.3215
228.2207
229.5413
226.1295
230.0725
227.1717
226.6498
224.0648
224.8360
224.8360
225.8700
224.8360
227.4333
226.3894
230.8726
226.1295
228.4839
226.9105
227.4333
227.1717
228.4839
226.1295
227.4333
223.5527
227.9578
227.1717
230.6055
218.2718
228.7477
224.8360
222.7875
222.5333
226.6497
227.1717
227.4333
227.4333
224.3215
228.7477
227.1717
228.4839
225.8700
228.4839
226.6497
227.6954
225.6109
227.9578
226.9105
228.2206
228.4839
225.8699
225.8700
231.1402
227.1717
227.9578
228.4839
230.3388
227.1717
227.4333
227.6954
226.9105
227.9578
221.7729
224.8360
226.6498
225.0939
228.4839
227.1717
227.1717
223.2972
230.6055
230.6055
230.3388
229.2763
228.4839
225.6109
226.9105
227.6954
226.6498
228.2207
229.5413
225.6109
224.0648
230.0726
227.1717
226.9105
224.3215
225.0939
227.1717
226.6498
226.6498
225.8700
226.9105
226.1295
227.9578
226.1295
224.0648
225.3522
224.3215
223.2972
223.8085
227.4333
224.8360
226.3894
229.2763
223.0421
227.1717
226.9105
223.2972
226.1295
222.2795
226.3894
227.1717
225.3522
224.5785
223.5527
227.4333
225.6109
225.8700
227.4333
227.6953
226.6498
227.1717
227.6954
225.8700
222.7876
228.2206
228.4839
228.4839
224.8360
228.2207
224.3215
226.9105
219.5134
226.9105
223.5527
229.2763
224.3215
227.9578
227.9578
225.0939
223.0422
225.3522
225.8699
227.6954
224.3214
230.0726
226.6498
224.8360
226.3894
223.2972
227.1717
222.7876
225.6109
228.4839
227.6954
225.0938
223.0422
227.9578
226.1295
228.2207
222.2794
226.1295
225.0939
222.7876
223.2972
223.2972
225.6109
227.9578
224.8360
224.3214
225.6109
223.8085
223.8085
223.2972
227.4333
229.0118
225.3522
228.2207
226.3894
222.7876
235.7558
224.8360
224.5785
225.3521
225.0939
225.6109
224.8360
225.0939
221.2681
223.8085
222.7875
226.6498
225.0939
224.3215
224.8360
225.0939
225.0939
223.8085
225.6109
224.8360
226.9105
227.9577
223.0422
223.8085
226.1295
224.0648
226.9105
223.8085
231.4082
224.0648
222.2794
221.7729
225.6109
224.5785
222.7876
224.3215
227.1717
224.0648
224.5785
228.4839
227.6953
226.6497
226.9105
225.6109
225.3522
229.0118
224.0648
227.1717
224.5785
225.8700
223.8085
221.0163
226.6497
224.8360
227.1717
223.0422
227.6954
226.6498
224.3215
227.4333
221.5204
224.5785
224.3215
225.6108
227.4333
226.6498
226.6498
225.3521
224.0648
222.0260
226.9105
224.0648
225.3522
223.8085
227.4333
226.9105
229.2763
224.3215
224.8360
225.3522
224.5785
222.2794
223.5527
224.0648
241.6382
225.3522
222.7876
225.0939
224.3215
225.8700
213.6402
224.3214
223.0422
220.2631
223.2972
223.0421
227.9578
218.2717
232.2148
222.5332
224.5785
224.0648
226.9105
224.0648
224.3215
224.5785
225.6109
225.3522
224.5785
226.1295
223.8085
223.8085
226.3894
223.8085
219.5134
224.5785
221.7730
225.6108
221.5203
224.0648
221.0162
222.5332
223.5526
224.5785
223.2972
224.0648
220.2630
222.0260
224.8360
224.5785
225.0939
222.0260
224.5785
224.0648
222.5333
222.0260
224.8360
222.5332
224.8360
223.5527
224.3215
221.5203
219.7629
223.5527
225.3522
220.5137
220.2630
223.8085
221.7730
222.2794
222.2794
222.7876
214.3625
220.2631
222.5333
219.7629
218.5193
220.0128
222.7876
223.5526
222.2794
227.9578
221.2681
218.0246
221.7730
219.5134
218.7672
222.7875
221.0163
222.5333
222.7876
221.7729
215.3308
221.0163
219.0155
222.5333
222.2794
221.7729
222.7875
220.2630
221.2681
216.5495
219.0156
222.7875
216.0609
222.5332
216.5496
224.0648
220.7648
218.2718
219.0156
218.7672
216.0609
217.7778
216.7944
218.5193
218.2718
217.7778
219.5134
219.7629
217.0397
220.0128
218.5193
214.8459
215.8172
217.0397
218.5193
215.0881
219.0155
216.7945
216.0609
212.9212
220.5137
217.5314
218.2717
217.5314
212.9212
214.8459
213.1605
212.6822
217.0397
214.8459
214.8459
218.7673
215.3308
214.8459
211.9676
207.7475
213.1604
213.6402
217.0397
211.4929
211.2562
211.0198
214.1214
211.7301
215.5738
207.7475
210.0778
208.6754
207.7475
208.2108
206.8252
208.6754
208.2108
206.5955
211.2562
202.7421
207.2857
208.2108
208.4429
204.3170
202.9661
202.9661
202.7421
201.8495
206.1371
204.7700
202.9661
203.6400
200.5204
202.7421
197.8970
199.2029
199.4217
198.1138
196.1733
195.3190
196.1734
193.2045
194.8936
196.6024
194.0466
195.5321
193.6249
194.0466
192.1585
196.8174
191.7422
188.0484
191.7422
202.5185
186.4364
190.9132
188.4542
185.6373
185.6373
184.6445
187.8459
184.2494
186.6370
184.0522
184.8425
182.8749
181.3203
182.6797
179.2103
179.4008
179.9739
176.0110
179.2103
171.6172
179.7826
179.5916
171.9780
171.9780
172.3398
171.9780
171.6172
169.1181
169.1182
169.2952
169.4724
164.2556
167.0125
167.7107
165.2827
163.2363
164.5970
161.5550
160.3908
161.5550
157.9306
158.7455
155.9957
156.3161
155.5165
153.4605
153.6175
151.7465
150.9751
150.6678
150.6678
148.8399
147.9359
149.5983
149.1427
146.5922
147.4864
143.3681
144.3848
143.9480
140.6507
141.3599
140.9339
139.9457
139.1050
137.0291
137.1663
135.8007
134.3165
134.5849
131.6653
133.6480
130.1032
130.4917
130.8816
126.9155
127.5460
126.0387
126.4137
125.7895
123.3267
123.0834
121.0364
115.5676
118.5590
118.3259
117.7455
119.4962
117.0529
115.7948
113.2106
113.5441
113.6556
111.5583
109.9315
108.7543
110.5792
107.8009
107.1701
106.3350
104.4805
104.8897
104.0729
101.7603
101.4625
101.3634
100.1822
102.5587
104.5826
104.6849
108.5417
108.4355
111.0132
112.5466
113.5441
115.5676
120.3228
118.6757
121.6345
121.5146
123.9374
126.2886
126.6643
130.2326
129.2016
130.4917
133.3817
134.9888
134.8540
136.8919
138.9655
139.3846
143.5128
144.2390
145.4100
147.6361
148.0861
149.2944
150.8213
151.5918
153.7747
152.6785
152.9907
157.6061
153.6175
160.8885
167.1867
162.8983
163.0672
166.6647
164.9394
166.6647
170.7194
171.7975
171.6172
171.2573
173.4308
171.9780
172.1588
178.0727
178.0727
179.4008
180.7417
180.9343
181.5137
182.6796
186.0363
185.8367
187.6437
187.6437
187.4418
189.2692
189.0650
190.2945
192.9947
192.5760
194.4695
193.6249
191.1200
193.4145
197.8970
195.1061
198.5485
199.6408
199.8602
198.1139
200.5204
206.8252
199.2029
202.2951
203.8653
207.0552
204.9970
205.4520
204.0910
203.8654
205.6800
206.5955
208.4429
206.1370
205.9084
218.5193
209.6089
210.3128
204.5433
207.7475
209.3750
207.7475
206.3660
211.0198
209.3750
207.2856
211.4930
213.6402
215.8172
207.5164
211.9676
214.8459
209.8432
212.6822
215.0881
214.6040
216.0609
213.1604
215.5738
213.1604
211.0198
216.7945
215.8172
216.0609
214.6040
218.0246
214.6040
211.7301
217.7778
216.3051
216.3051
216.5496
216.3051
216.5496
218.0246
215.5738
216.0609
217.0397
219.2643
215.3308
219.0156
213.6402
218.5193
218.0246
218.7673
221.7730
219.0156
217.7778
215.8172
218.5193
219.7629
216.3051
218.0246
218.0246
220.2630
216.0609
220.5137
219.0156
220.7648
216.0609
221.5203
220.5137
220.2631
219.2643
222.5333
220.0128
221.5203
221.0163
218.0246
220.7648
218.7672
218.0246
221.2681
219.2643
216.3051
218.0246
221.0163
222.5333
220.5137
220.5137
218.0246
219.7629
220.5137
222.2794
220.5137
218.2718
224.0647
218.7673
219.0155
223.0422
232.4845
220.7648
221.0163
222.5332
221.7729
220.2631
223.0421
221.5203
219.0155
221.7730
219.5134
220.2630
220.5137
223.0422
221.0163
220.5137
219.7629
220.2630
223.0422
219.2643
224.3215
221.2681
220.5137
220.0128
220.0128
222.7875
223.0422
219.0155
220.0128
222.2794
219.0156
221.5203
219.2643
221.2681
222.7876
224.0648
226.3894
226.3894
222.7876
221.5203
219.7629
220.0128
223.0422
223.5527
223.0421
220.5137
222.7876
222.5333
223.0422
219.7629
218.5193
222.0260
223.0421
222.5332
222.0260
220.0128
222.5333
225.8699
224.3215
222.7875
219.2643
222.7876
220.0128
225.3522
218.5193
219.0155
225.8700
221.7730
223.0422
221.0162
222.0260
219.5134
222.0260
223.8085
223.5526
221.0163
222.7876
221.0163
222.7875
224.3215
223.5527
220.2631
224.3215
222.7875
221.2681
223.2972
222.5333
221.7730
219.7629
229.2763
222.7876
224.0648
223.0421
225.3522
221.2681
222.5333
223.8085
224.3215
222.0260
223.8085
222.7875
223.5527
221.2681
223.8085
222.2794
222.5332
224.8360
221.7729
218.2717
223.5526
222.5333
223.8085
224.8360
223.0421
220.5137
220.2631
225.0938
223.2972
227.1717
226.1295
226.3894
223.0422
222.5333
223.8085
222.7876
223.0422
221.7729
222.2794
223.8085
225.0939
223.0422
222.2794
224.0648
223.2972
224.3215
222.5332
222.2794
225.8699
222.2794
221.5203
224.0648
223.8085
220.7648
227.6953
225.0938
227.1717
220.5137
221.7730
223.0421
227.1717
225.0939
222.5333
223.2972
226.1295
222.0260
223.0422
224.3215
226.1295
221.0163
222.7875
222.5333
224.0648
222.5333
223.2972
222.2795
220.5137
223.8085
225.0939
222.7876
224.3215
227.1717
225.6109
223.0422
227.1717
224.5785
226.6497
224.3215
224.3215
226.1295
221.7729
225.3522
228.2207
223.2972
222.7876
223.8085
222.5333
222.5332
224.8360
222.5333
220.7648
223.2972
221.7730
224.8360
224.5785
221.0162
225.8700
223.5527
223.8085
224.8360
224.0648
223.2973
223.8085
225.0939
223.0422
224.8360
222.0260
225.3522
223.5527
226.9105
222.5333
224.8360
222.7876
225.6109
226.6498
223.2972
224.3215
223.2972
222.7876
223.0422
225.3522
225.6109
224.0648
223.5527
222.5333
226.3894
224.5785
224.5785
224.0648
224.8360
223.8085
227.6954
225.6109
222.5333
223.2972
225.6109
223.0422
229.0117
226.1295
225.8699
224.3214
226.3894
223.2972
225.3522
226.6497
227.1717
227.6954
223.0422
222.5333
224.5785
223.2972
223.5527
223.0422
223.5527
226.1295
223.2972
224.3214
222.7876
221.0162
220.7648
223.2972
225.0939
225.0938
221.7730
225.0938
224.5785
224.3214
225.3522
211.7301
228.2207
224.0648
227.1717
222.7876
228.4839
222.0260
223.0422
224.8360
221.7729
227.4333
224.3214
223.8085
223.8085
226.6497
226.6497
225.6108
225.8700
226.1295
226.1295
222.7876
227.6954
226.3894
223.5527
227.4333
225.8699
224.3214
224.3214
223.8085
228.4839
228.2207
225.8700
225.8699
222.0260
226.9105
227.1717
226.9105
223.0422
229.5413
224.8360
223.8085
223.2972
230.6055
223.0422
225.8700
225.8700
225.6108
225.3522
227.6954
224.5785
225.0939
226.6498
227.6954
229.8067
228.4839
225.3521
223.8085
227.1717
229.0117
224.0648
226.3894
227.1717
227.4333
227.1717
224.3214
228.2207
228.2207
225.8699
225.3522
228.4839
227.9578
223.2972
224.0648
229.2763
225.3522
229.8067
226.1295
228.2207
224.8360
227.4333
224.5785
229.8067
228.4839
224.8360
222.7876
225.6108
225.0938
222.0260
224.0648
232.7547
224.0648
228.2207
226.3894
227.4333
227.1717
228.7477
225.6108
225.3522
229.8067
227.9578
222.2795
227.6953
227.6954
227.4333
230.0725
222.7876
225.6108
226.6498
224.3214
229.0118
227.9578
228.2207
228.2207
226.3894
226.6497
225.8700
224.5785
226.1295
230.0726
227.1717
216.3051
222.7876
229.5413
227.1717
228.2207
230.0725
225.0939
228.7477
231.6766
227.1717
228.7477
227.9578
226.9105
226.3894
226.1295
225.8699
230.0726
226.6498
226.3894
227.9578
227.4333
227.4333
227.9578
228.4839
229.0117
228.4839
229.2763
227.1717
228.4839
222.7876
228.2206
228.4839
231.6766
228.7477
226.9105
226.9105
226.9105
228.2207
225.8700
229.8067
228.2207
227.9578
223.0422
230.8726
226.6498
229.5413
226.1295
228.2206
236.8606
227.9578
230.0726
229.2763
230.6055
227.1717
228.4839
226.6497
227.9578
229.0118
228.7477
225.8699
227.6954
225.3522
225.6108
228.4839
228.7476
227.9578
227.1717
227.4333
233.2963
228.7476
226.1295
230.0726
226.9105
227.4333
226.9105
229.8067
229.2763
227.9578
227.4333
226.6497
229.2763
231.6766
229.8067
226.3894
230.8726
228.4839
226.9105
226.9105
229.0118
227.1717
230.8726
227.1717
230.3388
230.0725
226.9105
230.0726
227.9577
227.4333
227.9577
226.3894
229.8067
227.6954
229.2763
227.6954
226.3894
226.9105
229.2763
225.8699
231.1402
226.3894
222.7876
227.4333
227.4333
231.1402
228.2207
227.1717
228.2206
227.6954
227.6953
228.4839
230.3388
228.2207
225.0938
228.7477
223.8085
228.4839
226.6497
225.6108
229.2763
228.2207
227.6954
227.1717
226.6498
226.9105
225.6109
225.8700
226.1295
228.2206
227.6954
225.6108
231.1402
228.4839
227.4333
227.6954
227.6954
226.3894
229.8067
226.6498
229.8067
229.0118
228.7477
230.0725
226.9105
227.1717
226.9105
224.5785
227.9577
228.4839
228.4839
225.0938
227.1717
232.2148
226.6497
226.9105
227.1717
228.7477
227.1717
226.6497
229.2763
228.2207
226.9105
228.4839
224.3214
229.5413
229.0117
227.9578
227.9578
227.4333
230.3388
225.8699
230.3388
223.5527
225.0938
229.0118
227.9578
233.0253
227.1717
227.4333
223.8085
224.8360
227.4333
225.6109
226.6497
224.8360
230.0725
224.5785
227.9577
230.8726
228.4839
227.1717
227.9578
225.8699
227.4333
226.6497
227.9578
227.9578
229.8067
230.6055
227.1717
227.4333
226.6497
227.1717
227.1717
228.2207
229.0117
225.0939
227.6954
226.3894
228.7476
224.5785
225.8699
226.3894
227.9578
230.0726
228.7477
226.6498
228.4839
230.6055
226.9105
227.4333
230.3388
226.3894
227.4333
227.9578
225.6109
226.6498
227.9577
225.6109
229.0118
229.0118
227.1717
231.4082
227.6954
226.1295
228.7477
227.6954
227.9577
227.1717
227.1717
228.2206
228.2207
227.1717
229.0118
226.9105
229.0118
230.8726
227.1717
226.1295
227.6953
229.2763
229.0118
227.6953
229.5413
224.8360
227.1717
228.4839
226.1295
227.4333
227.9578
229.2763
224.0648
228.4839
227.1717
225.3522
226.1295
228.2206
225.0939
223.5527
226.6498
225.0938
225.6108
226.6497
228.7477
225.0938
224.0648
228.7477
228.7477
227.1717
225.3522
225.0938
228.4839
226.3894
228.4839
226.9105
226.6498
225.6108
224.0648
227.1717
226.3894
226.9105
227.9578
227.1717
225.6109
225.6109
226.9105
226.9105
227.4333
227.1717
224.5785
220.0128
216.5496
228.4839
227.9578
226.9105
229.0118
226.9105
225.3522
223.0422
224.5785
227.6953
225.6109
225.0938
223.2972
224.8360
228.7477
227.6954
223.2972
226.6497
227.1717
226.9105
228.2207
223.8085
225.6108
224.3215
222.7876
231.1402
227.4333
227.1717
227.9578
228.4839
223.0422
224.8360
227.1717
225.3521
224.8360
224.0648
225.8699
220.5138
230.8726
224.8360
226.1295
223.5527
223.5527
224.3214
226.6497
228.2207
226.6498
225.0939
226.9105
225.3522
221.2681
226.3894
226.6498
226.1295
223.5527
222.0260
225.0939
225.6109
223.0422
222.7876
226.6498
226.6498
220.7648
225.6108
228.2207
222.0260
226.9105
226.6497
221.5203
223.0422
225.6108
227.6954
223.5526
227.1717
227.4333
229.0118
222.7876
224.5785
227.4333
224.0648
225.6109
223.5527
229.8067
226.6498
225.0938
225.6109
219.2643
223.0421
225.0938
223.8085
223.0422
226.9105
221.2681
224.0648
227.1717
222.2794
224.3215
222.5333
225.3521
222.5333
225.8699
223.5526
224.0648
218.2718
223.0422
224.3214
228.4839
224.5785
219.7629
223.0422
226.6497
218.0246
224.0648
224.0648
224.8360
227.4333
217.5314
222.5332
223.8085
221.0163
221.2681
223.5527
222.0260
219.2643
227.1717
226.1295
221.5203
223.8085
223.2972
218.2717
222.7875
220.5137
222.2794
221.7729
223.8085
220.7648
225.3522
224.3215
221.0162
220.7648
223.0422
222.7875
223.8085
223.0421
219.0156
224.0648
221.0162
221.2681
220.0128
223.0421
223.5527
220.7648
219.5134
220.0128
223.0421
219.5134
220.5137
220.0128
219.0155
219.2643
223.5526
220.2630
219.2643
220.2631
219.0155
218.0246
220.0128
220.0128
221.0163
220.7648
218.2717
218.5193
220.7648
216.3050
216.5495
214.3625
219.5134
222.5332
217.5314
219.2643
214.3625
218.0246
217.5314
215.8172
215.3308
213.8806
215.8172
215.3308
216.5496
215.0881
215.0881
216.3051
212.6822
216.7945
215.8172
216.0609
213.8806
215.5738
212.9211
215.3308
214.3625
213.1605
212.2054
212.4437
213.4002
213.6401
212.6822
211.2562
212.2054
210.7838
211.2562
213.6402
210.7837
209.8432
211.2562
207.9789
207.5164
210.7837
208.2107
208.4429
208.9083
208.4429
207.0552
207.9790
208.9083
205.4520
204.0910
207.0552
207.5164
206.1371
204.9970
201.4052
201.1835
202.0722
200.9621
201.6272
201.8495
200.7411
201.1835
204.0910
200.3000
198.9845
200.9621
197.6805
196.1734
197.2483
197.2483
196.3877
193.4145
192.3671
193.6249
190.2945
198.5485
193.8356
191.9502
190.0889
189.8835
190.9132
188.0484
188.0484
189.0650
182.6797
185.8367
184.4468
184.6445
182.6796
184.0522
180.3573
181.5137
181.7073
177.3194
179.5916
177.8840
180.5494
176.5703
179.4008
171.9780
171.6172
171.7975
172.7025
170.1835
171.4371
170.1835
170.3619
168.4126
170.0054
167.1867
166.6647
165.7993
164.2555
162.5612
162.7297
161.3880
159.8950
162.5612
159.5656
159.5656
158.2560
155.5165
157.9306
153.7746
152.6785
153.3037
150.2083
150.6678
150.2083
147.7859
148.3871
146.7408
145.8520
144.3848
146.1476
143.3681
143.8027
141.0757
142.7909
142.2165
138.6870
138.6870
136.3450
137.8551
135.8007
136.0725
133.6480
134.3165
134.1825
132.4543
129.8449
131.5343
129.0734
129.5872
128.0529
126.4137
125.9140
125.0450
122.5983
123.2050
123.0834
122.1154
119.8497
119.9678
118.3259
118.4424
115.0017
117.0530
112.9888
114.7761
112.8781
111.7772
110.9046
110.0392
109.1808
109.8239
107.4850
107.4850
107.9064
104.6849
104.3784
101.7603
102.5587
99.5968
100.3781
100.1822
100.1822
99.4024
99.3053
98.5323
