9.0071
9.5026
10.2990
10.0322
10.4775
10.7165
11.6523
11.9882
12.1108
12.5731
13.6352
14.3332
14.8463
15.2990
15.8863
16.6788
16.9119
17.7524
18.3308
18.9495
19.8898
20.2772
20.8094
22.0335
22.4714
22.7652
23.6549
25.0139
26.1694
26.1694
27.0305
27.4257
29.1539
30.8459
31.3916
31.8146
32.9702
34.1463
35.7472
36.2894
37.3868
37.8029
39.0192
41.4686
41.8606
42.6016
44.4120
45.3346
46.8460
48.3354
50.0200
51.4067
52.4778
54.4912
55.4294
56.2598
57.5220
59.9837
60.4853
61.6892
63.6929
65.4789
67.0313
68.4744
70.2252
72.1575
74.0601
75.1769
77.3006
78.3042
80.1079
81.1437
83.9923
86.2518
86.5913
89.2647
91.3877
92.3767
95.4993
96.9094
98.3400
98.0522
103.1617
106.5432
108.0120
110.4710
112.5466
112.2161
116.8231
117.9772
120.7980
120.3228
123.8150
127.1673
126.2886
129.7159
131.5343
135.6649
138.5479
141.5023
142.7909
145.2630
145.7045
149.1427
149.9029
158.4189
157.6061
161.5550
163.9149
155.8358
169.6498
171.2573
171.4371
179.7826
179.0201
181.7073
186.4365
189.2692
186.8378
192.3671
195.3189
199.6408
203.6400
234.1121
202.5184
205.9083
210.0778
208.6754
211.9676
218.0246
225.0938
225.0938
227.1717
234.6583
235.2062
237.9727
241.3534
242.4954
244.5125
246.8468
249.5112
259.0101
251.9140
260.5908
265.0916
276.8510
275.4688
286.8184
284.2774
288.2855
291.2533
295.0276
290.5071
297.7133
303.1955
308.0163
316.7361
318.8675
317.5860
333.9596
325.8366
334.8813
342.3984
333.0417
341.4445
353.6711
356.1982
353.1690
360.3004
368.1945
375.2585
374.1579
378.5911
393.5898
384.8239
381.4043
403.2961
397.1855
407.0351
427.2738
405.7826
405.7826
420.5710
426.5957
424.5720
430.6903
432.0694
428.6351
444.0875
439.0736
429.3185
440.4967
458.1784
455.9053
468.2477
446.9946
470.6231
500.7601
479.5061
492.9313
491.2193
503.4158
492.0742
510.6143
517.9860
517.9861
511.5260
518.9200
525.5381
554.5338
556.6327
553.4891
536.2287
551.4100
576.1481
571.7118
547.2914
541.2098
568.4225
573.9227
517.9860
592.1482
593.3199
594.4959
607.6983
593.3201
602.8399
604.0483
618.8797
604.0482
608.9235
613.8668
622.6855
630.4200
623.9632
670.2632
673.1718
656.0423
677.5762
661.6672
689.5703
717.9589
663.0865
717.9589
703.5144
709.8705
701.9406
698.8120
959.1348
709.8705
744.9632
738.0463
768.2538
800.7197
771.9513
743.2233
751.9954
768.2538
800.7197
802.7056
808.7147
779.4417
804.6996
820.9770
842.1671
853.1317
842.1667
855.3553
800.7197
892.3990
842.1671
848.7154
862.0892
899.6669
816.8530
953.6843
873.5249
875.8448
922.1235
917.0467
887.6122
912.0194
897.2324
1102.1616
894.8098
961.8812
892.3990
1001.8833
959.1348
1001.8833
929.8349
1424.3665
964.6419
978.6641
956.4025
984.3768
1004.8562
1019.9648
995.9852
1013.8720
1001.8833
1007.8452
1013.8720
1081.3533
1057.9698
1032.3524
1038.6495
1016.9101
1013.8725
1048.2286
1071.2174
1123.7167
1116.4459
1061.2535
1051.4573
1081.3533
1081.3533
1197.3794
1032.3534
1112.8431
1057.9694
1209.8286
1077.9551
1185.1644
1112.8436
1173.1763
1123.7161
1120.0702
1205.6525
1177.1470
1169.2301
1177.1476
1112.8431
1173.1763
1142.2776
1173.1763
1209.8286
1244.2262
1231.1178
1266.6564
1343.7499
1231.1178
1328.6394
1359.1827
1359.1827
1271.2327
1333.6410
1313.8419
1304.1454
1323.6719
1304.1454
1328.6394
1359.1835
1459.1899
1333.6403
1348.8573
1799.0310
1343.7491
1262.1112
1304.1454
1348.8573
1369.6571
1391.0630
1294.5817
1275.8397
1391.0630
1369.6564
1396.5120
1424.3656
1385.6526
1313.8412
1540.3853
1424.3656
1380.2831
1418.7123
1435.7996
1407.5313
1407.5304
1483.3037
1567.0974
1587.7096
1369.6580
1465.1493
1495.6426
1380.2831
1489.4492
1501.8843
1354.0017
1465.1501
1714.8671
1508.1752
1560.3381
1608.8389
1465.1493
1396.5120
1465.1493
1483.3047
1413.1007
1495.6434
1280.4778
1594.6951
1520.9061
1318.7395
1660.2583
1560.3381
1567.0974
1514.5165
1459.1899
1527.3485
1706.8593
1683.2544
1520.9061
1667.8586
1407.5304
1573.9120
1652.7241
1739.3232
1645.2543
1993.1699
1623.2207
1755.9948
1652.7253
1527.3477
1623.2207
1601.7365
1623.2218
1623.2218
1573.9120
1546.9827
1601.7365
1652.7241
1573.9120
1675.5237
1667.8586
1714.8671
1573.9120
1540.3853
1683.2544
1825.8235
1637.8478
1706.8593
1891.3793
1722.9460
1807.8773
1755.9948
1683.2555
1691.0538
1872.1980
1747.6207
1764.4463
1675.5226
1993.1683
1623.2207
1652.7241
1872.1967
1930.8833
1338.6770
1781.5797
1951.2275
1714.8682
1587.7096
1816.8077
1825.8221
1881.7422
1731.0974
1790.2638
1772.9725
1739.3220
1799.0297
1961.5555
1853.3813
1790.2638
1772.9725
1731.0974
1844.1077
1731.0974
1951.2275
1755.9948
1862.7439
1951.2290
2964.2869
1781.5784
1714.8671
1790.2638
1807.8785
1772.9738
1872.1967
1790.2650
1941.0055
2025.7675
1790.2638
2036.8600
1739.3232
1951.2306
2105.9272
2048.0691
2070.8435
1961.5570
1755.9948
1951.2275
1807.8773
1755.9948
1891.3778
1807.8773
1844.1077
1930.8818
1961.5570
2025.7675
1834.9218
1872.1967
2036.8617
1772.9725
1825.8221
2082.4128
1816.8077
1706.8593
2313.9895
1853.3813
1825.8221
2048.0691
2036.8617
1853.3813
2142.1599
2129.9502
1853.3827
2082.4128
1901.1091
1982.5251
1834.9218
1834.9218
1872.1967
2048.0708
1982.5251
2154.5042
2003.9241
2036.8600
2244.8713
1930.8833
2048.0691
1781.5784
1910.9374
1862.7439
1520.9061
2129.9502
1993.1699
2105.9255
2082.4146
2036.8600
2014.7893
2218.3232
1961.5555
1951.2275
2142.1599
1853.3813
1982.5251
1280.4778
2014.7910
2218.3232
1891.3778
2025.7675
1834.9218
2192.3657
2433.4641
2531.1343
2372.2810
2231.5227
1982.5251
2014.7893
1961.5570
1891.3793
2342.7876
2342.7854
2025.7675
2387.2974
1971.9880
1567.0995
1993.1699
2205.2705
2014.7893
2036.8600
2014.7893
2094.1062
2258.3757
2105.9255
1930.8818
2154.5042
2070.8435
2014.7893
2192.3657
2258.3757
2692.6252
2105.9272
2105.9255
2059.3979
2142.1599
2244.8713
2070.8435
2094.1079
2449.2354
2618.4678
2433.4641
2218.3213
2105.9272
2465.2041
2117.8728
2205.2705
2192.3657
1844.1077
1951.2306
2313.9875
1546.9827
2417.8843
2036.8600
2192.3657
2154.5042
2299.8386
2166.9849
2372.2810
2117.8745
2129.9502
2025.7675
2231.5227
2192.3657
2673.7100
2070.8435
2094.1062
2179.6047
2105.9255
2014.7910
2166.9849
2299.8406
2313.9875
2433.4617
2342.7876
2218.3213
2154.5059
2372.2810
2357.4468
2244.8733
2299.8386
2285.8586
2402.4998
2402.4973
2618.4678
2328.3000
2372.2832
2218.3232
1587.7096
2105.9255
2897.0044
2941.5273
2105.9255
2299.8386
2179.6047
2372.2810
2244.8713
2417.8867
1951.2306
2342.7854
2433.4641
2387.2974
2711.7976
2449.2378
2342.7854
2231.5208
2258.3777
5616.3853
2272.0366
2731.2410
2481.3745
2231.5227
2192.3657
2272.0386
2285.8564
2618.4678
2059.3962
2417.8867
2231.5227
2179.6047
2342.7854
2387.2974
2205.2722
2142.1599
1993.1699
2082.4128
2465.2065
2481.3770
2231.5208
2272.0366
2387.2996
2357.4446
2433.4641
2342.7854
2299.8386
2832.6191
2655.0461
2244.8713
2342.7854
2231.5208
2192.3657
2548.1516
2328.3022
2142.1599
2750.9519
2618.4705
2387.2974
2154.5042
2673.7100
2417.8843
2258.3757
2449.2378
2497.7522
2231.5208
2372.2810
2313.9854
2711.8005
2636.6348
2313.9854
2117.8728
2179.6047
2618.4705
2372.2832
2832.6191
2514.3342
2731.2410
3239.1394
2731.2380
2328.3000
2218.3213
3294.5017
2387.2974
2417.8843
2154.5042
2548.1516
2342.7854
2600.5403
2342.7854
2497.7498
2402.4973
2357.4446
2600.5403
2299.8386
2832.6191
2655.0461
2285.8564
2313.9875
2531.1343
2919.1001
2357.4446
2897.0076
2692.6252
2465.2041
2313.9854
2402.4998
2258.3757
2600.5403
2465.2041
2433.4641
3083.3889
1982.5236
2433.4641
2514.3367
2750.9519
2565.3882
2514.3367
3108.3335
2372.2810
2582.8477
2449.2329
2655.0461
2618.4678
2600.5403
4368.7520
3083.3926
3351.7268
2417.8867
2791.2061
2565.3831
2711.7976
2258.3777
2692.6226
2313.9875
2832.6191
2402.5020
2129.9502
2600.5403
2582.8477
2481.3745
2711.8005
2166.9849
2565.3855
2692.6226
2070.8435
2770.9363
2582.8452
2497.7522
2342.7876
2565.3855
2692.6226
2433.4617
3266.5869
2655.0461
2433.4617
4051.6165
2244.8733
2600.5430
2655.0461
1299.3472
2531.1343
2231.5227
2964.2834
2433.4617
2328.3000
2497.7498
2791.2061
2655.0461
2636.6348
2636.6348
2357.4446
2387.2974
2548.1492
2497.7522
2750.9490
2731.2410
2417.8843
1971.9865
2565.3855
2565.3882
2285.8564
2449.2354
3239.1394
2231.5208
2600.5403
2750.9490
2565.3882
2481.3770
2897.0076
2750.9490
3034.6563
2731.2380
3159.4026
3472.1667
2600.5430
2231.5208
2750.9490
2731.2380
2655.0461
2417.8843
2465.2041
2565.3855
2964.2834
2600.5403
2548.1492
2582.8477
2618.4678
3058.8364
2565.3855
2497.7522
2548.1492
2711.8005
2711.7976
2636.6348
2692.6226
1560.3381
2731.2380
2875.2297
2711.7976
2832.6162
2481.3770
3083.3926
2655.0461
2636.6348
2618.4678
4681.8384
2750.9519
2582.8503
2636.6348
2770.9392
3108.3298
2565.3855
2791.2090
2655.0461
2941.5239
3133.6685
2231.5208
2791.2061
2791.2090
2218.3213
3058.8328
3185.5576
2711.7976
2673.7070
3010.8398
2711.7976
2582.8477
2600.5403
3083.3889
2990.3320
2897.0044
3266.5908
3294.4976
2618.4678
2791.2090
3034.6563
2655.0461
2770.9392
2618.4678
2231.5208
2514.3342
2618.4678
2449.2378
2897.0076
2731.2410
2897.0044
3239.1394
3108.3298
2497.7522
2897.0076
2832.6162
2565.3855
2897.0044
2636.6348
2832.6162
2618.4678
2548.1492
2711.7976
2417.8867
2832.6162
2964.2869
2082.4146
2832.6191
2636.6348
2481.3770
2313.9854
2750.9490
2875.2297
2070.8435
2964.2834
2750.9519
2731.2410
1667.8574
2655.0461
2618.4678
2548.1516
2770.9363
2987.3862
2811.7668
2897.0044
2582.8477
2565.3882
2853.7725
2731.2380
2731.2380
3010.8398
2514.3367
2531.1343
2387.2996
2481.3770
3503.6062
2655.0461
3212.1277
2565.3855
2731.2380
2673.7070
3083.3889
2919.1001
2692.6226
2770.9392
2565.3855
2449.2329
2548.1492
2711.8005
2449.2329
2875.2297
3034.6563
2919.1033
2514.3367
2731.2410
4796.2026
2919.1001
2387.2974
1961.5555
2711.7976
2655.0461
2832.6162
3034.6563
2142.1599
2919.1001
2711.8005
2711.8005
2897.0044
2770.9392
2618.4678
2582.8503
2692.6226
2811.7668
2673.7070
2655.0461
2565.3882
2897.0044
2655.0461
2600.5403
2618.4678
2417.8867
2770.9392
2600.5403
3351.7268
3568.1609
2618.4678
2618.4678
3010.8435
2750.9519
2328.3000
2600.5403
2731.2410
2342.7854
2372.2810
2636.6375
3381.0688
2014.7910
2750.9490
2711.8005
3535.5994
2673.7070
1495.6426
2750.9490
2897.0076
2853.7693
2987.3862
2673.7070
2770.9392
2548.1492
3851.3149
2655.0461
3212.1277
3381.0688
2941.5273
2811.7668
2299.8406
4738.3364
2964.2834
3351.7224
2897.0044
3351.7224
2673.7100
2770.9392
2433.4617
2875.2329
2179.6047
2618.4678
2731.2410
2531.1343
3185.5576
2897.0044
2402.4973
2636.6348
2433.4617
2531.1343
2770.9392
2770.9392
2618.4678
2636.6348
2582.8477
2618.4678
2655.0461
2166.9849
2655.0461
2192.3657
3133.6685
2618.4678
2244.8713
2655.0461
2531.1343
2387.2974
2692.6226
2919.1001
2811.7639
2357.4446
2582.8477
2548.1492
2853.7693
3010.8398
2853.7725
2531.1343
2618.4705
2481.3745
2272.0366
2791.2061
3294.4976
2372.2810
3185.5576
2285.8586
4520.0005
2731.2380
3266.5869
2692.6226
2082.4128
2853.7693
2987.3862
2565.3855
2342.7898
2244.8733
1971.9880
2565.3855
1961.5540
2117.8728
2770.9392
2692.6226
2987.3862
2791.2061
2987.3862
2711.7976
2531.1343
3351.7180
3410.9141
2811.7668
2244.8713
2449.2329
2750.9519
2497.7522
2941.5239
3294.4934
2514.3342
2673.7070
2731.2410
2832.6191
2731.2380
2750.9519
2750.9490
3010.8435
3133.6685
3034.6526
2692.6226
2692.6252
3010.8469
3410.9141
2548.1516
2731.2410
2791.2061
2497.7498
1413.1014
2875.2329
2342.7854
3239.1353
2853.7725
4137.5386
2655.0461
2497.7498
2897.0044
2791.2061
1098.6433
2618.4678
2342.7854
3410.9097
2832.6162
2731.2410
3108.3335
2750.9519
2711.7976
3010.8398
2449.2329
2770.9363
2875.2297
3083.3926
2770.9392
2417.8843
2600.5403
2514.3367
2531.1343
2791.2090
2449.2354
2618.4678
2402.4973
2731.2380
2875.2297
2313.9854
3472.1667
3601.3157
2692.6226
3441.2800
2565.3882
2481.3770
2342.7854
2770.9363
2770.9363
2832.6162
2582.8477
2692.6226
2548.1492
2791.2061
2731.2380
3294.4934
2481.3770
3239.1353
2673.7100
3351.7180
3266.5908
2875.2297
2875.2329
2497.7522
2433.4641
2853.7725
2514.3367
3083.3889
2387.2974
1834.9231
2673.7070
2941.5239
3058.8364
3535.5947
2655.0461
3601.3206
2449.2378
4094.1311
2692.6226
2673.7070
2791.2090
2014.7893
3034.6563
2919.1001
2750.9519
2548.1492
3212.1277
2655.0461
2770.9392
2600.5403
2875.2297
2481.3770
2711.7976
2655.0461
3159.4026
2565.3882
2875.2329
2618.4678
2964.2869
2618.4705
1660.2583
2618.4678
2465.2065
3058.8328
2853.7725
2853.7693
2673.7070
2481.3770
2514.3342
2750.9519
3083.3926
2750.9490
2481.3770
2750.9519
2636.6375
2791.2061
2565.3882
2402.4998
2692.6252
2636.6375
2531.1343
2853.7693
2731.2410
2673.7100
1920.8611
2791.2090
3441.2756
2582.8477
2655.0488
2897.0044
2750.9519
2832.6191
3159.4065
2750.9519
2673.7070
2731.2380
2636.6348
2387.2974
3704.4766
2941.5239
2372.2810
2987.3896
2655.0461
2618.4678
4978.3604
7004.8989
2811.7639
3108.3335
3058.8328
2919.1033
2673.7070
2531.1367
2853.7693
2655.0461
3133.6685
2618.4705
3351.7224
2770.9363
2750.9490
2673.7070
2897.0044
2853.7725
2636.6375
2565.3855
2853.7725
2731.2410
2791.2090
2299.8386
2711.7976
2372.2832
2750.9490
2673.7070
2433.4641
2465.2065
2941.5239
2750.9490
2987.3896
2853.7693
2565.3855
2417.8843
2481.3770
2497.7498
2791.2090
2531.1343
2636.6375
2636.6348
2941.5239
2692.6226
2481.3770
3159.4026
2731.2410
2387.2996
2673.7100
2299.8406
2811.7639
2711.8005
2875.2329
2548.1492
2770.9392
3472.1621
2565.3855
2941.5239
2875.2297
2600.5376
2770.9363
2600.5403
3535.5994
2655.0488
2497.7522
2387.2974
2299.8406
2791.2061
2497.7522
2548.1492
2636.6348
2328.3000
2853.7725
2919.1033
2497.7498
2531.1318
2565.3855
2941.5239
3133.6685
2179.6047
2497.7498
2313.9854
2497.7522
2673.7070
2600.5403
2655.0461
7395.0156
2433.4617
2094.1079
2387.2996
2897.0044
2582.8503
2357.4446
2449.2329
2299.8386
2328.3000
2387.2974
2313.9854
2919.1001
2673.7100
2417.8843
2832.6162
2481.3770
2673.7070
2497.7522
2272.0386
2565.3855
2853.7725
2565.3855
2600.5403
2770.9392
2481.3745
2548.1492
2244.8713
2313.9854
2402.4973
2313.9875
2387.2996
2299.8386
2582.8477
2565.3882
2791.2090
2272.0386
2497.7522
2285.8564
2481.3770
2328.3022
2372.2832
2853.7693
2402.4973
2731.2410
2166.9849
2154.5059
2481.3770
2272.0366
2565.3882
2449.2354
1930.8833
2514.3342
2618.4705
2166.9868
2481.3745
2548.1492
2205.2722
2465.2041
3159.4026
2600.5403
2357.4446
2299.8406
2129.9502
2531.1367
2105.9272
2481.3745
2565.3855
2531.1343
2548.1492
2731.2410
2094.1062
2531.1367
2618.4678
2258.3757
2328.3000
2514.3342
2433.4617
2433.4641
2449.2329
2600.5403
2272.0386
2142.1599
2231.5227
2531.1343
2433.4617
2497.7498
2313.9854
2514.3367
2791.2090
2372.2832
2258.3757
2231.5208
2636.6375
2313.9854
2548.1516
2129.9521
2258.3757
2231.5227
2433.4663
2372.2810
2299.8386
2372.2832
2497.7522
2154.5042
2313.9854
2402.4973
2548.1492
2372.2810
3010.8435
2514.3342
2192.3657
2285.8564
2372.2832
1402.0010
2142.1599
2548.1492
2272.0366
1961.5570
2417.8867
2465.2041
2387.2996
2313.9875
2449.2354
1816.8091
8496.3750
2218.3213
2481.3745
1993.1699
2514.3342
2387.2974
2750.9519
2402.4973
1941.0055
3133.6646
2231.5227
2531.1343
2372.2832
2048.0691
2082.4128
2231.5208
2154.5059
2179.6047
2328.3000
2673.7070
2465.2041
2372.2810
2244.8713
2059.3979
2014.7893
2070.8452
2285.8564
2481.3745
2142.1599
2313.9875
2105.9272
2154.5042
2299.8406
2003.9257
2070.8435
1816.8077
2070.8435
1844.1077
2402.4973
2258.3757
2048.0708
2166.9849
2014.7893
2258.3777
2673.7100
2179.6047
2117.8728
5461.1147
2025.7690
2514.3367
2070.8452
2244.8713
1951.2290
1862.7439
2231.5208
2166.9868
2094.1062
2179.6047
2048.0691
2036.8600
2582.8503
1891.3778
2105.9272
2258.3757
2179.6047
2142.1599
2618.4705
2154.5042
1807.8773
2218.3232
1816.8077
2117.8728
1971.9880
2142.1599
2025.7675
1862.7452
1891.3793
1891.3793
1834.9231
2003.9241
1951.2290
1790.2650
1930.8818
2048.0708
2299.8406
1807.8773
1872.1967
1910.9374
2094.1079
1781.5784
1683.2555
2514.3367
1134.7858
1844.1077
1951.2290
1930.8818
1971.9880
1623.2218
1930.8833
1910.9374
2059.3979
2285.8586
1971.9880
1755.9948
1971.9880
2218.3232
1961.5570
1834.9218
1816.8091
1941.0040
2036.8617
1834.9218
1755.9948
1901.1091
2231.5227
2014.7893
1825.8221
1675.5226
1799.0297
1853.3813
1853.3813
1872.1967
1844.1077
1816.8077
2025.7690
2166.9849
1739.3220
1706.8593
2003.9257
1920.8596
1790.2638
1772.9725
1683.2544
1891.3793
1714.8671
1834.9218
1790.2638
2244.8733
1683.2544
1764.4449
1637.8467
3266.5869
2003.9241
1930.8833
1706.8593
1872.1967
1971.9880
1862.7452
1799.0297
1683.2544
1731.0986
1683.2544
1660.2583
1799.0297
2003.9241
1630.5039
1333.6403
1781.5784
1527.3477
1587.7106
1722.9460
1790.2638
1402.0010
1691.0538
1706.8593
1573.9120
1573.9120
1667.8574
1781.5784
1587.7096
1698.9219
1799.0297
1508.1752
1683.2555
1862.7452
1623.2218
1660.2583
1601.7365
1714.8671
1594.6940
1587.7096
1580.7834
3159.4026
1714.8682
1608.8378
1413.1007
1567.0984
1465.1493
1637.8478
1520.9061
1587.7096
1520.9061
1616.0007
1594.6940
1430.0613
1601.7375
1495.6426
1608.8378
1930.8818
1594.6940
1501.8843
1308.9774
1380.2831
1580.7834
1380.2831
1441.5811
1418.7123
1402.0010
1266.6564
1465.1493
1660.2583
1553.6344
1601.7375
1471.1543
1508.1760
1520.9071
1714.8682
1424.3656
1546.9827
1553.6334
1385.6534
1441.5811
1489.4492
1441.5811
1391.0630
1560.3381
1489.4501
1424.3665
1385.6534
1514.5165
1465.1493
1391.0630
1453.2758
1441.5811
1567.0974
1453.2758
1364.4023
1354.0017
1304.1461
1374.9498
1380.2831
1369.6564
1354.0024
1407.5313
1396.5120
1385.6534
1374.9514
1257.5948
1294.5824
1333.6403
1218.2618
1348.8573
1328.6387
1348.8580
1253.1096
1235.4581
1328.6387
1289.8484
1222.5199
1333.6417
1226.8042
1218.2618
1222.5192
1214.0317
1262.1105
1280.4778
1435.8004
1244.2262
1271.2333
1214.0317
1244.2262
1328.6394
1248.6533
1098.6433
1226.8042
1257.5948
1294.5824
1275.8397
1146.0582
1222.5192
1652.7241
1294.5824
1201.5028
1105.7017
1157.5377
1248.6526
1138.5204
1201.5034
1127.3839
1149.8607
1098.6428
1197.3794
1169.2301
1091.6666
1173.1774
1244.2262
1071.2174
1157.5371
1041.8254
1057.9689
2218.3232
1077.9551
1131.0737
1120.0707
1098.6428
1074.5764
1016.9105
818.9103
1054.7041
1048.2286
1193.2820
1029.2299
987.2554
1016.9105
1032.3524
1067.8772
964.6419
1054.7041
1061.2535
1023.0366
987.2554
945.6130
961.8812
975.8303
829.3380
1088.2089
1023.0362
975.8299
995.9856
924.6818
922.1238
948.2896
924.6818
948.2896
882.8717
862.0889
929.8353
864.3546
857.5894
1051.4573
775.6805
885.2361
848.7157
857.5897
859.8342
800.7200
880.5179
862.0889
812.7661
806.7027
835.7083
794.8152
844.3401
777.5570
833.5754
686.5374
837.8516
751.9954
787.0618
732.9326
773.8119
777.5570
796.7750
713.0867
775.6805
823.0530
714.7043
646.3961
731.2421
717.9589
716.3284
719.5960
709.8705
700.3732
673.1721
689.5703
705.0939
676.1025
871.2163
695.7074
657.4407
661.6674
646.3961
691.0961
689.5703
643.6852
661.6672
645.0381
629.1193
608.9235
640.9937
645.0383
606.4774
625.2454
606.4775
587.4998
604.0482
607.6983
605.2607
586.3478
593.3201
576.1481
592.1484
596.8597
553.4891
568.4225
582.9139
556.6328
558.7452
546.2698
550.3754
545.2515
531.3245
553.4891
545.2513
526.4951
518.9200
526.4952
523.6329
520.7966
497.2552
494.6535
506.9937
495.5183
526.4951
477.0562
490.3670
482.8050
480.3274
465.1109
472.2180
469.0374
454.4001
455.1516
454.4000
433.4556
440.4966
446.2649
468.2477
486.9820
430.6903
436.2499
421.2335
428.6351
421.8978
434.8491
410.8301
412.7489
445.5370
419.2508
407.6636
394.1855
403.9154
395.3810
380.2751
384.8239
385.3986
388.8755
379.1511
368.7305
366.5941
360.3004
358.7534
368.1945
358.7535
350.1799
352.1683
352.1683
349.6855
338.1383
342.3984
337.6700
336.7365
333.0417
335.8069
339.0779
329.8596
325.3942
330.3114
324.0727
326.2799
320.5883
316.3124
317.1606
308.4232
306.3966
298.0999
289.0232
287.9177
294.6469
285.7253
278.5931
279.9983
282.8404
275.1249
274.4389
273.4146
273.0744
270.0403
269.3727
261.8654
264.7663
259.0101
254.9646
252.2167
241.3534
250.1088
247.1409
277.8943
237.9727
241.3534
238.8116
234.9320
236.5837
233.8398
230.3388
223.0422
224.3214
219.5134
218.5193
216.5495
216.3050
213.1605
210.3127
208.6754
203.6400
208.2108
204.0910
198.1138
197.4642
194.6814
194.4695
192.5760
180.3573
191.3271
185.6373
183.6587
179.5916
179.9739
170.5405
177.6956
176.9444
168.5887
170.1835
167.0125
162.5612
160.7224
163.5752
157.4442
160.2253
157.9306
156.9595
154.5634
150.5144
152.6785
147.6361
144.9695
143.8028
143.3681
140.3682
137.1663
137.9933
135.1237
134.4506
132.7185
129.3300
134.1825
126.1636
126.2886
123.9374
122.4774
119.2611
118.2096
118.9095
118.5590
112.5466
113.7671
110.9046
111.2309
107.2750
107.2750
105.4036
114.3265
105.5066
100.6727
99.7915
98.1481
97.7653
96.5314
92.3767
91.8360
90.2318
86.6763
90.0553
87.1883
86.8467
84.9062
83.0874
83.8271
80.9836
81.3041
79.9497
78.0716
75.9295
76.0052
75.1769
73.9861
71.5085
70.6508
70.2960
69.2403
67.7154
67.0313
67.3727
64.9456
64.1522
61.3071
61.7531
61.1167
59.3611
59.6095
57.8256
57.2800
54.7832
55.7842
54.9003
54.0843
52.3644
51.4627
51.4627
49.3634
49.0914
47.8533
46.8986
47.6934
46.2168
44.7182
45.0258
44.2594
44.3102
42.2549
41.7624
41.2246
39.7784
41.1273
39.3503
38.2215
38.2215
37.6639
36.4256
36.2440
35.8824
34.2783
34.4547
33.7520
33.9270
32.4970
32.4541
31.3074
30.5955
30.0563
30.5123
29.8501
28.9505
28.6265
28.3041
27.3861
27.1488
27.2673
26.3251
25.9753
25.7432
24.6713
24.3307
24.4818
23.1343
23.6549
22.9126
22.8757
22.2521
21.7432
22.0335
21.8157
21.5625
21.2745
19.9601
19.9249
19.1919
19.6097
19.0187
18.8805
18.4678
17.9219
17.9559
17.6171
17.3139
17.8202
17.1796
16.8119
15.8535
14.9107
17.3475
15.1369
14.8141
15.2341
14.5892
14.6533
14.2694
13.8881
13.6037
12.8523
13.4149
12.6970
12.5731
12.2030
12.3877
12.5112
12.1108
12.4186
11.5914
10.9264
11.8047
11.7132
11.4396
10.7764
10.6566
9.0942
11.0769
9.7668
10.1803
9.7962
9.5905
9.5319
9.7668
9.1815
8.8911
9.3856
8.9781
8.8911
8.5160
7.9439
8.5448
8.5448
8.3438
8.1720
7.9724
7.9155
7.5188
7.6884
7.5470
7.1811
7.6601
7.0410
7.4342
7.3497
6.5675
6.9013
7.0130
8.4011
7.3497
7.1250
8.3438
8.8911
8.0864
9.1233
9.6786
9.5612
9.8846
10.6566
10.0914
10.8364
10.9264
11.2579
11.5307
11.7437
12.3261
12.7280
13.2894
13.8881
14.8463
15.1045
15.1693
15.9848
15.1693
16.4796
17.0791
17.2467
18.3650
19.7146
19.4352
20.2066
20.5604
21.9608
21.8157
22.7284
23.8793
24.6334
25.2816
25.7432
26.0529
27.5448
27.3861
28.5457
29.6856
30.6789
31.2653
31.0972
33.3166
33.8394
34.9865
36.7445
37.0190
38.4084
39.6831
40.6909
41.9590
43.3002
43.7530
44.3102
45.8522
47.8000
48.2817
49.9101
51.3507
51.1831
53.1622
56.2001
56.7982
57.9473
59.2371
60.3596
65.2785
63.6929
65.2118
66.8951
68.6131
69.3803
72.1575
71.5804
76.0808
77.5312
79.7917
82.1104
82.5976
82.5976
85.5766
86.5913
89.6152
91.1197
91.9259
93.1935
96.0609
98.3400
102.1587
100.9681
105.7131
105.0949
108.9673
111.0133
112.8781
115.2277
118.7925
119.3786
122.1154
125.1687
126.9155
128.3071
130.1032
131.9277
134.1825
134.5849
139.1050
139.6648
138.2703
140.2272
148.2365
148.2365
158.5821
157.9306
160.8884
163.4057
163.0672
168.5886
171.4371
175.8251
171.0778
180.1655
181.5137
186.6370
187.6437
191.7422
195.5321
195.1061
196.3877
200.7411
201.4051
203.1904
207.9790
209.8431
208.6754
214.8459
214.6040
217.2853
224.5785
226.9105
231.4081
234.1121
254.9645
244.5124
248.3220
244.2229
244.8025
246.5533
256.1996
268.0448
259.9568
262.8272
268.0447
274.7816
275.8135
275.4688
286.0890
287.9177
289.7638
298.8754
300.4356
299.6540
308.8310
318.4393
317.5860
318.8674
320.1567
326.7242
328.0623
337.2028
343.8368
339.0779
360.3005
355.6905
358.2401
368.7305
364.4772
365.5333
385.9747
361.8578
333.5002
390.6329
392.9955
403.2961
393.5898
392.4028
406.4081
417.2830
421.2336
410.8300
419.9100
426.5958
440.4967
443.3656
427.9536
446.2650
451.4139
453.6504
450.6724
461.2384
466.6750
463.5556
465.8918
480.3273
492.0741
490.3669
512.4406
506.0954
494.6534
535.2417
521.7391
521.7391
517.0548
549.3442
539.2080
571.7118
515.2009
548.3160
525.5381
499.8800
550.3754
553.4893
559.8066
541.2098
584.0544
588.6561
581.7767
594.4959
592.1482
592.1482
585.1992
615.1134
608.9235
618.8795
621.4124
607.6983
602.8398
643.6851
626.5320
638.3217
670.2632
625.2454
674.6346
673.1718
589.8163
668.8171
651.8778
660.2533
741.4905
691.0958
694.1640
683.5276
670.2632
727.8810
683.5273
697.2568
695.7076
736.3348
717.9592
717.9589
721.2397
837.8516
773.8119
864.3549
818.9103
743.2233
833.5751
868.9180
862.0889
827.2331
862.0889
812.7657
781.3344
829.3373
751.9954
816.8530
844.3398
917.0463
808.7150
775.6805
880.5179
840.0043
842.1671
835.7086
866.6309
837.8516
889.9998
892.3990
929.8356
929.8349
882.8713
871.2160
935.0412
894.8098
873.5249
912.0194
973.0113
970.2067
978.6641
1010.8509
935.0416
964.6419
970.2067
948.2896
1004.8562
964.6419
1038.6500
1071.2174
1010.8505
1048.2278
1026.1250
1057.9694
1010.8509
1010.8505
1048.2281
1109.2621
1077.9551
917.0463
1074.5764
987.2554
1112.8436
1074.5764
1051.4573
1071.2169
987.2554
1112.8436
1067.8767
1088.2095
1077.9556
1074.5764
1153.6873
1123.7167
1084.7712
1193.2814
1244.2262
1127.3844
1201.5028
1131.0737
1146.0582
1007.8456
1109.2616
1308.9774
1189.2104
1131.0737
1222.5192
1193.2820
1205.6525
1262.1105
1244.2256
1266.6564
1173.1763
1285.1472
1294.5817
1193.2814
1248.6533
1161.4108
1165.3090
1248.6533
1266.6570
1244.2262
1226.8042
1161.4108
1348.8580
1226.8042
1218.2625
1275.8403
1364.4009
1231.1171
1385.6526
1385.6534
1318.7402
1248.6526
1308.9767
1285.1472
1380.2822
1396.5120
1313.8412
1348.8573
1313.8419
1391.0630
1418.7131
1285.1472
1407.5313
1348.8580
1527.3477
1271.2327
1359.1842
1447.4064
1483.3037
1146.0576
1369.6580
1540.3853
1453.2758
1435.8004
1369.6580
1520.9061
1441.5811
1407.5304
1501.8853
1374.9506
1402.0010
1391.0621
1567.0974
1453.2758
1587.7096
1489.4492
1706.8593
1477.2056
1447.4072
1623.2218
1514.5156
1453.2758
1385.6534
1580.7825
1587.7117
1580.7834
1546.9827
1567.0974
1514.5156
1527.3477
1527.3477
1354.0017
1731.0986
1489.4501
1608.8389
1533.8405
1514.5165
1764.4463
1553.6334
1630.5039
1580.7825
1623.2218
1540.3853
1594.6940
1807.8785
1747.6207
1706.8605
1799.0297
1714.8682
1652.7241
1853.3813
1706.8593
1645.2543
1722.9460
1667.8574
1781.5784
1691.0538
1764.4463
1594.6940
1764.4449
1920.8611
1645.2543
1601.7375
1853.3827
1722.9473
1714.8671
1652.7241
1660.2583
1652.7241
1722.9460
1862.7439
1834.9218
1652.7230
1706.8593
1755.9948
1652.7230
1825.8221
1790.2638
1834.9218
1731.0986
1790.2638
1834.9218
1790.2650
1891.3778
1594.6940
1722.9473
1891.3778
1747.6207
1844.1077
1739.3220
1834.9218
1816.8091
1825.8221
1755.9948
1615.9985
1706.8605
2048.0691
1825.8221
1862.7452
1799.0310
1891.3778
1645.2543
1834.9231
1872.1980
1971.9880
2014.7910
1891.3778
1698.9219
1698.9230
1825.8221
1781.5784
1834.9218
2059.3979
1930.8818
1825.8221
1853.3813
1772.9725
1816.8077
1755.9948
1825.8221
1982.5251
2105.9255
2272.0386
1891.3778
2094.1062
1961.5570
2082.4146
1971.9880
1901.1091
2036.8617
1714.8682
1862.7452
2014.7893
1391.0630
2082.4146
2014.7893
1881.7422
1722.9460
1844.1077
1853.3813
1993.1715
2048.0708
1333.6410
2036.8600
2117.8745
2014.7893
2070.8435
2142.1599
2218.3232
1961.5555
2387.2974
2231.5227
1941.0040
2070.8435
1872.1967
1862.7452
2179.6047
2059.3979
1799.0297
2003.9241
2244.8733
1901.1091
1920.8611
2154.5059
1323.6719
2105.9255
2036.8600
2357.4468
1834.9218
1993.1683
1982.5236
1941.0070
1941.0040
1834.9218
1971.9880
2328.3000
2192.3657
2272.0366
2218.3232
2117.8728
2205.2705
2179.6047
2179.6064
1706.8593
2129.9521
1901.1091
2387.2974
2025.7675
2179.6047
2192.3657
1971.9865
2357.4468
1881.7408
2218.3213
2433.4617
2285.8564
2218.3232
2192.3657
2357.4446
2313.9875
2154.5042
2142.1599
1982.5251
2179.6047
1930.8818
2117.8728
2048.0691
2192.3677
2105.9255
2094.1062
2082.4128
2003.9241
2692.6252
2179.6047
2166.9849
2433.4641
2387.2974
2402.4998
2285.8564
2402.4998
2272.0366
2372.2832
2218.3232
2142.1599
1862.7439
2048.0691
2258.3757
2313.9875
2082.4146
2258.3777
4855.4438
2313.9875
2154.5042
1901.1091
2417.8867
1961.5570
2272.0386
2192.3657
2285.8564
2166.9849
2258.3757
2285.8564
2897.0076
2258.3777
2328.3000
2285.8586
2003.9241
2166.9849
2531.1343
2417.8843
2192.3657
2328.3022
2142.1599
2299.8386
2342.7876
2565.3855
2465.2041
1930.8833
1413.1007
2387.2996
2387.2974
2465.2065
1993.1699
2244.8733
2142.1599
2387.2996
2192.3677
2192.3677
2342.7854
2166.9849
2036.8600
2166.9849
2166.9849
2449.2329
2497.7522
2465.2019
2166.9849
2342.7854
6235.4414
2402.4998
2387.2974
2328.3022
2082.4128
2433.4617
2497.7498
2244.8713
2342.7854
2205.2705
2531.1367
2205.2705
2342.7854
2231.5208
2048.0691
2218.3232
2205.2705
2218.3232
2465.2041
2218.3213
2673.7070
2465.2041
2673.7100
2179.6047
2465.2041
2205.2705
2372.2832
2299.8386
2402.4973
2449.2354
2548.1492
2244.8733
2328.3000
1790.2638
2387.2974
2497.7522
2387.2974
2258.3757
2059.3962
2313.9854
2582.8503
2313.9854
2272.0366
2117.8728
2481.3745
2618.4678
2582.8477
1645.2543
2600.5376
2449.2329
2449.2354
1993.1699
2497.7522
2565.3855
2357.4446
2154.5042
2372.2810
2433.4641
2402.4973
2142.1599
2258.3777
2692.6226
2328.3000
2205.2705
2770.9363
3704.4817
2387.2974
2481.3770
2342.7876
2231.5208
2154.5042
2218.3232
2244.8733
3239.1394
2582.8477
2402.4973
2964.2834
2342.7876
2372.2810
2272.0386
2387.2974
2636.6375
2465.2019
2433.4641
2497.7498
2582.8503
2497.7498
2192.3657
2402.4998
2285.8564
2565.3855
2402.5020
2433.4617
2357.4446
2565.3882
2387.2996
2673.7100
2402.4973
2387.2974
2402.4973
2372.2810
2192.3657
2636.6348
2941.5239
2433.4641
2417.8843
2655.0461
2342.7854
2328.3000
2402.4998
2166.9868
2636.6348
3159.4065
2166.9849
1872.1967
2449.2354
2618.4678
2941.5239
2711.7976
2897.0076
2692.6226
2387.2974
2003.9225
2142.1599
2750.9519
2750.9490
2964.2834
2791.2090
2142.1599
2565.3855
2465.2041
2548.1492
2770.9392
2600.5403
2731.2410
2964.2869
2497.7498
2941.5273
2565.3855
2832.6191
2548.1492
2964.2869
2205.2705
2987.3862
2692.6252
2433.4663
2192.3677
2600.5403
2636.6348
2600.5403
2497.7522
2618.4705
3212.1277
2449.2378
2692.6226
2497.7498
2433.4641
2342.7898
2964.2834
2357.4468
2142.1599
2919.1001
2600.5403
2791.2090
2731.2380
2618.4705
2600.5403
2342.7854
2582.8477
2514.3367
2402.4973
2285.8564
2531.1343
2600.5403
2875.2297
2655.0461
2548.1467
2692.6226
2433.4617
2402.4973
2179.6047
2770.9392
2433.4617
2600.5430
2328.3000
2582.8503
2853.7693
2481.3745
2731.2410
3010.8435
2692.6226
2655.0461
2465.2041
2811.7668
2417.8843
2258.3757
2750.9519
2964.2869
2231.5208
2548.1492
2711.8005
3034.6526
3133.6685
2875.2297
2481.3770
2941.5273
2964.2834
2449.2329
2655.0461
3776.5056
2673.7100
2285.8564
2711.7976
2770.9363
2636.6375
2655.0488
2548.1492
2244.8713
2673.7070
2285.8564
2231.5208
1853.3813
2231.5208
2357.4446
2600.5403
2531.1318
2875.2297
2750.9519
2655.0461
2711.7976
2481.3745
2618.4678
2897.0044
2711.7976
2372.2810
2565.3855
2791.2061
2449.2378
2548.1492
2750.9519
2328.3000
2964.2869
2531.1343
2636.6375
3601.3157
2258.3757
2853.7725
2465.2019
2791.2090
2655.0461
2987.3862
2618.4678
4137.5317
2655.0461
2770.9363
2565.3855
2897.0076
2449.2329
2481.3745
2497.7522
2655.0461
2600.5403
2711.7976
2941.5273
2372.2810
2731.2410
2565.3855
2565.3855
2600.5403
2832.6191
3034.6563
2342.7854
2750.9519
2600.5430
2832.6191
2618.4678
2941.5273
3410.9141
2692.6226
2731.2410
1941.0055
3083.3889
3535.5994
2853.7693
2655.0461
3351.7268
2565.3855
2964.2869
2919.1033
2692.6226
2433.4617
2711.7976
2582.8503
2875.2329
2791.2090
2773.7168
2731.2410
2673.7070
2673.7070
2731.2410
2791.2061
2711.8005
2600.5403
2692.6226
2465.2019
2897.0044
2655.0461
4094.1311
2342.7854
2791.2061
2582.8477
2514.3367
2372.2810
2582.8477
2313.9854
2600.5403
2402.4973
2514.3367
3159.4065
2192.3657
2582.8503
2811.7639
8680.6729
3159.4065
2600.5403
2692.6226
2853.7693
2272.0366
2328.3000
3108.3298
2636.6375
2548.1492
2449.2378
2692.6226
2655.0461
2299.8406
2582.8503
2692.6226
3058.8328
2497.7498
2941.5273
3083.3889
2417.8843
2582.8477
2750.9490
2832.6191
2770.9363
2636.6375
2791.2061
2673.7100
2465.2019
2875.2329
2692.6226
2750.9519
3322.8708
3108.3298
2711.7976
2853.7693
2964.2869
2582.8477
2618.4705
2565.3855
2636.6348
2600.5430
2655.0461
2258.3757
2897.0044
2731.2410
2565.3855
2692.6226
2964.2834
2548.1492
2711.8005
2600.5403
2402.4973
2636.6375
2941.5273
2673.7070
2750.9490
2372.2810
2750.9519
2531.1343
3601.3206
3034.6526
2964.2834
3322.8667
2531.1343
2897.0044
2465.2019
2791.2061
2987.3862
2731.2380
2731.2410
2853.7725
2618.4705
2387.2974
2618.4678
2750.9490
2692.6226
2731.2380
2711.7976
3108.3298
2636.6348
2387.2974
2636.6375
2692.6226
2673.7070
2655.0461
2673.7100
2673.7070
2941.5239
2582.8477
2531.1367
2875.2297
2655.0461
2565.3855
2711.8005
2565.3855
3010.8398
2497.7522
3351.7268
2731.2410
2618.4678
2692.6252
2070.8452
3010.8398
2941.5239
2565.3882
2711.8005
3058.8364
3083.3926
2941.5239
2853.7693
2531.1343
6235.4556
2692.6226
2941.5239
2941.5239
2465.2065
2618.4678
3133.6646
3381.0645
2919.1033
2750.9490
2875.2329
3108.3298
2342.7854
1248.6526
2941.5273
3058.8328
2692.6226
2673.7070
2919.1001
2449.2354
2832.6162
3034.6563
3322.8750
2811.7639
2548.1492
2600.5403
3034.6526
2987.3862
2673.7100
2565.3882
2655.0461
2875.2297
3083.3889
2919.1001
2655.0461
3239.1394
2548.1492
2387.2974
2791.2090
3108.3298
2673.7070
2600.5430
2832.6191
2791.2090
2179.6047
3239.1394
2582.8477
2497.7522
3058.8364
2692.6226
2770.9363
3472.1667
2433.4617
2618.4678
2692.6226
2692.6226
2548.1492
2832.6162
2711.7976
2618.4678
3601.3206
2387.3020
2711.7976
2770.9363
2791.2090
2582.8477
2313.9875
2449.2354
2433.4641
2618.4705
2048.0708
3058.8364
2582.8477
2036.8600
2987.3862
2514.3367
2636.6375
2770.9392
2655.0461
2750.9490
2832.6162
2811.7639
2372.2810
2531.1343
2731.2380
2919.1001
2387.2974
2582.8477
2655.0461
1731.0986
2655.0461
2497.7522
2673.7100
2897.0044
3083.3926
2791.2090
2618.4678
2402.4973
3010.8398
2433.4663
2673.7070
2964.2834
2731.2410
2853.7725
2497.7522
2731.2380
2875.2297
3034.6526
1084.7712
2342.7854
2964.2869
2987.3862
2673.7070
1489.4492
2636.6348
2750.9519
2692.6252
2618.4678
2731.2410
2711.8005
2655.0461
2791.2061
2673.7070
2636.6375
2244.8733
3185.5537
2919.1001
2919.1001
2433.4663
2372.2810
2692.6226
2941.5239
2465.2065
5174.5854
3535.5947
2673.7070
2673.7070
3351.7268
2987.3862
2655.0488
2497.7498
2582.8503
2618.4678
2417.8843
2402.4973
2582.8477
2987.3896
3010.8435
2673.7070
2582.8503
2449.2354
2618.4678
2600.5403
2433.4617
2514.3367
2853.7693
2919.1001
2750.9519
2548.1492
2387.2996
2372.2810
2673.7100
2417.8843
2481.3770
2531.1367
2811.7639
2372.2810
2770.9363
3058.8328
3740.1587
2711.7976
2750.9519
2731.2380
2179.6047
2636.6375
3239.1394
3034.6563
2875.2297
2791.2061
2387.2974
2941.5273
2258.3757
2692.6226
2673.7070
3058.8364
2750.9490
2832.6162
2655.0461
2692.6226
3058.8364
2433.4617
2548.1492
2655.0461
3212.1277
2636.6348
2600.5403
2692.6252
3133.6646
2481.3721
2770.9363
2387.2996
4855.4438
2711.7976
2897.0044
2655.0461
2465.2065
2497.7498
2387.2974
2750.9490
2357.4468
2565.3882
7987.0542
2299.8386
2941.5273
2673.7070
2711.7976
2753.0908
2600.5403
2770.9392
2565.3855
2514.3342
2711.7976
3010.8398
2565.3855
2673.7070
2531.1343
6766.6094
2673.7070
2465.2065
2673.7070
2673.7070
2417.8843
2655.0461
2636.6375
2402.4973
2402.4973
2433.4617
2711.7976
2402.4973
2342.7854
2402.4973
2711.7976
2731.2410
2372.2810
2711.8005
2565.3882
2433.4617
2832.6162
2582.8477
2372.2832
2791.2061
2731.2410
2548.1492
3034.6563
2673.7100
2449.2354
2600.5403
2313.9854
2192.3677
2941.5273
2465.2041
2514.3367
2897.0044
2548.1492
2402.4998
2481.3770
2655.0461
2565.3855
2582.8477
3108.3298
2919.1001
2811.7639
2218.3213
2750.9519
2791.2061
2565.3855
2433.4641
2357.4468
2372.2810
2449.2354
2387.2974
2548.1492
2600.5403
2258.3757
2750.9519
2548.1492
2770.9392
2154.5042
2673.7070
2036.8600
2070.8435
2342.7854
2673.7070
2285.8564
2433.4617
2179.6064
2465.2041
2449.2354
2166.9868
2357.4468
2449.2329
2853.7693
2218.3232
2285.8564
3083.3926
2481.3745
2299.8406
2205.2705
2231.5227
2342.7854
2218.3213
2433.4641
2600.5403
2433.4617
2192.3657
1993.1699
2094.1079
2514.3367
2531.1343
2919.1001
2179.6047
2514.3342
2192.3657
2565.3855
2449.2354
2166.9849
2285.8586
1951.2306
2897.0076
2514.3342
2166.9849
2285.8586
2328.3022
2299.8386
2750.9490
2770.9363
2372.2832
2179.6064
2372.2810
2811.7639
2342.7854
2655.0488
2514.3367
2417.8867
2582.8503
2433.4617
2285.8586
2285.8564
1971.9880
2402.4973
2417.8867
2285.8564
2048.0691
2711.7976
2218.3213
2582.8477
2025.7657
1951.2275
2791.2061
2402.4973
2313.9854
1853.3813
2417.8843
2313.9854
2372.2810
2357.4468
2402.4998
2129.9502
2244.8733
2673.7100
2244.8713
1881.7408
2154.5042
2205.2705
2218.3213
2192.3657
2481.3745
1930.8818
5866.2393
2357.4446
2014.7910
2082.4128
2105.9255
2070.8435
2465.2019
1961.5570
2142.1599
2192.3657
2231.5208
2272.0386
2166.9849
2192.3677
1982.5251
2129.9502
2600.5376
2285.8564
2036.8600
2465.2041
2313.9854
2166.9849
2166.9849
2048.0691
2166.9868
2166.9849
1951.2306
2059.3962
2059.3979
1982.5251
2258.3757
2258.3757
2154.5042
2205.2705
1941.0070
2205.2705
2285.8564
2048.0691
1993.1683
2025.7690
2231.5227
2402.4998
1920.8596
1971.9880
2025.7690
2258.3757
2154.5059
2205.2705
2192.3657
2179.6047
2117.8728
1862.7439
2048.0691
1930.8833
2003.9257
2514.3367
1971.9880
2299.8406
2258.3777
2328.3000
2328.3022
2313.9875
2105.9272
3034.6563
1982.5251
1637.8478
1941.0040
2192.3657
2117.8728
1910.9359
1971.9880
2082.4146
2014.7910
2179.6047
2094.1062
2105.9272
2154.5059
1112.8431
2105.9255
2105.9255
1834.9218
1862.7439
2025.7675
2014.7910
1825.8221
932.4316
1930.8833
1872.1967
3410.9141
1853.3813
2192.3677
1781.5797
1790.2638
1971.9865
1853.3813
1764.4449
1881.7408
1731.0974
1872.1967
1825.8221
1971.9880
1891.3778
1834.9218
2070.8435
1630.5039
1951.2306
1920.8596
1691.0538
1901.1091
2070.8452
1706.8593
1807.8773
1910.9359
1825.8221
1862.7452
1862.7452
1941.0040
1930.8818
1465.1493
1706.8593
1698.9219
2003.9257
1747.6207
1862.7452
1910.9359
1951.2306
1799.0297
1714.8682
1799.0297
1971.9865
1993.1699
1683.2544
1755.9960
1844.1077
1731.0986
1772.9738
1941.0040
1951.2306
1441.5820
1691.0551
1816.8077
1781.5784
1691.0538
1872.1967
1691.0538
1844.1077
1755.9948
1691.0551
1781.5784
1844.1077
1844.1077
1781.5797
1691.0551
1872.1980
1844.1077
2129.9502
1608.8378
1807.8773
1920.8611
1587.7096
2070.8435
1691.0538
1930.8833
1714.8671
1623.2207
1630.5039
1698.9219
1714.8682
1489.4492
1540.3853
1781.5797
1675.5226
1630.5039
1816.8077
1594.6960
1601.7375
1514.5156
1608.8378
1660.2594
1615.9996
1587.7096
1560.3391
1508.1752
1004.8562
1453.2758
1527.3477
1706.8593
1573.9120
1489.4501
1501.8853
1514.5165
1477.2056
1675.5226
1573.9120
1567.0984
1540.3862
1483.3037
1424.3656
1594.6940
1533.8414
1816.8077
1380.2831
1489.4501
1601.7365
1441.5820
1683.2555
1567.0974
1573.9120
1430.0621
1471.1552
1514.5165
1418.7123
1447.4064
1495.6426
1418.7123
1424.3656
1560.3381
1380.2831
1418.7123
1402.0010
1489.4501
1299.3472
1489.4501
1402.0010
1304.1454
1333.6403
1520.9071
1441.5811
1385.6534
1413.1007
1189.2092
1424.3665
1580.7834
1385.6534
1501.8853
1441.5811
1343.7491
1338.6770
1333.6403
1364.4023
1385.6526
1294.5817
1318.7402
1369.6580
1328.6394
1218.2618
1343.7491
1304.1454
1294.5817
1424.3656
1354.0024
1354.0017
1483.3037
1299.3472
1385.6534
1262.1112
1299.3472
1257.5955
1248.6533
1308.9767
1193.2820
1231.1171
1218.2618
1495.6434
1385.6534
1304.1461
1201.5028
1226.8042
1177.1470
1189.2104
1275.8397
1157.5371
1222.5192
1131.0737
1226.8048
1173.1763
1142.2781
1142.2776
1177.1470
1098.6428
1201.5034
1157.5371
1193.2814
1218.2618
1239.8275
1226.8042
1142.2776
1098.6428
1095.1445
1095.1445
1153.6873
1084.7712
1116.4464
1098.6428
1064.5555
1153.6873
1064.5555
1061.2531
1116.4464
1054.7041
1081.3538
1095.1445
1081.3533
1057.9694
1102.1616
1045.0181
1102.1616
1064.5555
1084.7712
1088.2089
1077.9551
1088.2089
1077.9556
1004.8562
1071.2169
978.6637
1016.9101
1016.9105
919.5789
1041.8245
967.4171
964.6419
1023.0366
945.6130
929.8356
961.8812
959.1348
942.9499
942.9495
950.9800
899.6669
935.0416
890.0002
907.0423
897.2328
907.0423
875.8448
948.2900
855.3557
842.1671
887.6122
866.6309
853.1317
846.5225
827.2334
873.5253
833.5751
848.7154
848.7154
825.1386
857.5897
823.0530
775.6805
825.1386
831.4515
808.7150
796.7750
783.2353
812.7661
783.2353
790.9219
779.4417
871.2160
788.9875
739.7649
751.9954
719.5960
709.8705
717.9589
741.4908
713.0869
716.3284
714.7045
670.2632
750.2265
694.1644
685.0294
688.0508
703.5144
665.9411
664.5111
645.0381
643.6851
645.0381
626.5320
524.5841
664.5111
618.8795
645.0381
650.5001
631.7251
616.3644
523.6329
593.3201
592.1480
602.8399
596.8596
604.0482
577.2664
575.0336
608.9236
590.9801
573.9229
573.9229
581.7769
553.4891
582.9137
555.5816
578.3885
547.2914
571.7118
550.3754
531.3243
537.2187
540.2073
525.5382
523.6328
539.2080
506.9935
506.9935
468.2477
500.7602
497.2552
499.0025
481.9767
486.9820
490.3669
481.1510
477.8705
481.1508
467.4602
459.7042
460.4703
460.4703
458.9404
457.4187
451.4140
451.4139
445.5370
432.0694
424.5721
440.4967
437.6581
425.9194
429.3185
419.2508
422.5638
424.5721
412.1077
408.2938
413.3917
412.7490
402.6783
407.6636
401.4472
394.1855
387.7110
378.0325
387.7110
382.5388
368.1945
368.1946
371.9720
368.1946
349.1922
357.2168
365.0046
352.6681
349.6855
346.2551
338.1384
332.1278
333.5002
338.6076
328.5102
324.5122
325.3942
328.5103
321.8882
318.4394
309.6489
313.7884
319.2963
307.2048
310.8820
302.7989
300.4356
307.6101
293.1314
297.7132
283.5576
290.8799
277.1981
282.1259
279.6460
275.4688
268.7076
267.0550
261.2269
269.3727
265.0916
265.7437
262.1854
255.5810
250.4084
254.6571
248.6185
245.0931
243.0693
244.8025
240.7853
237.9727
234.1122
228.2206
230.0726
231.9455
230.8726
223.8085
214.8459
222.0260
216.7944
213.4002
211.7301
208.2108
205.4520
203.6401
204.3170
200.9621
199.8602
198.7664
192.9947
190.2945
192.3671
191.1200
186.6370
179.5916
186.4365
178.8301
180.7417
177.6956
171.4371
170.8985
169.8275
166.4911
166.6647
171.4372
164.2555
160.5565
160.3908
158.5821
155.0391
154.2473
152.2116
153.3037
152.2117
148.9912
146.4438
145.7045
143.2235
142.7909
141.3599
138.9655
137.0290
133.6480
134.7194
130.8816
128.8174
126.9155
124.9213
125.4166
121.5146
120.7980
119.1438
116.2506
116.5938
116.5937
114.1024
111.7772
108.9673
108.1177
108.1177
104.2765
103.9712
104.1746
100.3781
99.7915
96.6258
99.0148
94.7555
95.4993
91.8360
87.8754
89.7910
88.6544
89.3522
87.6171
83.9923
83.8271
81.5452
82.1914
80.5845
79.3978
77.9942
76.7649
76.1566
75.3270
73.2500
73.2500
71.7963
71.2933
70.3669
67.4411
66.3528
64.5479
64.6141
65.4120
61.4979
63.8894
61.9450
60.3596
59.1134
58.1914
57.4615
56.1406
55.6657
54.7247
54.0843
52.3644
51.5748
53.3342
51.1831
49.3633
48.0137
47.5337
46.3213
46.4259
45.5412
44.7694
44.2594
43.9045
43.6521
42.6016
41.7133
40.5943
39.9217
39.9217
38.6427
38.7836
38.6427
37.4790
36.4256
34.9420
35.5675
34.5430
33.5339
33.4904
32.6257
32.3685
32.0271
31.0133
30.9295
30.3876
30.0976
30.0976
29.1539
28.6669
28.5861
28.0633
27.0305
26.8337
26.3251
25.8979
25.3199
26.1694
24.6334
24.4818
24.1046
23.6922
23.0973
22.9864
22.5814
22.6549
21.6348
22.3617
21.5265
21.2027
20.4895
20.2066
19.5747
19.9952
19.4701
18.6394
18.8805
18.4335
17.3475
17.5496
17.7863
17.4148
17.1796
16.7120
16.1163
16.1163
15.6245
15.7553
14.8463
14.7497
15.1693
15.2017
14.2375
14.7497
13.9514
14.1738
13.8564
13.1329
13.2581
13.8880
13.4149
13.4149
12.2030
11.9269
12.2953
11.8964
11.8047
11.2579
11.8047
10.8664
11.4699
10.6566
10.7464
10.4179
10.3287
9.6492
9.9141
10.0027
9.7668
9.7080
9.0361
9.4441
9.5905
9.4734
9.1233
8.8911
8.7466
8.9491
7.8586
8.0294
8.2006
7.9724
7.9724
8.1435
7.7168
7.9155
7.5470
7.1530
7.4342
7.8870
7.0130
6.7898
6.6785
6.7063
6.9571
6.5397
7.5753
7.3778
7.3778
7.0410
7.7168
8.0294
8.5160
8.0864
9.2980
9.5905
9.4441
10.2099
9.3272
10.5969
9.7374
10.9865
11.3184
11.7742
11.8964
12.4494
13.0392
13.4149
13.1017
14.3332
14.5571
14.7176
15.0722
15.1693
16.2152
16.7453
17.3475
17.9559
18.2283
19.0879
20.2066
19.7496
20.5604
21.2745
21.2745
22.9864
23.5057
23.4312
24.6334
25.6661
24.3684
26.7945
27.2673
28.3041
29.6856
29.0318
30.6372
31.3916
33.1432
33.0567
34.4988
35.8373
36.4711
37.8029
38.7836
39.6831
40.2572
42.0575
43.5011
44.6160
45.2315
46.4259
47.6934
47.4806
49.3633
52.3644
52.4778
53.1622
55.1350
55.6066
57.5826
58.0083
60.2968
61.4979
64.4158
65.1452
67.1677
67.9906
70.2960
71.6523
72.3023
74.4308
74.8031
76.0052
79.8706
81.8677
81.3041
84.3236
86.6763
87.8754
87.7892
93.9254
93.5588
94.9409
98.4361
98.1481
100.2801
101.2645
103.9712
104.1746
108.5417
110.9046
114.4387
117.5141
117.0530
118.9095
122.1154
125.2926
127.9259
129.0734
131.0118
131.9277
136.7550
137.3038
141.3599
141.7875
144.5307
145.8520
149.9029
154.2473
154.8803
156.9595
158.4189
161.2213
168.7649
169.2952
171.9780
171.4371
177.5074
180.3573
183.4623
186.6370
189.6785
191.7422
192.9947
197.4642
197.4642
199.6408
206.1370
205.4520
208.6754
211.0198
201.6272
219.0155
219.2643
223.2972
227.1717
227.4333
228.7476
236.5837
236.8606
241.9235
246.5533
246.8468
250.4084
251.6119
254.9645
261.2270
259.3251
264.4417
265.0916
280.3513
274.7816
281.7696
286.4534
284.2774
300.8276
296.5577
305.1902
310.8820
307.6102
296.1741
310.8820
318.8674
321.8882
324.0726
331.6723
333.5002
334.8813
347.2299
349.6856
344.8010
361.8578
368.1945
367.6599
372.5165
375.8107
373.6095
384.8239
397.1855
395.3811
399.6118
395.9811
403.2961
410.8300
413.3917
422.5638
421.2335
419.2508
419.2508
432.7617
446.9945
422.5638
463.5556
460.4703
457.4186
459.7043
457.4186
459.7042
432.0694
468.2477
462.7810
491.2193
494.6535
503.4159
491.2193
527.4551
507.8948
505.1993
528.4179
529.3839
516.1265
528.4180
538.2118
529.3837
551.4102
524.5840
569.5154
550.3754
549.3442
558.7452
561.9399
578.3885
570.6118
590.9801
592.1482
590.9801
589.8163
630.4200
586.3475
602.8399
604.0483
577.2664
620.1437
570.6118
633.0352
633.0347
643.6851
634.3495
646.3961
656.0423
643.6851
663.0865
661.6674
670.2632
656.0423
685.0296
689.5703
667.3764
706.6801
671.7148
694.1642
738.0463
694.1642
700.3735
726.2104
714.7043
719.5960
714.7043
738.0463
766.4167
746.7103
741.4905
775.6805
773.8119
768.2538
719.5960
775.6805
773.8119
775.6805
800.7197
794.8152
844.3398
846.5225
844.3398
853.1320
827.2331
853.1317
792.8641
833.5747
904.5719
859.8339
808.7147
864.3546
871.2160
1001.8833
864.3549
914.5266
885.2364
887.6125
912.0194
902.1135
927.2519
948.2896
924.6815
927.2515
878.1758
904.5715
917.0467
1013.8720
948.2900
975.8303
948.2896
929.8356
927.2519
892.3990
995.9852
975.8299
837.8509
990.1498
1061.2531
1074.5764
1013.8720
967.4171
1013.8720
1054.7041
953.6843
987.2554
1026.1245
1032.3524
1084.7717
1007.8452
1048.2281
1061.2535
1131.0742
1127.3844
1102.1616
1138.5209
1131.0737
1098.6428
1038.6505
1153.6877
1253.1090
1127.3839
1146.0576
1088.2089
1138.5209
1169.2301
1088.2089
1231.1171
1131.0737
1201.5034
1116.4459
1308.9767
1127.3844
1142.2776
1173.1769
1201.5028
1157.5371
1280.4778
1374.9514
1294.5817
1218.2618
1226.8042
1235.4581
1343.7499
1226.8048
1226.8042
1289.8484
1333.6403
1338.6770
1253.1090
1218.2618
1374.9498
1323.6719
1391.0630
1318.7395
1359.1842
1294.5817
1354.0024
1396.5120
1275.8403
1374.9514
1354.0024
1289.8484
1407.5304
1343.7499
1134.7864
1580.7825
1615.9985
1489.4501
1477.2056
1514.5165
1266.6564
1520.9061
1385.6534
1338.6770
1391.0637
1573.9120
1501.8843
1369.6564
1424.3656
1374.9514
1722.9473
1244.2262
1465.1493
1714.8682
1239.8275
1483.3037
1533.8414
1567.0974
1374.9506
1380.2831
1540.3853
1453.2758
1520.9061
1580.7834
1623.2196
1683.2544
1533.8405
1514.5156
1615.9985
1369.6580
1459.1899
1453.2766
1615.9996
1567.0974
1465.1501
1520.9061
1343.7499
1483.3037
1533.8405
1594.6960
1587.7096
1533.8405
1580.7825
1527.3485
1594.6940
1459.1899
1683.2544
1807.8773
1299.3472
1567.0984
1799.0310
1961.5570
1567.0974
1772.9738
1601.7375
1587.7096
1520.9061
1698.9219
1573.9120
1799.0297
1380.2822
1667.8574
1982.5251
1540.3853
1755.9960
1722.9460
1714.8682
1714.8671
1772.9725
1573.9120
1731.0974
1594.6940
1477.2056
1731.0974
1205.6525
1630.5039
1706.8593
1489.4492
1722.9460
1637.8478
1675.5226
1683.2544
1706.8593
1834.9231
1971.9880
1731.0974
1941.0070
1799.0297
1755.9948
1844.1077
1714.8671
1675.5237
1623.2207
1667.8574
1982.5251
1790.2638
1891.3793
1816.8077
1993.1699
1790.2638
1781.5784
2014.7910
1951.2290
1881.7422
1993.1699
1971.9865
1731.0986
1714.8682
1105.7012
1807.8773
1637.8478
1580.7825
1790.2638
1853.3813
1930.8833
2003.9241
2003.9225
1910.9374
2048.0691
1920.8611
1834.9218
2025.7675
1971.9865
2272.0386
1891.3793
1920.8596
1799.0297
1739.3232
2166.9849
1920.8596
1853.3827
2711.8005
1941.0040
1747.6207
1891.3793
2129.9502
1891.3793
1853.3827
1872.1967
2244.8733
1881.7422
2082.4146
1982.5251
1961.5555
1961.5570
2048.0691
2082.4146
2070.8452
2272.0366
1961.5570
1872.1967
2258.3757
1993.1699
1951.2306
2036.8617
1930.8818
2003.9241
2059.3962
2497.7498
2105.9255
2025.7690
2059.3962
4681.8384
1853.3827
2059.3979
1881.7408
2048.0708
3083.3926
1951.2306
1993.1699
2036.8617
1862.7439
2059.3979
1872.1980
1982.5236
1951.2290
1844.1091
2218.3232
1825.8221
1930.8833
2179.6047
1862.7452
6138.9185
2205.2705
2285.8586
2342.7854
1799.0297
2357.4468
2142.1619
1941.0055
1930.8818
2014.7893
1920.8596
2218.3232
2003.9241
2105.9255
1951.2306
2129.9521
2129.9502
1982.5251
2192.3677
2154.5042
1961.5570
2082.4128
2082.4146
2166.9849
2285.8586
2142.1619
2094.1062
2036.8600
2154.5042
2258.3757
1993.1699
2218.3232
1333.6403
2402.4973
2082.4128
2328.3000
2059.3962
2565.3855
2218.3213
2059.3979
2036.8600
2014.7893
2205.2705
2258.3757
2465.2041
2179.6047
2342.7854
2179.6047
2105.9272
2105.9272
2166.9849
2205.2722
2231.5208
2059.3962
2402.4973
2154.5042
2117.8728
1982.5251
2231.5208
2070.8435
2875.2297
2258.3777
2565.3831
2285.8586
2025.7657
2142.1599
2003.9257
2258.3777
2531.1343
2192.3657
2387.2996
2117.8728
2070.8435
2117.8728
2372.2810
2179.6047
2154.5059
1920.8611
2372.2832
2692.6252
2299.8406
1527.3485
2328.3000
2328.3000
2179.6047
2481.3770
2387.2974
2565.3855
8680.7012
2433.4617
2059.3962
2402.4973
2142.1619
2218.3213
2582.8477
2166.9849
1354.0017
2231.5208
2244.8733
2179.6047
2205.2705
2402.4998
2357.4468
2218.3213
2342.7854
2272.0366
2285.8586
1825.8221
2357.4446
2070.8435
2328.3022
2337.5615
2231.5227
2328.3000
2117.8728
2154.5042
2059.3962
2342.7854
2433.4663
2514.3367
2328.3000
2565.3882
1573.9120
2192.3677
2299.8406
2531.1367
2514.3342
2205.2705
2386.5215
2449.2329
2655.0461
2531.1318
2565.3855
2372.2810
2582.8477
2179.6047
1930.8833
2582.8477
2272.0366
2192.3657
2313.9854
2218.3232
2218.3232
3010.8435
2231.5208
2192.3657
2154.5042
2272.0366
2481.3745
2433.4641
2417.8867
2565.3855
5107.5200
2514.3367
2402.4973
2497.7522
2600.5403
2600.5403
2655.0488
2402.4973
2449.2354
2791.2061
2299.8386
2481.3721
2565.3882
2272.0366
2449.2354
2497.7522
2565.3855
2514.3367
2832.6162
2692.6226
2636.6375
2636.6375
2497.7498
2449.2329
2600.5430
2465.2019
2166.9868
2514.3367
2387.2974
2402.4973
2919.1001
2357.4446
2433.4617
2142.1599
2636.6348
2711.7976
2179.6064
2328.3000
2357.4468
2531.1343
2433.4641
2481.3745
2449.2329
2258.3777
2481.3770
2811.7668
2142.1619
2582.8477
3034.6526
2166.9849
2465.2065
2372.2810
2179.6064
2372.2810
2272.0366
2636.6375
2497.7522
2218.3213
2481.3770
2402.4973
2129.9502
2548.1492
2531.1367
2166.9849
2481.3770
2387.2974
2342.7876
2402.4998
2514.3367
2770.9392
2402.4973
2387.2974
2313.9875
2582.8477
2372.2810
3010.8435
2433.4641
2313.9854
3635.0754
2655.0461
2655.0461
2449.2354
2417.8843
2497.7522
2357.4446
2692.6226
2514.3367
2711.7976
2692.6226
2313.9875
2342.7876
2514.3367
2618.4705
2357.4446
2636.6348
2465.2041
2692.6226
2402.4998
3212.1318
2299.8386
2655.0461
2387.2996
2192.3677
2372.2854
2465.2041
2731.2380
2531.1367
2618.4705
2531.1343
2497.7522
2919.1001
2731.2380
2433.4641
2770.9392
2449.2354
2618.4705
2692.6226
2285.8564
2811.7639
2531.1343
2449.2354
2548.1516
2231.5227
2117.8728
2692.6226
2433.4663
2465.2041
2600.5430
2272.0366
2357.4446
2692.6252
2618.4678
2636.6348
2655.0461
2731.2410
2673.7070
2402.4973
2514.3342
2565.3855
2791.2090
2497.7522
3601.3157
2565.3855
2481.3770
3381.0688
2357.4446
2636.6348
2750.9490
2387.2974
2166.9849
2244.8713
2449.2378
2179.6047
2897.0044
2770.9363
3503.6062
2636.6348
2711.7976
3322.8667
899.6672
3058.8328
2313.9854
2433.4641
3058.8364
3010.8398
2875.2329
2372.2810
2531.1318
2565.3882
2731.2410
2328.3000
3159.4065
3929.0742
2179.6047
2449.2354
2711.7976
2731.2410
2618.4678
2328.3000
2964.2834
2618.4678
2636.6348
2548.1492
2372.2810
2655.0461
3058.8364
2987.3862
3108.3335
2791.2090
2655.0488
2402.4973
2497.7498
3133.6685
2987.3896
2731.2410
2636.6348
2342.7854
3034.6563
2636.6348
2853.7693
2655.0461
2531.1343
2531.1343
2497.7522
2791.2090
2655.0461
2548.1492
2481.3770
2548.1492
2417.8867
4626.6445
3010.8435
2711.7976
2655.0461
2731.2380
2402.4973
2673.7070
2342.7854
2853.7693
2636.6348
2711.7976
3108.3335
2987.3862
2636.6348
3083.3889
2465.2019
2673.7070
2673.7070
2497.7522
2853.7693
3351.7224
2673.7070
2811.7668
2731.2380
3410.9141
2636.6348
2582.8477
2636.6375
2832.6162
2897.0044
2791.2061
2618.4678
3058.8328
3239.1353
2618.4705
2514.3367
3185.5576
2481.3770
2582.8477
2285.8586
2465.2019
2494.6992
2514.3367
2582.8477
2531.1343
2750.9519
2285.8564
2811.7639
2465.2041
2565.3855
2673.7100
2750.9490
2711.8005
2313.9854
2832.6162
3381.0645
2673.7070
3410.9097
2832.6162
2987.3862
2372.2810
2514.3367
2853.7693
2711.7976
2750.9519
3010.8398
2673.7070
3010.8435
2481.3770
2465.2065
2582.8477
3159.4065
2636.6348
2875.2297
2531.1343
2832.6191
2655.0461
2655.0461
2964.2834
2673.7070
2582.8477
2987.3862
3108.3335
2387.2974
2750.9519
2875.2297
2465.2065
2897.0044
2987.3896
3266.5908
2811.7668
2142.1619
2791.2061
2618.4678
2731.2410
2636.6375
2832.6191
2465.2065
2548.1492
2655.0461
2811.7668
2711.8005
2514.3342
2791.2061
2791.2090
2897.0076
3010.8435
2179.6047
2791.2061
2791.2061
2750.9490
2342.7854
2731.2380
2811.7639
2853.7693
2897.0076
2514.3367
2770.9363
2618.4678
2791.2061
2731.2380
3083.3889
3010.8398
3212.1277
2673.7070
2565.3855
2731.2410
3740.1533
2750.9490
2711.8005
2711.8005
3212.1318
3034.6563
3083.3889
2636.6348
2750.9519
2582.8477
2514.3342
4796.1855
2770.9392
3010.8398
2875.2329
2692.6252
2853.7725
3058.8328
2465.2041
2582.8477
3083.3926
3239.1394
2618.4678
2832.6191
2811.7639
3010.8398
2481.3745
2465.2065
2875.2297
2731.2410
2582.8477
2205.2722
2192.3657
3108.3298
2853.7693
2618.4678
2402.4973
2791.2061
2531.1343
2791.2061
2655.0461
2941.5273
2465.2019
2692.6226
2636.6375
2832.6162
2655.0461
2655.0461
3266.5869
3351.7224
2692.6226
2964.2834
2531.1367
2565.3855
2875.2297
3083.3926
2465.2065
2770.9363
2481.3770
2770.9363
2600.5403
2750.9490
2618.4678
2711.7976
3266.5908
2811.7668
2655.0461
2731.2410
4051.6165
2731.2380
2582.8477
2342.7854
3381.0645
4855.4438
2791.2061
2582.8477
2582.8477
2582.8477
2832.6191
2357.4446
2433.4663
2565.3855
2636.6348
2750.9490
2987.3896
2600.5403
2692.6252
2750.9519
2875.2329
2964.2834
2731.2380
2692.6226
3133.6685
2750.9490
2531.1343
2565.3882
2875.2297
2750.9519
2770.9392
2811.7668
2919.1001
2770.9363
2433.4617
2811.7668
3034.6526
2692.6226
2531.1318
2433.4663
2832.6162
2636.6348
2285.8564
2731.2410
3185.5576
2313.9875
2750.9490
2832.6162
2618.4678
2618.4678
2987.3862
2770.9392
2673.7070
1747.6219
2636.6348
2941.5239
2987.3862
2711.7976
2618.4678
2548.1492
3034.6526
2811.7639
2897.0044
3322.8667
2372.2810
2514.3367
2636.6375
2154.5042
2565.3855
2770.9392
3410.9141
2919.1001
2514.3367
3472.1714
3351.7180
2481.3770
2582.8477
2481.3770
2853.7725
3159.4065
2372.2854
2357.4446
2402.4973
4681.8384
2372.2810
2531.1343
2548.1492
2565.3855
3410.9097
2636.6348
2565.3855
2417.8889
2811.7668
2919.1033
2600.5403
2313.9875
2465.1777
2618.4678
2655.0461
2673.7070
2750.9490
2514.3342
2750.9490
2655.0461
3322.8750
2964.2834
2731.2380
2618.4705
2770.9392
2750.9490
2673.7070
2531.1343
2582.8477
2565.3855
3776.5056
1881.7408
2750.9519
2636.6348
3108.3335
2987.3896
2673.7100
2531.1343
2692.6226
2655.0461
2449.2378
2328.3000
2402.4973
2285.8586
2565.3855
2673.7070
2770.9392
2731.2380
2919.1001
2673.7070
2514.3367
2673.7100
2342.7876
2511.5938
2192.3657
2582.8477
2387.2974
2299.8406
2811.7639
2711.7976
2964.2834
2692.6252
2600.5430
2548.1492
2387.2974
2711.7976
2673.7070
2481.3770
2548.1492
2692.6226
2465.2065
2750.9519
2387.2974
2497.7522
2711.8005
2548.1492
2711.7976
2655.0461
2449.2329
2964.2869
2811.7639
2673.7070
2497.7498
2791.2090
2919.1001
2433.4617
2402.4998
2791.2061
2497.7522
2514.3342
2600.5430
2059.3962
2342.7854
2465.2019
2731.2410
2655.0461
2832.6162
2692.6226
2481.3745
2582.8477
2497.7522
2548.1492
7004.8989
2402.5020
2449.2329
2941.5273
2313.9854
2497.7522
2582.8477
2636.6348
2853.7693
2142.1599
2244.8713
2481.3770
2731.2410
2497.7522
2655.0461
2481.3770
2497.7498
2655.0461
2342.7854
2531.1343
2313.9875
2205.2705
2531.1367
2372.2832
2218.3213
2449.2354
2481.3770
2548.1492
2357.4468
2964.2834
2313.9854
2600.5403
3669.4617
2481.3770
2342.7854
2313.9854
2811.7639
2342.7854
2548.1492
2655.0488
2514.3367
2272.0386
2192.3657
2357.4468
1951.2306
2497.7498
2731.2410
2465.2065
2481.3745
2731.2410
2465.2019
2548.1516
2791.2061
2655.0461
2417.8843
2692.6252
2218.3232
2481.3770
2449.2329
2433.4663
3969.0979
2433.4617
2853.7693
2565.3855
3034.6563
2565.3882
2449.2354
2811.7668
2299.8386
2387.2974
2565.3855
2129.9502
2166.9868
2372.2810
2514.3367
2342.7854
2387.2974
2258.3757
2449.2354
2328.3000
2514.3367
2372.2810
2357.4446
2731.2410
2258.3757
2313.9854
2618.4678
2449.2329
2600.5430
2565.3882
2514.3367
2531.1318
1691.0538
2433.4617
2791.2090
2272.0366
2258.3757
2600.5403
2941.5239
2387.2974
2142.1599
2449.2354
2433.4641
2179.6047
2791.2061
2582.8503
2433.4617
2531.1343
2342.7854
2272.0366
2548.1492
2244.8733
2791.2090
2372.2810
2129.9502
2731.2410
2465.2019
2244.8713
3410.9141
2342.7854
2258.3757
2548.1492
2231.5208
2166.9849
2218.3213
2244.8713
2192.3657
2313.9875
2179.6047
2218.3232
2692.6252
2154.5042
2154.5042
2179.6047
2548.1492
2231.5208
2218.3232
2514.3342
2142.1599
2328.3000
2433.4617
2285.8564
2258.3757
2258.3757
2231.5208
2342.7854
2449.2329
2244.8733
2129.9502
2402.4973
2481.3745
2179.6047
2231.5208
2417.8867
2218.3232
2129.9502
2531.1367
2231.5208
2600.5403
2179.6047
2285.8586
2417.8843
2117.8728
2048.0708
2372.2810
2105.9272
2231.5208
2372.2832
2244.8733
2166.9849
2357.4468
2048.0708
2205.2722
1637.8467
2218.3213
2372.2810
1881.7408
2565.3882
2313.9875
2117.8728
2192.3657
2582.8477
1982.5251
2173.0937
2179.6047
2244.8713
2142.1599
2117.8728
1910.9359
1951.2306
2258.3757
2166.9849
2179.6047
2070.8435
2142.1619
2082.4146
2059.3962
2218.3213
2059.3962
1844.1077
2025.7675
1834.9218
1799.0297
1514.5156
1722.9460
2117.8728
2036.8600
1971.9880
2003.9241
2258.3757
2231.5208
2059.3962
2231.5208
2059.3979
2059.3962
2025.7675
2231.5208
2179.6047
1993.1699
1881.7422
2003.9225
2025.7675
1901.1105
1971.9880
2129.9502
2166.9849
1920.8596
1993.1699
2048.0691
2244.8713
1872.1967
2154.5059
1910.9359
2036.8600
2117.8745
1941.0070
1941.0040
2059.3979
1881.7422
2094.1079
1971.9865
1961.5570
1971.9865
2673.7070
2129.9521
1982.5251
1731.0974
1941.0040
2070.8452
1834.9218
1982.5251
1930.8833
2094.1062
2105.9272
2328.3000
1816.8091
1993.1699
1683.2544
1971.9865
2129.9521
2154.5059
1971.9865
1844.1077
1747.6207
1772.9725
2048.0691
1982.5251
1910.9359
2003.9241
1807.8773
1862.7452
1862.7439
1807.8785
2003.9241
1920.8596
1891.3793
1807.8773
1901.1091
1698.9219
1941.0040
1834.9218
1807.8773
1834.9218
1698.9219
1862.7439
1816.8091
1993.1699
1844.1077
1781.5784
1722.9473
2003.9257
2094.1062
2105.9255
1816.8077
1825.8221
3669.4565
1881.7408
1872.1980
1834.9218
1844.1077
1872.1980
1781.5784
1560.3381
1698.9219
1807.8773
1660.2583
1755.9960
1623.2218
1872.1980
1540.3853
1853.3813
1747.6207
1982.5236
1560.3391
1971.9880
1698.9219
1807.8773
1891.3778
1465.1493
1645.2543
1825.8221
1764.4449
1781.5784
1872.1980
1872.1980
1567.0984
1608.8389
1546.9836
1477.2056
2014.7893
1645.2543
1601.7386
1910.9359
1567.0984
1630.5017
1573.9120
1881.7408
1601.7386
1489.4492
1560.3381
1540.3853
1739.3232
1385.6534
1520.9081
1573.9120
1189.2098
1471.1543
1567.0974
1755.9960
1489.4492
1567.0974
1790.2650
1587.7096
1435.7996
1435.7996
1489.4492
1601.7365
1465.1493
1540.3862
1553.6334
1594.6940
1587.7106
1380.2831
1380.2822
1844.1091
1465.1501
1573.9120
1495.6434
1343.7507
1630.5028
1527.3477
1244.2256
1413.1014
1731.0974
1285.1479
1667.8574
1380.2831
1630.5028
1514.5156
1580.7825
1637.8467
1483.3037
1418.7123
1533.8414
1501.8843
1540.3853
1318.7395
1471.1543
1489.4492
1385.6534
1313.8412
1465.1493
1343.7499
1328.6387
1348.8580
1441.5811
1280.4778
1364.4023
1313.8419
1483.3037
1369.6580
1407.5313
1218.2618
1275.8403
1407.5295
1262.1105
1226.8042
1222.5192
1359.1835
1328.6387
1338.6770
1253.1090
1294.5817
1262.1112
1313.8419
1308.9774
1308.9767
1285.1479
1222.5192
1205.6525
1280.4778
1391.0621
1280.4785
1280.4778
1253.1096
1294.5817
1226.8042
1218.2618
1343.7491
1177.1476
1189.2098
1294.5824
1149.8607
1244.2256
1193.2820
1181.1426
1235.4581
1205.6519
1161.4114
1222.5192
1193.2820
1102.1616
1123.7167
1127.3844
1138.5204
1214.0323
1209.8293
1181.1432
1157.5371
1109.2616
1105.7012
1102.1616
993.0602
1123.7167
1098.6428
1105.7012
1081.3533
1067.8767
1134.7858
1074.5769
1098.6433
1231.1171
1091.6666
1131.0737
1077.9551
1173.1763
1116.4464
1165.3090
1038.6505
1035.4923
984.3763
1035.4932
894.8098
987.2554
1004.8562
1032.3524
1084.7712
1023.0366
1019.9648
1064.5560
1019.9648
647.7590
961.8812
984.3763
973.0113
975.8299
1235.4587
970.2067
909.5245
1095.1445
1001.8837
626.5320
882.8717
978.6637
833.5754
899.6669
864.3546
902.1135
940.3008
927.2519
1226.8042
902.1135
868.9180
904.5715
864.3549
887.6122
907.0423
892.3990
961.8812
840.0043
873.5249
878.1761
837.8516
855.3557
814.8051
802.7053
875.8452
857.5894
842.1671
818.9103
818.9103
804.6996
831.4515
773.8119
746.7103
777.5570
751.9954
587.4999
746.7103
741.4905
709.8705
739.7651
743.2233
716.3284
736.3348
721.2399
736.3350
705.0939
691.0958
713.0869
671.7148
717.9589
674.6344
691.0956
647.7590
676.1025
650.4999
658.8445
635.6689
645.0381
679.0557
636.9927
630.4197
634.3497
599.2394
657.4409
626.5320
629.1194
611.3865
594.4961
613.8670
602.8398
598.0474
585.1990
586.3478
569.5154
569.5154
596.8596
577.2664
551.4100
556.6327
523.6328
539.2081
554.5336
524.5841
529.3837
523.6328
564.0866
504.3062
521.7393
501.6427
528.4180
518.9200
492.0741
476.2441
498.1276
506.0951
467.4602
487.8246
477.0563
473.8217
496.3854
465.1109
474.6269
486.9821
466.6750
457.4186
457.4187
452.1575
444.0875
445.5370
381.9709
439.7842
441.2111
441.2112
442.6453
441.2111
427.9536
419.2508
429.3184
421.2335
432.7617
417.9372
422.5638
387.7112
395.3811
394.7826
403.9154
381.9709
380.2751
374.1579
373.0624
374.1579
380.2751
377.4752
375.8106
369.2677
363.9509
352.1683
352.6681
340.4948
346.7419
350.1799
357.7279
342.3983
346.7419
340.9692
334.4200
337.6700
331.2178
330.3114
317.5861
326.2799
319.7260
321.0206
318.4394
310.0592
297.3272
301.6138
293.8877
301.6138
273.7554
293.1314
278.9434
288.6540
283.9172
269.7062
274.0968
275.1249
271.3827
267.3843
269.3727
263.1490
260.5908
264.4418
260.5908
252.5199
253.7380
255.2725
249.5112
249.5112
239.9366
244.2229
233.8398
241.0691
235.4808
236.0313
229.5413
225.8699
226.1295
224.5785
223.0422
219.0156
215.0881
214.1214
212.6822
209.8432
206.5954
207.5164
204.9970
202.5185
198.7663
203.1904
195.3190
195.5321
192.7852
187.8459
186.4365
184.2494
184.0522
180.5493
180.7417
175.4540
173.4308
172.5210
168.9414
166.8385
167.3611
167.0125
165.4547
163.5752
159.8950
161.0548
155.5165
155.6760
150.0555
150.8213
151.4373
146.4438
145.2630
144.5307
143.6577
143.6577
141.7875
139.1050
137.7170
134.5849
134.0486
131.7964
129.7159
129.9740
126.5389
124.7979
123.5706
122.2359
119.7317
119.3786
116.0224
119.4962
115.0017
115.1146
109.2877
110.2549
108.3295
101.1656
104.7872
105.3006
102.2586
100.3781
99.4024
98.2440
97.2889
95.4993
94.2013
91.5667
91.4771
90.7636
89.2647
88.3074
85.9980
85.9136
79.3978
92.1059
81.5452
81.0636
78.3042
77.7624
76.6124
75.8540
71.3650
73.0304
72.0128
71.0072
69.5907
68.5437
67.3726
65.9483
65.0121
65.0121
63.8238
61.8810
61.0533
60.5482
59.8588
58.4362
57.1593
56.1406
56.8583
54.6079
53.6219
52.8763
53.2195
51.8558
49.8553
50.5716
50.4610
48.3354
47.6401
46.1124
46.0082
44.9231
44.5140
43.2000
43.4508
42.3538
42.3043
41.2246
41.0301
40.1612
38.8778
38.5957
37.3868
37.1108
36.7902
36.2440
36.0178
35.2987
35.0310
34.3223
34.1024
32.4970
32.3685
31.9845
31.4338
31.4338
30.3046
29.5625
29.0725
29.3988
28.6265
28.9099
27.3069
26.7160
26.2083
26.4812
24.9376
25.3199
24.6334
23.9919
23.8044
24.3684
23.9919
23.4685
22.3982
22.4714
21.8157
21.6348
21.1310
21.0236
20.4895
20.5250
19.4701
19.8197
19.0533
18.9495
18.6050
18.3650
18.3308
18.5707
18.1260
17.5159
17.5496
17.1125
17.5833
16.8452
16.0176
16.0505
14.9107
14.0466
14.7497
15.7553
14.3332
14.2694
14.0784
13.9197
13.5092
13.6983
13.2894
12.7901
13.1329
12.8834
12.6350
12.7280
11.8658
12.1108
12.0801
11.5003
11.5914
10.3882
10.6566
11.1975
10.6267
11.3790
10.2099
10.6267
10.8064
9.9141
10.0914
9.7374
10.2693
9.6199
9.5319
9.1524
9.2980
8.8043
8.8622
8.6600
8.3438
8.7466
8.3724
8.2006
8.3438
7.7451
8.2865
7.8302
8.0864
7.5470
8.0579
7.8586
7.2934
7.6318
6.6507
7.1811
6.5952
6.7341
6.9851
6.9292
6.8734
6.5397
6.4566
