19.3356
20.4235
20.9928
21.6036
23.3620
21.9657
24.4870
25.0573
25.9806
27.4312
28.3096
29.7323
30.8516
30.8098
33.3659
34.1963
35.7084
36.8878
37.4853
37.4392
40.5044
41.3775
43.0568
43.5080
45.4449
46.8005
48.0210
51.6948
51.1907
53.0555
54.6742
56.6265
58.5059
59.7425
62.0178
62.7907
64.7556
67.3820
68.9705
71.6621
72.7484
74.5152
76.6228
78.3925
80.1980
88.7532
84.7507
87.0290
88.7532
90.6868
92.4794
94.7681
97.9695
99.1247
101.3769
103.8835
105.8306
110.3776
110.8108
112.8932
115.3563
119.3946
121.2915
123.3433
128.5794
129.7335
133.1341
135.2772
136.5002
139.6839
141.8069
144.5506
146.1677
150.2292
153.4819
157.6282
161.4108
161.5778
163.5983
166.5148
170.2079
174.0047
176.2226
177.9097
183.0972
182.7062
186.6644
186.6643
195.1351
199.8901
201.8798
202.7727
208.2424
202.9967
217.5649
217.8114
228.7836
224.3564
236.6215
237.1758
238.5696
240.2576
247.4756
248.0663
252.5613
250.1497
257.4858
265.4619
267.7594
275.8605
277.2455
276.8983
278.2911
290.5579
290.1858
298.5402
294.3188
306.0486
307.6656
313.8454
317.2186
322.3827
325.4545
334.0222
327.6763
339.6135
328.1234
356.2674
357.2864
351.2397
364.0227
362.9734
373.6842
372.0461
375.8860
387.7904
380.3519
399.0859
400.3055
397.2677
404.0000
415.4186
426.6881
418.0266
428.0464
435.6441
441.3087
453.7525
455.2541
440.5941
459.8086
489.6328
473.9314
468.3554
483.7491
484.5825
489.6328
502.6491
494.7712
520.9249
534.3918
538.3478
528.5494
551.5514
534.3918
534.3918
554.6763
547.4309
572.9664
605.4264
500.8804
567.4816
567.4816
581.9319
621.5858
619.0517
616.5353
638.5033
639.8375
624.1380
647.9453
637.1739
639.8375
661.8602
647.9453
728.1094
660.4457
667.5726
710.0891
692.8366
713.3069
710.0891
695.9185
733.1637
774.0663
741.7264
754.0146
802.9767
817.1331
743.4607
764.8365
768.5046
795.0819
783.4952
833.8657
869.2308
860.1408
862.3973
895.1396
869.2308
862.3969
862.3973
869.2308
907.3806
869.2308
892.7271
954.0542
943.3123
899.9998
965.0196
976.2155
907.3802
935.3985
943.3120
907.3802
1039.0825
1032.7805
1088.6793
1051.8990
1020.3836
1029.6556
996.3854
1085.2389
1075.0360
981.9022
1236.0524
1113.3333
1008.2542
1120.5662
1173.7175
1173.7175
1116.9390
1165.8430
1127.8859
1210.4004
1202.0671
1120.5662
1146.5756
1181.6907
1227.3909
1244.8276
1258.2090
1271.8591
1290.4921
1218.8408
1354.7076
1267.2787
1408.2877
1244.8276
1430.8413
984.7681
1381.0125
1386.3889
1381.0125
1267.2787
1454.0789
1408.2877
1478.0345
1397.2583
1454.0797
1386.3889
1534.7300
1588.6609
1442.3730
1471.9769
1661.2909
1561.2588
1561.2588
1534.7300
1285.7866
1561.2578
1668.8990
1631.5018
1631.5018
1818.0322
1668.8990
1892.7009
1732.2148
1715.9647
1676.5731
1581.7260
1646.2693
2084.0005
1700.0004
1791.4546
1873.4929
1973.4189
1902.4437
1902.4437
1765.6035
1854.6544
2287.7539
1932.2595
1883.0526
1818.0322
1973.4174
1782.7583
2027.2736
1994.6302
2119.5125
2095.7107
2060.9504
1973.4189
2233.3325
2301.7583
2119.5125
2131.6077
2315.9321
2194.1172
2194.1155
2233.3325
2483.5981
2533.4421
2181.3367
2374.3228
2301.7625
2404.5896
2156.1982
2500.0017
2315.9321
4424.8721
2194.1172
2878.1809
2639.1313
2814.5903
2620.9312
2344.7766
2856.6780
2404.5896
3355.6995
2657.5767
2585.2471
3137.1587
2038.3820
2753.6587
2944.6082
2657.5767
2550.4868
2714.4333
3189.1609
3242.8611
2899.9990
2585.2471
2072.4143
2676.2717
3355.6995
3062.1597
2922.1389
3856.5217
3215.7896
2733.9102
2944.6082
3162.9526
3326.7817
3215.7935
3242.8611
2753.6558
2944.6082
3086.7751
3856.5217
3674.1948
3507.9319
3137.1548
3215.7935
3162.9526
3298.3440
3385.1096
4143.5146
3856.5217
3385.1096
3014.0698
2835.4834
2922.1389
2695.2224
2733.9075
2967.4175
2944.6082
2620.9312
2156.1982
2714.4304
2315.9321
2550.4868
2567.7539
3062.1670
2273.9121
2181.3367
2467.4001
2516.6125
2168.6978
2233.3325
2639.1287
2344.7788
2287.7539
2287.7539
2389.3643
2131.6077
2131.6077
2168.6978
2301.7583
2095.7107
2168.6978
1994.6302
2095.7107
2131.6077
1912.2865
1873.4957
1962.9735
1892.7024
2060.9504
1782.7583
1994.6302
1932.2595
1827.0582
1471.9769
1774.1416
1791.4546
1646.2682
1638.8542
1661.2909
1782.7583
1700.0004
1602.7026
1782.7583
1732.2148
1534.7319
1707.9473
1827.0582
1638.8542
4527.1206
1534.7319
1370.3777
1502.7385
1460.0000
1430.8413
1381.0132
1329.3196
1365.1169
1425.1399
1397.2583
1375.6763
1253.7190
1158.0652
1300.0004
1295.2297
1210.4004
1210.4004
710.0889
1177.6910
1210.4004
1223.1021
1169.7681
1146.5760
1236.0524
1131.5787
1058.4161
1099.1216
1173.7175
1106.1855
1085.2389
1088.6788
1039.0820
1095.6205
1032.7805
999.3287
1081.8184
1081.8179
1032.7805
996.3854
987.6493
999.3287
981.9022
981.9022
935.3985
1002.2878
930.1886
943.3123
855.6591
932.7872
909.8648
853.4344
862.3973
838.1446
811.0124
846.8210
829.6257
795.0819
827.5201
800.9900
779.6993
781.5932
768.5049
777.8136
748.7047
711.6946
705.3096
713.3069
716.5504
685.2352
723.1155
710.0891
674.8343
661.8607
660.4457
674.8348
653.4499
670.4609
581.9319
603.0043
612.7937
622.8596
604.2133
611.5551
589.9747
563.1579
585.3558
555.7245
551.5512
558.8898
546.4089
533.4107
530.4849
532.4325
511.6504
515.3268
520.9249
514.4036
491.3357
487.0966
483.7491
474.7368
461.3432
469.9375
470.7318
473.1281
450.7734
440.5942
456.7641
450.7734
429.4117
428.0463
415.4186
387.7904
400.9174
419.3406
389.5398
399.6949
397.8724
386.6311
393.6709
382.6163
367.1991
368.8037
368.8037
369.8796
352.7364
351.7375
346.3216
342.9421
340.0860
332.1900
329.9213
325.0131
319.3548
322.3827
325.0131
313.8454
305.6464
304.8443
304.0454
294.6989
290.5579
291.3043
283.6066
278.9913
276.8983
273.4610
270.4207
268.4211
262.8711
256.8627
258.7385
253.1695
254.3921
246.3002
243.1086
240.2576
239.4115
228.5198
210.8159
235.7934
220.7991
216.5829
210.3448
207.5479
205.9395
204.5742
203.6708
198.3607
195.5612
192.8137
188.6852
187.0663
187.6712
181.7337
179.8087
176.4091
174.3719
169.3193
165.4781
167.3849
164.4495
161.9124
159.7526
155.2197
154.9020
146.7611
146.7611
144.4046
142.2360
143.5325
137.7359
134.2008
132.2087
131.8143
127.5632
127.8164
122.6149
123.4652
120.8142
118.5749
117.2990
112.2311
114.1177
110.4857
108.0264
109.3023
103.2762
102.5724
100.8830
102.3721
96.8277
94.5830
92.1182
89.9791
89.8030
89.7151
88.8402
87.9734
86.4330
83.0168
79.4086
79.4872
79.3300
77.7730
76.4706
73.4802
71.4465
71.7341
71.0169
68.6226
67.6561
65.0212
63.7672
63.8983
61.7618
62.2746
60.7458
58.6287
57.6516
55.4965
54.9083
53.6874
53.3421
52.2588
51.0791
50.3580
47.8606
48.5580
46.2239
44.3681
45.0328
44.9301
43.4075
42.0149
41.6710
40.5526
39.4043
39.1201
38.7900
39.9282
37.5315
36.7507
35.7534
35.0371
34.9481
33.7580
33.7143
32.8036
32.1607
31.0610
30.4763
28.5916
28.3498
28.4303
28.7533
28.3498
27.1147
26.0970
27.5105
26.5647
25.9806
24.6765
24.8666
24.4492
23.8844
23.4363
22.7702
22.5497
21.5314
21.6397
20.6719
21.2794
19.5097
20.3173
20.0352
19.3008
18.7129
18.7129
18.9542
18.3697
18.2671
17.7909
17.7570
16.9165
17.1506
17.1506
16.6500
15.8252
16.6833
17.1171
18.4039
18.4039
19.6494
20.6719
20.3881
21.3513
21.4953
22.9176
23.3620
24.2981
24.7525
26.1358
26.0582
28.7938
28.5109
28.8344
30.0206
31.3974
32.4600
32.5457
33.7143
35.1262
35.7084
38.2278
38.8842
40.4562
41.0853
42.8073
44.3172
44.2155
45.7555
49.0989
49.2619
51.1349
52.3721
54.2663
56.0892
57.1675
59.5558
62.6614
62.5322
64.5570
65.5549
68.2070
69.8113
71.8062
74.8132
74.4409
77.9274
78.5481
79.4872
83.3445
84.3349
89.0145
91.3999
91.3999
92.8420
94.9536
96.9223
100.6861
102.1723
104.1885
107.8153
110.4857
110.4857
114.1177
116.3805
118.5749
124.9382
127.1845
127.6898
130.6393
131.6832
136.2273
137.7359
142.9546
145.1362
146.9099
149.9237
151.7676
154.5850
156.1777
161.9124
163.7681
166.3415
168.4366
170.3863
175.8505
177.3451
178.0985
185.8639
184.8696
192.6045
195.7747
195.3480
199.8901
203.6708
206.6267
209.6408
208.7071
219.0495
222.0606
225.1290
226.9461
236.3449
238.5696
239.9751
243.9732
244.5520
256.2419
252.2580
258.7385
268.4211
267.7594
283.9663
275.5158
280.0464
279.3423
287.2340
293.1829
301.2739
310.1152
301.6675
308.8867
314.2640
329.0205
325.0129
310.9384
330.8259
335.8701
339.6135
348.2759
339.6134
349.2595
357.2864
360.3710
369.3410
372.0461
369.8796
376.9948
390.7130
388.9552
390.1258
397.2678
416.7193
406.4935
403.3803
425.3368
439.8814
442.7436
435.6443
441.3087
449.2958
452.2589
451.5151
463.6613
477.9817
473.1281
458.2822
500.0002
498.2471
504.4282
518.1132
522.8137
542.3528
521.8679
554.6763
508.9219
546.4089
557.8314
570.7616
562.0857
568.5714
520.9249
581.9319
604.2133
588.8143
611.5549
605.4264
599.4023
629.2968
619.0517
635.8490
630.5979
642.5205
637.1739
649.3139
663.2805
667.5726
685.2352
676.3032
734.8622
739.9998
734.8622
714.9254
733.1637
745.2015
692.8364
733.1637
754.0148
745.2015
766.6666
791.1860
777.8133
815.0836
806.9766
825.4241
804.9722
804.9722
827.5201
862.3973
855.6594
899.9998
895.1396
890.3260
930.1886
823.3372
878.4946
943.3123
899.9998
853.4340
940.6610
962.2569
887.9372
935.3985
935.3985
930.1886
959.5081
1008.2542
962.2569
945.9772
1002.2878
1042.2594
1023.4568
1039.0825
1011.2625
993.4578
1127.8859
1102.6432
1071.6741
1109.7488
1210.4004
1109.7488
1142.7917
1158.0652
1223.1021
1185.7148
1236.0524
1197.9396
1169.7681
1106.1855
1158.0652
1197.9402
1210.4004
1206.2205
1227.3909
1262.7288
1285.7866
1314.5073
1276.4705
1223.1014
1236.0524
1173.7175
1454.0797
1236.0524
1314.5073
1375.6763
1386.3889
1408.2877
1595.6532
1454.0789
1595.6532
1408.2877
1419.4808
1375.6755
1490.2910
1484.1392
1430.8413
1465.9656
1521.7817
1595.6532
1534.7319
1668.8990
1561.2588
1609.8130
1692.1229
1502.7404
1661.2909
1509.0380
1684.3142
1668.8978
1707.9473
967.7967
1616.9821
1800.2316
1836.1708
1748.7584
2207.0417
1715.9647
1809.0905
1845.3673
1707.9473
1836.1694
2049.6069
1765.6035
1757.1427
1902.4465
1902.4465
1942.3954
2095.7090
1818.0322
2095.7107
1541.2839
1962.9735
1864.0306
1774.1416
2287.7539
2049.6069
2083.9988
2119.5125
4015.5767
2119.5125
2273.9121
2359.4622
2107.5474
2156.1982
2181.3367
2181.3367
2207.0417
2435.6060
3709.2983
2676.2717
2359.4622
2374.3184
3507.9319
2516.6152
2550.4868
2620.9312
2567.7539
2404.5896
2657.5767
2374.3228
2814.5903
2533.4421
2657.5767
2467.3977
2500.0017
2567.7539
2533.4421
3111.7617
3014.0735
2793.9927
2878.1809
3014.0664
3507.9319
4475.4287
2899.9956
2676.2717
3507.9319
2967.4141
3014.0664
3540.0022
3014.0735
2733.9102
3298.3440
3639.7275
2602.9714
3385.1096
3415.0244
3137.1548
3355.6995
3298.3396
3270.3743
3674.1948
3818.6606
2467.4001
2922.1389
3014.0664
2878.1809
2967.4141
2773.6841
2878.1809
2585.2471
3215.7935
2878.1809
2773.6841
3162.9487
3062.1670
2676.2717
2567.7539
2467.4001
2714.4333
3037.9287
2856.6780
2301.7603
2233.3325
2301.7583
2550.4844
2330.2698
2550.4868
2420.0022
2143.8357
2585.2471
2287.7539
2233.3306
1942.3954
2207.0417
2084.0005
1827.0582
2107.5474
1973.4174
1973.4189
2220.1128
1994.6302
1902.4465
2016.2799
1873.4929
1902.4465
1732.2136
1845.3701
1983.9706
1952.6313
1484.1392
1653.7479
1748.7584
1661.2909
1653.7479
1692.1217
1668.8990
1568.0256
1638.8542
1631.5018
1581.7260
1581.7260
1547.8887
1478.0355
1408.2877
1534.7319
1436.5856
945.9772
1541.2839
1381.0132
1397.2583
1262.7288
1271.8591
1236.0518
1547.8867
1197.9396
1071.6741
1344.4445
1253.7184
1206.2205
1158.0652
1240.4257
1267.2787
1120.5657
1173.7175
1139.0315
1131.5781
1120.5662
1154.2120
1142.7924
1139.0326
1135.2938
1095.6205
1051.8990
1106.1855
1065.0073
1085.2389
1085.2389
1023.4573
1065.0073
1017.3262
1051.8990
1029.6556
940.6610
1042.2598
999.3287
1005.2629
945.9772
940.6610
996.3854
925.0316
987.6493
1035.9227
862.3973
885.5594
890.3264
871.5303
880.8383
831.7409
779.6993
817.1337
793.1298
804.9722
748.7047
791.1860
766.6668
745.2013
688.2582
761.1989
719.8198
775.9359
740.0004
705.3098
783.4949
706.8967
679.2581
656.2325
718.1818
697.4685
653.4499
659.0361
639.8375
643.8693
656.2327
628.0002
620.3165
606.6437
611.5549
580.7982
581.9319
601.7995
581.9316
561.0168
535.3763
529.5157
544.3746
539.3444
522.8137
563.1577
520.9249
459.0442
514.4036
498.2468
504.4280
473.1281
473.1281
478.7985
464.4382
459.8085
480.4395
477.1671
497.3744
441.3087
429.4117
426.6881
420.6612
416.7193
418.6828
419.3406
407.7495
399.6949
400.9174
400.3054
393.6709
374.7826
376.4397
370.9603
357.2864
363.4974
355.7596
343.9025
345.8357
340.0859
341.0339
341.5095
335.8701
328.1234
321.5131
324.1325
321.0796
315.1039
313.0107
302.4569
301.6675
304.0454
296.6102
296.9947
292.4293
283.9663
278.9913
282.1746
267.1000
262.2291
266.1154
261.2704
263.5153
250.7495
248.6590
248.3624
243.3963
241.3923
237.4536
233.6049
233.6049
224.3564
220.0469
217.3189
217.3189
208.7071
209.6408
206.8565
203.2211
197.4936
196.2025
193.4433
192.1870
184.8696
184.0791
183.2930
182.1219
178.8560
176.2226
172.0027
170.2079
167.2104
167.0362
161.9124
160.7450
157.9528
154.1111
149.6190
149.9237
148.1066
144.6967
142.9546
141.2371
138.5669
135.1421
132.3404
130.5094
129.9916
126.1806
125.1856
127.0585
119.3946
118.9254
118.1092
116.3805
113.8940
110.1617
110.3776
109.1954
105.7272
104.2903
104.2903
100.9816
97.5875
96.9223
94.1218
93.2971
91.7584
89.1892
88.6662
85.8407
82.9350
82.8533
80.9145
80.4362
77.9274
78.1597
75.0374
74.3666
71.1599
71.8062
70.3765
68.7616
66.7006
64.8883
64.2929
63.1149
61.6979
62.0178
60.2426
59.4316
57.1072
57.4092
55.3785
57.4697
52.8270
52.1456
51.1349
50.5238
49.1532
47.9675
47.9140
46.3284
45.2385
44.7252
43.4577
42.7078
41.2800
40.4562
40.4562
39.4992
39.3568
38.1812
37.4392
36.7964
35.2601
35.5736
35.0371
34.3724
33.9330
33.0193
32.7606
32.0329
31.5240
30.3517
29.5271
29.2410
28.8749
27.8289
27.9887
27.2727
26.9964
26.2136
25.4403
24.5627
25.2485
24.2604
24.3736
23.7721
23.2135
23.1394
22.4032
22.4032
21.2076
21.1718
22.0384
21.4593
20.4943
20.0352
20.9928
19.1619
18.9888
19.3008
18.0966
18.5754
17.9945
17.4194
17.1171
16.1208
16.5836
16.8164
16.2197
16.4841
16.8498
16.8498
17.3521
18.1648
19.1273
18.6097
19.2661
20.2467
19.3356
21.6036
22.2571
23.3620
23.6226
24.7905
23.9970
26.0194
27.5105
27.9488
29.2002
29.6912
31.1449
32.1607
32.5886
33.5834
35.3495
36.3863
36.0239
37.6239
39.5468
40.6492
41.5241
43.1068
44.1140
45.8593
48.0210
49.0446
49.5890
51.6948
53.3995
54.6742
55.2018
57.1072
59.8673
61.8257
62.3389
63.9640
66.7006
67.3820
69.1799
70.7317
72.3122
76.2427
77.0045
79.4085
82.3647
83.6735
86.4330
87.3713
89.4518
92.6606
92.3890
94.6755
95.3255
100.4896
101.2780
103.6807
107.0797
109.3023
111.2458
115.5831
116.3805
115.5831
122.1318
127.4368
128.8349
129.9916
133.9332
134.3348
138.0122
141.8069
142.6667
148.5584
149.1634
152.0776
154.7434
158.7678
159.7526
160.7450
164.9628
165.9955
170.7438
172.9090
177.5331
181.1535
185.2665
186.2636
190.1169
194.4984
196.6317
202.3256
205.9395
204.8009
208.4746
210.3448
216.5829
224.0997
222.5680
225.1290
229.5775
234.6956
234.6956
244.2623
246.5933
250.4492
254.6991
253.7798
260.9519
264.1618
274.1434
277.2455
280.3995
276.5517
286.8682
292.4294
292.0537
295.8434
298.5402
310.1152
307.2602
316.7939
316.3701
328.5714
330.3731
329.4704
343.4217
343.9025
340.5594
361.4084
355.2529
359.8540
355.7596
367.7328
379.2276
394.8641
383.7566
396.0630
400.9174
407.7495
401.5308
404.6210
405.2437
422.6548
429.4117
443.4639
438.4617
450.0336
449.2958
465.2173
465.9988
466.7819
473.9314
477.9817
486.2563
482.9182
496.5039
501.7635
527.5862
509.8288
528.5494
513.4831
519.9849
526.6258
554.6763
536.3638
559.9517
571.8621
556.7763
569.6647
577.4196
580.7982
585.3558
615.2838
597.0214
609.0909
619.0517
606.6437
620.3165
676.3032
653.4499
614.0366
647.9453
688.2582
718.1818
670.4609
692.8366
718.1818
713.3069
718.1818
706.8967
697.4685
750.4676
723.1155
797.0427
718.1818
752.2372
789.2508
853.4344
768.5049
766.6666
838.1446
802.9767
800.9900
825.4241
899.9998
817.1334
827.5198
815.0836
883.1932
864.6644
938.0227
864.6644
887.9372
904.9077
885.5591
948.6558
925.0316
967.7967
976.2155
965.0196
935.3981
945.9772
883.1929
996.3854
970.5878
938.0231
973.3945
1042.2598
1048.6680
951.3481
1102.6432
1032.7805
1236.0524
1210.4004
1061.7024
1146.5760
1193.8394
1124.2151
1085.2389
1142.7917
1169.7681
1253.7184
1161.9421
1150.3824
1231.7075
1210.4004
1206.2198
1271.8591
1249.2587
1154.2120
1165.8430
1285.7866
1281.1128
1386.3882
1177.6910
1419.4808
1397.2583
1484.1392
1370.3777
1375.6763
1113.3333
1365.1169
1359.8938
1375.6763
1271.8591
1471.9769
1267.2787
1454.0797
1375.6763
1285.7866
1791.4546
1454.0797
1295.2297
1448.2042
1496.4910
1547.8887
1692.1229
1624.2113
1490.2910
1267.2787
1521.7817
1661.2909
1574.8478
1668.8990
1408.2877
1653.7479
1646.2682
1616.9821
1809.0905
1568.0247
1692.1217
1818.0322
2038.3820
1757.1415
1809.0905
2143.8357
1791.4546
1962.9735
1932.2595
1952.6329
1653.7468
1692.1217
2005.3994
2359.4622
2344.7788
1757.1427
1724.0536
2005.3994
2060.9504
2156.1982
2049.6069
2131.6077
2260.2297
2533.4421
1994.6302
2156.1982
2315.9321
1922.2238
2374.3228
2027.2736
2389.3643
2287.7539
2246.7041
2714.4333
2330.2698
2207.0417
2168.6978
2260.2297
2404.5896
2131.6060
2359.4622
2435.6060
2516.6152
1883.0526
2451.4041
2533.4421
2922.1389
2585.2471
2500.0017
2287.7581
3507.9272
2451.4041
3189.1609
2301.7625
3189.1570
2695.2224
3355.6995
2773.6841
2567.7539
2944.6116
2944.6082
2922.1389
2714.4333
2899.9990
2639.1313
2567.7512
2990.5642
2107.5474
3062.1597
2922.1389
3137.1587
3476.4219
3086.7751
3014.0735
3445.4573
3895.1218
3476.4172
3639.7275
3818.6606
3355.6995
2359.4578
3215.7935
3215.7896
2714.4304
2714.4333
3014.0698
3111.7656
2533.4421
2602.9714
2516.6125
2550.4868
2435.6060
2585.2471
2533.4421
2389.3643
2516.6125
2922.1389
2207.0417
2389.3643
2220.1128
2233.3325
2287.7539
2233.3325
2301.7583
2194.1172
3326.7817
2260.2297
2072.4126
2168.6978
1942.3954
2016.2799
2143.8357
1809.0905
2143.8357
1952.6313
1740.4495
1740.4482
2027.2736
2049.6069
1983.9706
1707.9473
2194.1172
1809.0905
1724.0536
1646.2693
1800.2316
2119.5125
1732.2148
1653.7479
1676.5731
1631.5018
1707.9473
1515.3843
1684.3142
1692.1229
1413.8635
1521.7817
1509.0370
1609.8130
1521.7827
1365.1162
1465.9656
1521.7827
1588.6609
1365.1169
1413.8635
1375.6763
1253.7184
1214.6071
1285.7866
1386.3889
1206.2205
1249.2581
1244.8276
1202.0671
1236.0524
1210.4004
1218.8408
1240.4257
1146.5756
1154.2120
1095.6205
1197.9396
1197.9402
1135.2938
1158.0652
1099.1216
1051.8990
1120.5662
1023.4568
1048.6680
1045.4550
1005.2629
1005.2634
932.7872
996.3854
1035.9227
999.3287
954.0542
927.6038
1231.7075
927.6038
932.7872
912.3614
899.9998
895.1396
909.8648
842.4628
902.4478
833.8654
846.8210
838.1446
878.4946
823.3375
781.5929
806.9766
815.0836
785.4055
764.8365
819.1923
738.2803
688.2582
750.4676
721.4644
705.3098
710.0891
706.8967
702.1547
689.7784
661.8604
682.2348
649.3139
657.6318
631.9037
667.5726
637.1739
617.7913
605.4264
592.3076
611.5549
586.5048
621.5858
559.9517
581.9319
594.6566
584.2107
561.0170
555.7246
541.3470
546.4089
546.4089
567.4816
521.8679
493.0483
502.6491
505.3216
494.7712
486.2563
482.0894
476.3548
482.0896
508.9220
469.1454
462.8867
450.7734
448.5600
436.3458
438.4617
426.0116
429.4117
407.7495
409.0117
416.0681
400.3055
388.9553
404.6210
376.9948
383.7566
407.7495
381.4814
365.6056
370.4193
357.2864
355.2529
359.8540
347.2966
341.0339
335.4067
331.2797
329.0205
314.6836
322.3827
310.1152
309.2954
314.2641
308.4789
302.4570
301.2739
299.3174
293.5608
289.4436
285.0494
281.1075
276.8983
273.1207
277.5933
267.4294
266.4430
256.8628
261.2704
249.8504
249.2537
249.2537
239.4115
236.8984
234.6956
236.6215
226.1649
224.8711
231.7132
219.5474
218.3055
210.3448
206.3973
199.2327
199.6707
194.9226
199.4515
190.9414
189.2971
182.7063
183.6855
179.6176
179.0460
174.5558
167.9097
167.7346
167.7346
168.4366
163.4288
157.6282
156.1777
152.5440
152.2328
153.3251
146.6125
147.5068
141.8069
140.9532
137.8740
137.8740
135.8192
132.6044
130.6393
127.1845
126.1806
121.5310
121.1720
119.9839
117.9931
115.0171
114.3418
112.5616
108.6624
106.7660
105.5207
104.0867
102.3721
88.9273
99.3186
96.1677
94.3983
93.3884
92.8420
90.4208
88.8402
87.7149
86.3481
83.5089
83.4267
80.6750
79.8814
78.0822
76.4706
74.5896
72.7484
71.3031
70.2349
69.0402
67.5875
65.8902
64.8219
63.8328
63.3101
60.4310
60.3053
59.2456
57.7731
56.5666
54.9083
55.3196
53.5721
52.9983
51.2465
50.0825
49.6437
49.3708
47.8073
46.6428
45.8593
44.9814
42.5091
42.8571
42.0642
41.0853
41.3775
40.2637
39.1201
38.5552
36.5228
37.6239
35.7984
35.3048
35.4391
34.3284
33.8454
32.7606
32.6316
31.1869
31.6509
29.6091
30.9771
28.7938
29.5681
28.9967
27.9887
28.3900
28.3900
27.0753
26.2525
26.0970
25.4019
25.3252
24.7905
23.8844
23.8095
22.8070
23.0654
23.0654
21.6036
22.2571
21.1359
20.2467
19.8946
19.8244
19.4400
19.7544
19.0926
19.6494
18.9888
18.2330
17.9945
17.8248
18.0285
18.8507
17.1841
16.1208
16.9165
16.5173
16.4841
16.4510
16.0550
15.9564
