203.4150
206.5954
211.9676
212.4436
214.3625
215.8172
216.3051
223.2972
223.0421
224.0648
225.3521
232.2148
234.3849
245.3842
234.3850
241.3534
244.8025
244.2228
249.5112
249.2132
244.2229
250.7085
252.2168
254.6571
257.7556
255.5810
260.2736
262.1855
264.7663
269.0399
262.8272
266.3983
271.3827
269.3727
266.7263
271.0461
272.7348
274.7816
279.2943
279.6460
279.6460
278.9433
284.6384
285.7253
300.4357
285.7253
287.1842
289.0232
289.3932
291.2533
296.1741
293.8877
295.7912
287.1841
297.7132
298.0998
305.1903
299.6540
308.4232
298.8754
305.5916
312.1226
309.2396
311.2947
309.6489
308.0163
307.6102
312.1226
318.8675
313.3706
319.7260
320.5883
319.7261
323.1962
323.1962
320.1567
326.7242
325.8366
327.1693
325.3942
333.9596
326.2799
333.5002
334.4200
334.8813
341.4445
336.7365
360.8185
330.3114
340.4948
340.9692
339.5492
347.7189
341.4445
347.7189
337.6700
340.0215
344.8010
349.6855
345.7693
348.7000
349.1922
348.7000
349.1922
354.6785
353.1691
354.1743
360.3005
358.7535
355.1840
361.3376
360.3005
360.3005
363.9510
358.2401
368.7305
365.0046
357.7278
362.3793
357.7279
365.5333
362.9020
367.1264
365.0046
365.5333
373.6095
368.1945
361.8578
374.1580
373.0625
374.1580
371.9720
369.8060
373.6096
375.2586
373.0625
370.8864
375.8108
375.2586
376.9191
372.5165
379.1512
383.1081
384.2507
381.9709
390.6328
384.2506
385.3987
390.0457
378.0325
382.5389
383.6787
384.2507
384.8240
388.2927
382.5389
392.4027
380.8391
391.8113
382.5389
384.8240
395.3812
398.3957
381.4043
378.0325
384.2507
390.0457
390.6328
391.8113
392.9955
389.4598
397.1855
391.8113
394.1855
398.3958
389.4599
390.0457
381.9709
391.8113
397.7899
401.4472
412.1078
397.1855
397.1855
402.0620
392.4027
402.6783
391.8113
391.2213
396.5826
374.1580
400.8340
407.6637
408.2938
395.3812
398.3957
406.4081
397.7898
410.1937
397.7899
395.3812
426.5958
404.5363
412.7490
400.8340
405.7827
398.3957
407.6637
407.0352
402.6783
400.2222
410.8301
403.9154
401.4471
406.4081
406.4081
405.7827
405.7827
409.5588
409.5588
400.8340
410.8301
421.2336
406.4081
414.6823
405.1587
403.2961
405.7826
421.8979
402.0620
391.8114
416.6303
389.4598
418.5933
402.6783
428.6352
414.0363
412.7490
411.4681
411.4681
406.4081
417.9372
432.0695
408.2938
406.4081
417.9372
406.4081
415.9793
408.9255
409.5588
421.2335
417.2829
412.1078
410.1936
419.9100
416.6304
417.2829
423.2316
408.9256
410.1937
405.7827
409.5587
413.3918
414.0363
404.5363
401.4471
427.2739
427.2739
414.0362
410.1937
411.4680
414.6823
420.5710
423.9010
419.9101
415.9793
417.9373
412.7489
423.9009
403.9155
408.2938
410.8301
411.4681
418.5933
432.0695
412.1078
419.2509
431.3791
412.7489
415.9793
410.8301
405.1587
424.5720
424.5721
411.4680
414.6823
424.5721
423.9010
420.5709
423.2316
413.3918
413.3918
422.5639
417.9372
416.6304
403.2961
414.6823
418.5932
416.6303
419.9101
419.2507
415.3300
413.3917
413.3917
417.9373
415.3300
413.3918
417.9373
410.8300
419.9100
422.5639
423.2316
421.8979
422.5639
421.2336
422.5639
416.6304
417.2829
414.6823
411.4680
419.9101
413.3918
419.2507
428.6352
418.5931
417.9373
428.6352
426.5958
423.2316
423.2316
423.2316
414.6823
417.9373
424.5721
408.2938
431.3791
429.3185
416.6303
423.9010
449.9329
414.6823
419.9099
425.9195
423.2316
427.9536
423.2316
425.2450
428.6351
421.2336
417.9373
419.2508
411.4680
429.3185
423.2316
421.2335
426.5958
434.8492
423.2315
411.4680
425.2450
421.2336
422.5638
425.2450
424.5721
421.2335
423.9010
419.2508
423.9010
423.9010
420.5710
415.9793
415.3300
419.9101
419.2508
416.6303
419.9099
430.0036
430.6903
417.9373
416.6304
426.5958
422.5639
419.2508
419.2508
415.9793
421.8979
416.6303
419.2509
415.9793
423.9009
420.5710
415.9793
425.2449
402.6783
429.3185
427.9536
421.8979
421.8979
419.9101
424.5721
421.2336
416.6303
423.9010
419.9101
423.2316
420.5710
417.9373
425.2450
412.7489
430.0036
423.2316
416.6304
415.3300
412.7490
422.5639
422.5639
412.7490
415.9793
422.5639
419.2509
412.7490
423.9010
411.4681
415.9793
419.9100
416.6303
417.2830
422.5639
421.2336
416.6303
419.9099
421.8979
419.2508
422.5639
415.9793
419.2509
412.1077
398.3958
409.5588
413.3917
425.2450
419.2509
415.3300
409.5588
447.7262
422.5639
411.4680
417.2829
411.4681
418.5931
402.6783
417.2829
408.2939
414.0363
427.2739
421.8979
414.0363
413.3918
400.8339
419.9101
410.8300
406.4081
412.7490
413.3917
423.2316
414.0363
415.3300
414.6823
408.2939
405.7826
412.1078
409.5588
410.1937
421.2336
401.4472
405.1586
405.7827
410.1937
408.9256
423.9010
411.4681
408.9256
402.6783
405.7827
405.7827
406.4081
410.1937
405.7827
410.1937
414.0363
400.2222
403.2961
402.0620
410.1937
412.7490
405.7827
407.0351
399.0030
405.7827
393.5898
405.1587
400.8339
407.0352
401.4472
405.7827
400.8339
404.5363
411.4681
394.1855
392.9956
400.2221
408.2939
408.9256
405.1587
400.8340
393.5899
396.5826
391.8114
400.2221
401.4471
393.5897
397.1855
393.5899
394.7825
400.8340
394.7826
396.5825
389.4598
392.4028
385.9748
383.1081
398.3957
382.5388
400.8340
390.0457
392.9956
392.4027
384.8240
372.5166
393.5897
380.8390
390.6328
385.9748
386.5522
383.6787
387.1309
391.8113
379.7124
378.0325
384.2506
381.4043
382.5389
380.8390
376.3643
383.1081
375.2585
383.6787
376.3642
374.1580
375.8108
374.1579
374.7076
376.3643
376.3643
365.0046
366.0631
379.7125
377.4752
366.5941
374.1580
365.0046
363.4259
365.0046
358.7534
375.8108
360.8185
359.2680
366.0631
367.1264
367.1264
362.3794
360.3005
364.4772
360.8185
361.8578
357.2169
356.7069
355.6905
362.9021
352.1683
349.1922
349.1922
353.6711
352.6682
348.7000
343.8369
347.2299
346.7419
344.3184
344.3184
340.9692
343.8369
337.2028
338.1383
337.6701
341.4445
340.9692
337.6701
336.2712
334.8813
332.5842
330.3115
332.5843
331.2177
325.8366
324.5122
325.8366
321.8882
326.7242
324.5123
319.7261
313.7883
324.5123
318.4394
320.5883
312.5378
308.8310
317.1606
300.8276
312.1226
308.4232
312.5378
304.7897
303.9911
305.1903
302.4031
300.8275
303.9911
305.9937
299.6541
299.2643
292.7543
293.8877
286.8184
290.8799
292.0024
285.0000
287.5506
285.7253
282.8404
287.5506
278.2433
277.8943
279.9983
279.2944
282.1259
279.6460
273.7554
272.3959
270.0402
273.0744
273.4146
270.0402
269.3727
268.0448
269.0398
263.4713
259.9569
259.3251
259.9568
257.7556
257.1315
254.9645
253.7380
249.2131
254.6571
249.8097
237.6940
246.2603
252.8236
247.4355
241.9234
244.2228
241.0691
240.7853
239.3731
241.0691
233.2964
234.9320
233.0253
233.0252
231.9455
228.4839
230.8726
226.3894
228.4839
226.1295
221.7730
224.8360
223.5526
221.2681
220.2631
221.0163
216.0609
213.8806
212.2055
212.4436
212.6822
211.9675
209.3750
209.1415
206.3661
204.5433
204.5434
204.9970
202.9661
202.5185
200.5204
200.7411
197.6805
198.5485
194.4695
193.8356
193.8356
194.4695
190.5005
190.0889
187.0388
192.1585
187.4418
185.8367
187.6437
185.6373
183.4624
181.9013
183.2663
179.7826
181.1272
189.6785
183.4624
181.3203
185.4382
187.8459
187.8459
191.1200
190.7067
194.6814
194.2579
198.3310
198.9845
200.7411
205.6800
199.4217
207.0552
207.9790
208.6754
208.9082
215.3308
215.3308
215.0881
216.0609
219.5134
223.5526
222.5333
224.5785
224.5785
225.8700
227.9578
234.1122
232.4845
232.7547
230.0726
237.9727
237.1379
242.2092
245.9678
242.2092
246.5534
248.9156
253.4327
251.9140
255.2724
255.2725
259.0102
258.6957
260.2736
260.9086
264.1177
265.0916
265.0916
265.7437
269.0398
269.0398
275.1249
271.7198
275.4688
291.6276
275.1249
278.5930
285.0000
278.5930
278.9433
284.6384
283.5576
293.5092
289.3931
293.5092
293.5092
294.2670
293.5092
299.6539
297.7133
301.2203
287.5506
295.4091
308.0163
303.1955
306.8003
306.3966
305.9937
308.0163
309.2396
309.6489
308.4232
312.1226
320.5883
317.5860
320.1567
317.5860
312.1226
324.5123
314.6263
334.8813
327.6153
334.8813
330.7640
333.9596
329.4089
332.5844
329.8596
328.0623
339.0779
340.4948
339.0779
337.2028
334.8813
334.8813
340.0215
336.2712
337.2028
341.9210
343.3563
341.4445
341.9210
354.1742
351.6696
350.1798
356.1982
348.7001
352.6682
359.7837
346.7421
354.6785
359.7836
355.1839
363.4259
358.2401
362.9020
366.0631
365.0046
392.4027
361.8579
359.7837
367.1264
367.1264
361.8578
363.9509
363.9509
369.8061
365.0046
366.0631
368.7304
376.3643
375.8108
376.9191
378.5912
374.7076
375.2586
378.0325
379.7125
384.8240
377.4751
381.4043
385.9748
325.8366
390.0457
372.5166
380.8391
381.9709
378.5912
379.7125
382.5389
385.9748
388.2926
390.0457
390.6328
385.9748
388.8755
384.2506
389.4599
380.2751
387.1309
385.3987
389.4598
394.1854
392.9955
392.9955
387.7110
390.6327
392.9955
401.4472
391.8114
402.6783
394.1855
394.7826
397.1855
394.1855
400.2222
390.0457
402.6783
401.4472
396.5826
396.5826
387.1309
402.6783
397.7898
408.2939
394.7825
403.9155
395.9812
410.1937
407.0351
404.5363
400.2221
411.4680
410.1937
404.5363
410.1937
402.0620
400.8339
412.1078
404.5363
415.3300
415.9793
412.7489
408.9256
413.3917
408.2938
406.4081
404.5363
408.2939
408.9255
406.4081
405.1587
429.3185
402.0620
400.8339
410.8301
412.1078
413.3918
419.2508
413.3918
387.1309
402.6783
406.4081
413.3918
415.9794
412.1078
410.8301
403.9154
410.8300
412.1077
415.9792
415.3300
411.4680
436.9531
447.7261
410.1937
415.3301
420.5708
417.2830
402.0620
403.9155
417.2830
414.0362
410.8300
419.2508
441.2111
419.2507
414.6823
423.2316
412.1077
420.5709
411.4681
405.7827
419.9100
400.8339
413.3917
415.9793
413.3918
415.9794
421.8978
413.3918
419.2509
407.0352
423.9010
415.3300
446.9946
415.3300
421.2336
421.2335
419.9100
410.1937
407.0351
419.9100
425.2450
417.9372
415.9792
415.9793
424.5721
416.6303
402.0620
424.5721
412.1077
421.8978
422.5639
417.9373
418.5933
425.2450
419.2508
414.6823
384.2507
419.2508
414.0363
397.7898
415.3300
431.3791
408.9255
427.9536
425.2448
417.9372
421.2336
414.6823
415.9793
438.3649
418.5931
415.3300
419.2508
436.9532
420.5710
405.1587
415.9794
423.2316
431.3791
422.5639
445.5372
419.9101
422.5639
429.3185
421.2335
421.2336
422.5639
424.5721
421.8979
420.5710
438.3649
415.9793
421.8978
408.9256
421.8979
419.2509
423.2315
421.2335
420.5710
422.5639
413.3918
414.6823
427.9536
421.8979
417.9373
417.9372
426.5958
423.9010
423.9010
422.5638
417.9373
422.5638
421.8979
414.6823
427.2738
414.0362
425.9195
421.8979
429.3185
420.5710
415.9794
421.8979
421.2336
414.6823
422.5639
419.2509
421.8979
421.8979
425.9194
426.5958
419.9100
422.5639
423.2316
423.9010
421.2335
429.3185
413.3917
422.5639
412.1078
458.9404
409.5588
422.5638
419.2508
421.8979
414.6823
419.9100
427.2738
423.9010
417.9372
425.9195
424.5721
418.5931
422.5639
418.5933
419.2509
421.2335
421.8979
422.5639
423.2315
415.3300
418.5932
422.5639
421.8979
418.5933
417.9373
417.2829
419.2509
421.8979
415.3300
409.5587
425.2450
417.9373
423.2316
419.9101
417.9372
420.5710
374.7076
423.9010
415.9794
417.2829
437.6581
405.7827
410.8300
424.5721
417.9373
407.0351
415.9794
426.5958
409.5587
409.5587
419.2507
406.4081
417.9373
440.4966
424.5721
413.3918
420.5710
416.6303
415.3300
412.7490
422.5639
421.2335
417.9372
419.9100
420.5709
416.6303
412.1078
421.2336
421.2336
415.9793
423.9010
410.8301
415.3300
417.2829
408.9255
408.2939
404.5363
412.7490
408.9255
414.0363
409.5588
410.1936
413.3918
414.0362
408.2939
410.1936
413.3917
417.2829
413.3918
407.0352
410.1937
403.2961
422.5639
405.1587
412.1078
415.9794
416.6304
406.4081
404.5363
408.2938
411.4680
407.6637
413.3918
400.8339
413.3918
392.4028
458.1785
419.9101
414.6823
410.8300
412.1077
409.5588
420.5709
403.2961
414.0363
408.2938
408.2939
406.4081
411.4681
400.2221
404.5363
399.6119
404.5363
402.0620
400.8339
407.6637
415.3300
397.7898
408.2939
400.2222
408.9256
395.9812
407.0352
405.7827
403.9155
402.6783
400.2221
401.4472
400.8340
402.6783
400.2221
391.2213
394.7824
388.8756
387.7110
391.8113
397.1855
390.6327
395.9812
397.7899
390.0457
393.5899
388.8755
391.2213
397.1855
388.2927
390.0456
393.5897
395.9812
390.0457
390.6328
395.9812
390.0457
385.9747
389.4599
382.5389
375.8107
378.5911
385.3987
384.8239
377.4752
383.1081
380.2751
383.6787
381.4043
374.1580
380.8390
384.2507
367.1263
374.1579
368.1945
375.8108
380.2751
381.4043
376.9191
372.5165
376.3642
368.1945
372.5165
370.3457
368.7305
365.0046
368.1945
366.5941
371.9720
366.0631
369.2677
373.6096
360.8184
371.4286
363.9509
361.8578
358.2401
362.3794
379.7124
358.2401
358.7535
353.6711
361.3375
358.2401
353.1691
352.6682
356.7069
355.6904
348.7000
351.6696
349.6855
347.2299
349.1922
355.6905
349.6855
348.7000
350.1798
342.3983
340.0215
341.4445
340.0215
334.4200
332.5843
332.1278
338.1384
329.8596
331.2177
332.5843
328.5103
326.2799
330.3114
325.8366
329.8597
327.6153
324.5123
326.7241
324.5122
328.5103
321.0207
311.2947
316.7361
310.8820
316.7361
309.6489
310.4701
305.9937
312.1226
305.5916
306.3966
305.9937
306.3966
306.8004
299.2643
298.8754
302.4031
299.6541
298.0999
295.0276
296.5578
293.5092
294.6469
290.8799
287.5506
289.0233
287.9177
287.5506
284.6384
284.6384
283.9172
281.7696
281.0591
278.2433
281.7696
274.0968
274.0969
275.4689
272.3959
272.3959
265.4174
266.0706
263.4713
261.8654
261.8654
260.2736
261.2270
259.6407
257.7556
256.1996
254.3502
256.8204
250.1088
251.6119
252.5200
248.6185
247.7305
248.9156
243.0693
246.5534
238.5315
241.0691
237.6940
239.6546
236.8606
240.5019
238.2519
233.8398
235.4808
231.6766
231.9455
229.2763
229.5413
223.5527
225.0939
226.3894
218.5193
223.2972
222.5333
219.5134
216.7944
216.7944
215.3308
212.6822
211.4930
218.2717
210.7838
214.1214
207.2856
205.4520
206.8251
204.5434
201.8495
203.6400
202.2952
201.1835
199.6408
196.1734
197.4642
187.4418
194.2579
196.1733
191.7422
191.7422
192.5760
185.0408
185.6373
184.4468
185.6373
183.2663
183.8553
182.6797
179.2103
180.5493
184.4468
178.6404
177.3194
177.5074
171.4371
176.1972
179.9739
180.7417
181.1272
178.6404
182.8749
189.0650
188.4542
188.2511
190.9132
194.6814
191.7422
198.9845
198.1138
197.0326
201.1835
205.9084
203.6400
206.8251
209.8432
227.9578
213.1604
213.8805
210.3128
218.2718
216.5495
221.0163
234.9320
223.8085
227.9578
225.8699
228.2207
230.0726
232.2148
234.3850
234.3850
240.7853
241.0691
242.2092
245.0931
246.5534
244.2228
250.1088
251.9140
248.6186
252.5200
253.1279
255.8900
249.2131
260.9086
259.0102
260.9086
263.7942
265.0916
264.4417
270.3750
271.0462
271.3827
271.7198
274.7816
272.7348
276.1587
281.4140
275.4688
280.3512
284.6383
284.2775
287.1842
284.6384
290.1351
283.5575
286.8184
289.3932
288.2855
288.6541
294.2670
297.7132
295.7912
295.7912
293.8877
306.3966
304.7897
302.7990
308.0163
308.4232
308.8310
305.1902
312.1226
317.5860
311.2947
318.8675
321.4540
322.3233
318.4395
320.5882
325.3943
326.2799
325.8366
321.4539
330.7641
333.0418
339.0779
333.0418
322.7592
334.4200
333.5002
333.9596
338.6076
333.0417
342.3984
341.4445
335.3436
339.5492
343.3562
340.0215
340.9692
344.8010
340.9691
349.1923
345.2847
348.7000
349.6855
350.1799
355.1839
348.2089
347.7189
350.1798
356.7069
357.7278
356.7069
362.3794
353.1691
351.6696
348.2089
365.0046
365.0046
358.7534
389.4599
363.9509
367.6598
366.5941
381.9709
371.4287
371.9720
371.9720
367.6598
373.0625
372.5166
370.3457
372.5166
375.2585
370.8864
375.8108
375.8107
381.9709
376.3643
375.2586
374.1580
374.1580
378.0325
381.4043
374.1580
387.7111
377.4752
372.5165
385.3987
388.2927
394.1855
379.1512
380.8391
405.7827
392.9955
382.5389
394.1855
388.8755
388.2926
383.1081
388.2927
393.5899
395.9812
388.8756
396.5826
402.0620
397.1855
391.2213
392.4028
394.7826
397.7898
407.6636
392.4028
395.9812
394.7826
390.0456
401.4472
397.7898
399.6119
390.0457
406.4081
400.2222
394.7826
399.0031
390.0456
402.0620
403.9155
399.6119
403.9155
403.9155
402.0620
400.2221
395.9812
408.2939
413.3917
408.2939
405.7826
409.5588
403.2961
389.4599
402.6783
402.0620
414.6823
400.8340
421.2336
407.6637
410.8301
403.2961
404.5363
392.9955
402.6783
400.8339
414.6823
411.4681
408.2938
441.9273
402.0620
434.8492
405.7826
411.4681
405.7826
406.4081
393.5897
413.3918
408.9255
406.4081
408.9256
439.0736
414.0363
411.4681
399.0030
418.5932
405.7827
406.4081
411.4680
412.7490
421.2336
405.7827
407.0351
425.2450
415.9793
419.9101
412.1078
421.2336
416.6303
410.1936
415.9793
419.9099
416.6303
414.6823
419.9100
420.5709
409.5587
419.2508
412.7490
413.3918
427.9536
412.1078
414.6823
408.2939
423.2316
419.9100
406.4081
415.9793
413.3918
415.9793
413.3918
430.0036
415.3299
415.3301
419.9101
415.9793
412.7490
412.1077
421.8979
421.8979
421.2336
417.2829
419.2508
429.3184
414.6823
413.3917
424.5721
425.2450
410.8300
414.6823
420.5709
415.3301
423.9010
414.0362
423.2315
423.2316
414.6823
422.5639
415.9793
419.2509
418.5933
417.2829
419.2509
423.2316
423.2316
415.3301
419.2508
423.2316
410.8300
439.0737
427.9536
418.5933
425.9195
422.5639
421.2336
419.2508
421.2336
425.2450
425.9194
416.6304
422.5638
424.5721
416.6303
425.2450
421.8978
425.2450
427.2739
423.2316
420.5710
419.9100
410.1937
423.2316
425.2450
419.9100
423.2316
420.5710
421.8979
412.1077
422.5639
422.5639
417.9372
425.2450
418.5933
408.9255
419.9100
417.2830
412.1077
415.9794
424.5721
420.5709
415.3300
446.2650
423.9010
422.5639
419.9101
422.5639
419.2509
420.5710
425.9195
429.3185
430.6904
427.2739
421.8979
421.2336
417.2830
421.2336
416.6304
424.5721
423.2316
426.5958
423.2316
419.2509
424.5721
428.6352
403.9155
423.9010
408.2938
422.5639
418.5931
415.3300
422.5639
409.5588
423.9010
421.2336
423.2316
418.5932
423.2315
419.2508
417.9373
416.6303
419.9100
423.9010
421.2336
423.2316
415.3301
420.5710
415.9793
409.5587
422.5639
417.2830
422.5639
417.9373
421.2336
409.5587
425.2450
412.1078
415.9793
419.9100
422.5639
419.9101
412.7490
420.5709
420.5708
442.6453
415.3301
412.1078
423.9010
414.6823
425.2450
418.5933
414.6823
403.9155
414.0362
414.0363
415.9793
405.1587
415.9793
408.9255
425.9195
414.6823
417.9373
412.1078
412.7490
415.3300
422.5639
415.3300
412.7490
407.6636
410.8301
405.1586
415.3300
404.5363
430.0035
413.3918
411.4681
384.2507
437.6581
421.2336
417.9373
408.9255
418.5933
423.9010
412.1078
413.3918
411.4681
407.0351
405.1586
410.8300
413.3918
407.0352
417.9372
411.4681
416.6303
414.0363
412.7489
414.0362
410.1936
408.2938
412.1078
423.9010
407.6637
421.2336
411.4681
411.4681
413.3918
407.0351
421.8979
408.2938
405.7827
401.4471
405.7826
443.3654
426.5957
406.4081
403.9155
407.0352
399.6118
403.9155
407.6637
404.5363
414.0363
407.0351
412.1078
413.3918
403.2961
398.3957
398.3958
402.0620
410.8301
403.2961
399.0031
401.4472
405.7826
400.8340
402.0620
391.8114
407.0352
401.4472
405.7827
395.9812
402.0620
397.7898
400.8340
408.9256
399.6118
384.2507
389.4598
399.6119
396.5826
403.9155
400.8339
389.4598
397.7899
409.5587
392.4027
391.8114
399.0031
399.6119
400.8340
386.5522
391.2213
390.6328
384.2506
378.5911
394.1855
379.1512
389.4599
397.7898
384.2507
389.4600
385.9748
388.8755
390.6328
389.4599
378.5912
379.1511
378.5911
376.3642
380.2751
378.0325
380.8390
383.6787
375.2586
373.0624
385.3987
385.9748
373.6096
376.9191
374.1580
381.9709
365.0046
369.8061
368.1945
374.7076
388.8755
374.1580
358.7534
370.8865
375.8107
366.5941
368.1945
362.3794
358.2401
359.7837
361.8578
359.2680
359.2680
358.7535
352.6681
350.1799
350.6754
361.8578
353.6711
353.6711
354.1743
358.2401
353.6711
349.6855
345.2847
352.6682
347.7188
347.2299
346.7420
340.0215
340.4948
338.1383
333.9596
333.9596
340.4948
333.9596
336.2712
334.8813
341.4445
349.6856
332.1278
332.5843
329.4089
319.7260
330.3114
326.7242
327.6153
322.3232
321.4540
326.7241
320.1567
323.6339
318.4394
319.7261
312.9538
318.8674
318.0122
312.9538
315.4677
311.7083
317.5861
309.6490
307.2049
303.9910
303.9910
302.7989
304.3900
303.9911
297.3274
297.7133
300.8276
297.3273
293.5092
289.0232
293.1314
290.8799
292.7544
292.3781
288.2855
284.6384
285.3623
281.7696
284.2774
276.8510
276.8510
280.7049
273.0744
278.2433
273.0744
271.7198
267.7143
271.0462
271.7198
264.1177
267.0551
262.8272
263.4713
263.4713
259.9568
261.8654
253.1279
259.0101
263.1490
253.4327
250.7085
247.7304
253.1279
250.7085
250.1088
245.3842
244.5125
243.3569
245.6758
244.5124
242.2092
236.3073
237.9727
236.5838
236.8606
232.4845
235.2062
234.3849
239.3731
229.5413
229.5413
224.5785
225.8699
226.6497
226.1295
219.5134
222.7876
219.7629
219.7629
216.0609
215.0881
214.1213
211.9676
219.0156
210.7837
209.3750
207.2857
207.2856
208.4429
205.9084
205.9084
202.9661
199.6408
201.4052
202.2952
199.6408
197.8970
201.4052
193.4145
193.8356
190.7067
191.7422
190.2945
190.5005
187.2402
187.0388
184.0522
184.0522
180.5493
183.2662
181.5137
180.7417
182.2899
179.4008
176.5703
172.7025
172.5210
171.6172
171.9780
170.8985
170.7194
171.9780
