45.4378
45.4895
46.4783
47.0569
48.6585
47.8000
49.1458
49.6910
50.5716
52.0814
51.1831
53.2195
53.2769
53.6795
55.3705
55.3704
56.4388
56.7982
57.8864
58.6203
59.1134
60.2341
60.4852
61.3071
61.9450
63.7583
64.2180
64.5479
65.0786
66.2177
68.0595
68.5437
69.5908
69.7313
70.5088
71.5804
71.0072
73.1767
74.2081
74.7285
75.4021
76.3083
77.2239
78.8494
78.7713
80.4254
80.4254
80.6642
82.5162
83.1693
82.7606
84.9897
84.3236
87.1883
88.3940
87.7031
89.5275
90.5860
89.7910
91.9258
92.2863
93.1935
95.5927
94.4780
96.4371
97.5745
97.6698
97.6698
99.2084
101.1656
101.6609
101.3634
104.7872
105.3006
106.4391
107.4850
104.5826
107.9064
109.0740
112.2162
112.7675
112.3262
113.6556
114.5511
115.4542
116.8231
117.1681
118.0934
119.6139
120.3228
121.2752
121.8747
122.4774
124.6746
125.6650
127.2934
127.0413
132.0591
130.6216
130.4917
131.6653
130.6216
132.9834
135.1237
135.9365
135.2588
138.4090
137.8551
138.9655
139.6648
141.7874
139.9457
140.5094
145.9997
144.2390
144.0934
147.4864
147.7859
148.3871
150.8213
152.9907
151.4374
150.8213
151.9014
153.3037
156.9595
156.6374
157.6061
158.7455
158.5821
160.8885
162.0571
164.2555
163.5752
167.3611
163.9149
166.6647
167.7107
168.7649
168.0612
172.1588
171.7975
170.0054
171.4371
172.8842
171.9780
177.8840
178.0727
179.0201
180.5493
177.6956
181.3203
188.2511
184.0522
185.0408
186.2362
184.4468
188.4542
188.2511
188.6575
190.9132
189.6785
191.9502
195.1061
190.9132
193.8356
193.4145
194.0466
198.7664
196.8174
200.3000
199.4217
200.5204
201.4051
201.8495
200.9621
205.4520
206.1371
208.4429
208.4429
208.9083
216.3051
208.4429
215.5738
214.3625
215.0882
213.6402
211.4930
215.8172
213.4001
216.0609
217.2854
218.7673
217.5314
223.8085
223.0421
222.5333
225.6108
225.0939
225.3522
226.9105
223.8085
228.2207
226.6498
230.0726
231.6766
225.8700
233.5678
229.2763
234.1121
234.1122
228.7477
236.5837
241.3534
239.0921
241.9235
244.8025
239.6547
243.0693
241.3534
241.6382
245.0931
244.5125
243.3569
248.6185
249.5112
237.4157
249.2132
253.1279
251.0091
248.9156
249.2131
253.4327
252.5200
257.4433
255.8900
254.9645
259.9569
265.7437
262.1855
259.9568
265.0916
267.0551
261.5459
268.0448
265.0916
267.3844
266.0707
271.7198
270.7103
266.3983
275.8135
273.4146
274.0969
268.7076
271.7198
272.7348
277.1982
273.4146
287.9177
277.8943
277.8943
278.9434
279.6460
285.7253
286.0890
281.4141
293.1314
281.7696
287.5506
287.5506
289.7638
288.6541
291.2533
293.1314
287.5506
291.2533
298.0998
293.8877
295.7912
302.4031
298.8754
297.7133
308.4232
296.9422
300.4356
306.8004
300.4357
296.1741
304.3900
303.9911
309.2396
305.9937
308.0163
310.8820
306.8004
310.8820
306.8004
313.7883
317.1606
312.1226
297.3272
321.0207
317.5861
320.1567
319.2963
321.4540
321.4540
325.8366
327.6153
321.0207
328.5103
321.0206
311.2947
326.2799
324.0726
336.7365
326.7242
343.3562
341.4445
333.5002
334.4200
318.0122
345.2847
340.4948
336.2712
335.3437
334.4199
344.8010
333.0418
348.2089
344.3184
342.8768
344.3184
348.7001
345.7694
358.2401
344.8010
348.7000
345.2846
348.2089
348.2089
355.1839
355.1840
357.2169
367.6599
358.7535
346.2552
352.6682
358.2401
363.9510
356.1981
355.1840
361.8579
367.6599
357.2169
370.3456
373.6096
369.8060
370.8866
375.2586
375.8108
373.6096
368.1945
374.1580
368.1946
343.3562
378.5911
374.1580
372.5165
380.2751
380.2751
373.6095
397.7899
383.1081
383.6787
382.5389
380.2751
391.2213
388.2927
390.6329
383.6787
382.5389
392.4028
399.6119
394.7826
393.5897
395.9811
399.0031
398.3957
397.1855
394.1854
409.5588
400.2221
399.6119
402.6783
399.6118
395.9812
405.1587
424.5721
400.2221
419.2507
401.4472
404.5363
405.7827
410.8301
412.7490
411.4681
412.7489
412.7490
417.9373
423.9010
423.2316
411.4680
421.8979
417.9373
417.9373
420.5709
423.2316
415.3299
413.3918
432.0695
428.6352
425.9195
424.5721
444.0874
425.9195
432.0695
428.6352
415.9793
427.2739
423.2315
424.5721
431.3791
432.7617
434.8491
465.8920
436.2500
430.6903
432.7616
440.4967
421.8979
440.4967
435.5487
447.7263
438.3650
442.6453
454.4001
445.5370
441.2111
452.9030
456.6610
445.5370
441.2111
451.4139
459.7043
455.1517
445.5370
463.5556
450.6725
458.9403
449.1953
457.4187
461.2385
468.2477
455.1517
463.5556
473.8216
452.1575
469.8292
471.4195
468.2477
473.8216
469.0374
467.4603
469.8292
465.8918
470.6232
470.6231
461.2384
469.0374
477.0562
490.3670
470.6231
466.6750
478.6872
482.8051
473.8216
483.6358
480.3273
477.0563
494.6535
483.6358
483.6357
482.8051
490.3670
481.9769
484.4688
494.6535
496.3856
528.4179
485.3042
500.7602
446.2648
498.1277
539.2081
489.5170
503.4159
500.7602
496.3856
502.5280
494.6535
498.1276
504.3064
494.6535
510.6140
528.4179
487.8247
460.4704
487.8247
477.0563
469.8292
480.3271
478.6870
460.4704
465.1109
470.6232
469.8291
460.4704
469.0374
463.5556
467.4603
462.0088
460.4704
456.6610
461.2385
449.1954
446.9947
447.7262
453.6505
446.9945
454.4001
449.1954
463.5555
444.8113
448.4599
429.3185
449.1953
437.6581
441.2110
424.5721
455.9052
444.0874
440.4967
432.0695
438.3649
429.3185
434.1516
441.2111
430.0036
429.3185
428.6352
425.2450
424.5721
424.5721
431.3791
423.9010
425.2450
415.9793
421.8979
427.9536
421.2336
414.0363
418.5931
413.3917
402.6783
395.9811
424.5720
409.5588
414.6823
403.2961
408.2939
401.4472
402.0620
417.9372
399.6119
408.9256
400.8340
401.4472
393.5899
399.6118
386.5522
395.9812
395.9811
386.5522
388.8756
392.4028
392.4027
381.4043
391.2213
391.8113
367.1263
382.5389
377.4752
383.1081
380.2751
376.9191
378.0325
379.7125
376.3643
383.1081
378.0325
377.4752
373.0625
373.6096
370.8866
378.0325
368.7305
386.5522
357.2169
374.1580
357.7279
365.0046
365.0046
367.6599
360.8185
361.3376
365.5332
358.2401
359.7837
350.6753
354.1743
365.5333
359.2680
361.8579
351.6696
345.7693
348.2089
347.2300
340.4948
348.2089
341.4445
346.7420
345.7694
334.4199
342.3984
337.2028
332.5842
334.8813
342.8768
336.2712
347.2299
339.5492
340.4948
324.9528
335.3437
336.2712
311.2947
334.8813
308.0163
320.1567
326.7241
305.9937
319.7261
321.4540
331.2177
321.0207
308.8310
319.7261
310.0592
311.2947
305.5916
316.3124
312.9538
316.3125
305.1903
312.1226
309.6489
292.7543
305.5916
306.3966
303.1955
302.4031
298.0999
300.8275
295.7912
298.8755
293.1314
294.6469
290.1351
296.5578
287.9177
294.6469
289.0233
287.5506
287.9177
283.9172
286.0890
285.3624
287.1841
283.1986
283.5575
279.9983
275.4688
281.7696
278.2433
279.2943
276.5045
271.0462
275.4689
271.7198
279.9983
271.3827
267.7143
262.8272
272.0576
260.5908
266.7264
270.3750
255.5810
272.0576
287.5506
260.2736
261.2270
267.7143
260.9086
251.9141
260.2736
259.9568
253.1279
256.1996
255.5810
259.0102
252.8237
265.0916
244.5125
250.1088
249.2132
247.7304
251.0091
246.5534
252.5200
243.6451
245.9678
245.3841
241.6382
240.5019
240.5019
245.6757
237.6940
238.8116
236.3073
232.4845
237.1380
237.1380
231.9455
232.4845
229.0118
228.7477
236.8606
223.8085
232.4845
227.9578
225.8700
223.8085
222.5333
228.4839
219.5134
223.8085
216.3051
223.8085
219.2643
219.5134
217.5314
217.2854
217.2854
215.5738
216.0609
213.6402
211.2562
211.0198
212.2054
204.7700
209.8432
211.0198
208.4429
204.7700
204.3170
204.5433
204.7700
207.5164
202.5185
199.4217
202.5185
197.6804
201.8495
197.8970
195.7455
196.6024
196.8174
193.4145
193.4145
196.3877
188.4541
188.6575
190.5005
189.2692
192.9947
187.2402
185.4382
187.4418
184.8425
187.4418
182.4846
183.2663
181.7073
180.9343
189.4737
179.5916
180.1654
177.3194
172.3398
172.1588
172.3398
169.8275
172.3398
170.0054
171.9780
168.4126
169.6498
170.1835
165.4547
165.9719
167.8858
163.4057
163.7449
161.3880
160.5565
159.0729
159.2369
160.3908
158.4189
156.4767
155.3571
157.1208
155.9957
155.8358
154.7218
155.5165
154.4053
152.5227
151.7465
150.6678
148.8399
149.4462
148.3871
161.8895
146.7408
145.1162
142.6470
145.2630
142.6470
143.5128
143.3681
141.7874
140.3682
139.5246
139.1051
139.3846
137.0291
136.8919
134.8540
132.3225
134.4506
134.4506
133.2488
133.6480
131.4035
131.0118
130.1032
127.6725
129.3300
127.2934
124.0599
125.4166
124.0599
125.4166
122.9619
123.0834
121.0364
119.4961
119.2611
116.2506
119.4962
119.3786
118.9095
114.8888
116.1365
115.6811
116.0224
112.7675
112.6570
111.6677
111.3400
111.5583
109.7165
109.0740
108.2236
117.1681
107.5902
107.8009
105.1977
105.3006
104.9923
101.7603
102.7593
104.1746
99.7915
100.3781
98.9181
99.7915
97.6698
98.2440
98.3400
96.6258
95.4993
95.3128
93.8336
93.5588
91.9259
92.6482
92.6482
91.0305
93.3760
90.8525
89.5275
88.0479
87.6171
87.4454
86.9320
86.0825
85.1570
85.7449
84.3236
84.9062
82.4349
82.8422
81.9485
79.0840
79.4764
79.9497
80.1080
80.1079
78.2266
78.6153
78.6153
76.7649
75.9295
76.4602
75.7785
75.1020
74.5795
73.3967
73.8384
72.8843
72.0128
71.9406
71.4367
70.5088
68.9610
69.5206
69.6610
68.1976
68.6826
67.8529
67.5096
65.3452
66.2852
65.6127
65.0786
64.1522
64.2180
61.8810
63.9550
62.0732
62.1374
61.8170
61.2436
60.9900
60.1088
59.9837
59.3611
59.3611
58.3749
58.5589
58.1914
57.0990
57.4009
56.7382
56.4388
55.3115
55.0763
54.5495
54.4329
53.8527
54.0263
53.1049
52.3077
52.3644
51.4627
51.0158
50.5716
50.6824
50.2401
49.6910
50.6270
49.5816
48.8205
49.2545
48.8746
48.2817
48.4967
47.6401
47.9067
46.8986
46.7407
47.2155
46.3213
44.9231
45.6447
45.6447
44.7694
44.7182
44.1071
45.1286
44.0058
44.1071
42.7508
42.8503
43.5514
43.6521
44.3102
44.5140
45.2830
44.8206
45.7484
46.7933
46.4783
47.8000
48.2280
51.3507
48.4967
49.8005
50.1300
50.5716
50.7379
52.5346
52.4778
53.2769
53.8527
54.5495
55.1350
55.7250
56.4986
57.0388
57.8256
58.4975
58.9281
59.7964
60.3596
61.1167
61.3706
61.6892
64.1522
64.2180
64.2839
65.6797
66.2177
61.8170
67.8529
68.7521
71.2217
69.8722
70.8645
72.5201
71.7963
73.6909
74.2823
74.7285
80.2665
77.9942
77.2239
78.5375
78.5374
79.0840
80.3459
81.0636
81.1437
83.0874
83.9097
84.5728
84.2407
85.9980
85.5766
87.7031
87.9616
89.5275
89.7910
91.9259
91.8360
90.8525
94.4780
94.9409
95.1267
97.2889
98.4361
98.5323
99.0148
100.0844
99.4995
102.9603
102.2586
105.0949
105.6098
106.6474
107.3799
107.2750
109.1808
109.3948
111.1221
111.5583
114.8889
111.7772
113.7671
109.5019
116.0224
117.1681
118.2095
119.3786
119.2611
121.0364
120.7980
122.5983
122.9619
124.4283
124.4283
126.1636
126.0387
129.3300
128.8174
129.8449
133.1160
131.7964
132.9834
134.4506
133.5148
137.1663
137.0291
138.9655
141.9303
140.3682
141.9303
142.6470
143.8028
143.6577
145.8520
145.1162
145.8520
147.1876
151.1290
150.6678
151.2831
151.2831
152.5227
154.2473
156.1558
155.1980
157.4441
155.9957
159.2369
156.3161
160.3908
161.0548
161.8895
162.8983
163.5752
164.5970
163.9149
167.8858
169.1182
169.8275
168.7649
169.6498
171.9780
171.4371
170.8985
172.3398
171.6172
177.1318
176.0110
180.5494
178.4509
180.5494
182.0955
183.8553
185.4382
183.8553
186.8377
187.0388
184.0522
184.2494
189.4737
190.5005
189.0650
183.8553
190.2945
193.2044
195.1061
193.4145
193.2044
196.3877
194.8936
197.6805
203.4151
200.3000
200.9621
204.3170
199.8602
203.4151
209.6089
206.1371
208.4429
208.2107
208.4429
208.6754
211.4930
213.8805
212.4436
212.4436
214.6040
215.5738
215.0882
212.4436
216.7945
213.8806
220.5137
225.3522
220.7648
223.0422
225.3522
225.6109
227.1717
229.0118
225.8699
229.0118
229.5413
230.6055
230.6055
227.6954
230.3388
231.9455
233.0252
233.0253
233.8398
238.2519
236.8606
234.3850
238.2519
241.3534
242.2092
239.0921
244.8025
245.9677
243.0693
245.3841
245.0931
247.1409
247.7305
248.0260
247.4355
254.0439
252.5199
251.0091
251.3103
249.2132
260.2736
257.7556
257.4433
259.9569
256.8203
262.5061
258.0684
263.7942
263.7942
262.8272
260.2736
262.8272
266.0706
270.0402
266.0707
273.4146
265.0916
270.0403
271.7198
270.7103
271.0462
276.1586
271.7198
272.3958
277.1982
278.5930
277.5459
285.7253
281.0591
282.1259
276.8510
272.3959
280.7048
287.9177
282.1258
281.0591
285.3624
289.0233
287.5506
289.0233
289.3931
298.8754
293.5092
292.7543
298.4873
292.3780
293.5092
293.1314
296.1741
290.5071
292.0024
298.8755
293.1314
297.7132
302.7990
304.7897
296.1741
302.7990
334.4200
307.6102
309.2396
309.6490
307.6102
308.4232
305.1902
311.2947
309.2395
309.6490
314.2068
322.3233
319.2963
319.2963
317.1606
320.1567
324.0727
326.2799
327.6153
321.8882
326.2799
326.7241
331.6722
330.3114
324.0727
329.8598
332.5842
333.0418
334.4200
331.6723
332.5843
335.3437
349.1922
338.1383
338.6076
342.8768
339.5492
341.9210
348.7000
346.2552
347.2299
347.2299
342.3984
348.7000
354.6785
347.2299
341.9209
350.6753
354.6786
346.2551
350.1798
355.1839
350.1798
354.1743
358.2401
357.7278
360.3005
349.6855
363.4259
362.3793
364.4772
363.4259
355.1840
363.4259
316.3124
362.3794
363.4259
365.0046
367.1264
374.1580
383.6787
378.5912
372.5165
376.3642
371.4286
376.3643
374.1580
379.1511
367.1263
374.7076
392.9955
380.8390
375.2586
379.1511
381.4043
379.7125
384.8240
386.5522
392.4027
383.6787
392.4027
390.0457
395.3812
383.6787
386.5522
389.4598
399.0031
408.9256
394.7826
389.4598
400.8340
404.5363
403.2961
399.6119
398.3958
402.0620
411.4681
411.4680
413.3918
404.5363
414.6823
408.2938
400.2221
415.3299
413.3917
414.6823
410.8301
417.9372
415.3299
405.7827
414.6823
423.2316
415.3300
417.2829
414.0363
419.2507
443.3654
416.6303
419.9101
421.8978
414.6823
415.3300
417.2829
457.4187
419.9100
436.2500
430.0035
419.9100
422.5639
425.9195
437.6581
428.6352
441.2111
432.0695
439.7842
405.7826
434.1515
449.1954
445.5370
432.0694
444.0874
449.1954
434.8492
436.2499
438.3649
435.5486
437.6581
452.1575
446.2648
456.6610
450.6725
450.6725
452.1575
447.7263
444.0874
443.3654
459.7042
452.9030
455.9053
468.2477
463.5556
459.7043
463.5556
446.9947
449.9329
461.2385
461.2385
458.1785
452.9029
459.7042
449.9330
456.6610
451.4140
463.5556
469.0374
465.8918
462.0088
468.2477
464.3322
466.6750
469.0373
468.2477
472.2178
473.8216
469.0374
471.4195
474.6268
470.6232
494.6535
481.9769
477.0562
477.0563
473.0186
480.3274
493.7912
482.8051
492.9315
489.5172
496.3856
484.4688
484.4687
486.1419
479.5060
495.5183
495.5182
496.3856
495.5183
469.0374
469.8292
473.0186
470.6232
462.0088
493.7912
457.4187
473.0188
466.6750
469.0374
454.4000
470.6232
446.9947
444.0874
448.4599
446.2649
445.5370
458.9404
445.5373
445.5370
455.1517
436.9531
444.0874
442.6454
452.1575
441.9273
439.7843
447.7263
437.6581
372.5166
444.8113
438.3649
444.0874
427.9536
421.8979
443.3654
427.9536
430.0035
430.6904
415.9793
442.6454
454.4001
425.9195
425.2450
422.5639
425.9195
426.5958
417.2829
416.6304
411.4681
414.0363
432.7616
417.2829
405.7827
405.1587
415.3300
414.0363
396.5825
417.2829
399.0030
397.1855
400.2222
403.2961
402.0620
396.5825
430.0035
402.0620
375.2586
392.9955
393.5899
394.1855
394.7826
397.1855
388.2926
385.3986
394.7826
383.1081
388.2927
377.4752
387.7111
383.1081
385.9748
375.2586
382.5389
375.8107
380.8391
378.5912
375.2586
375.2586
377.4752
368.7305
370.3457
368.7304
377.4752
371.9720
368.1945
364.4771
368.1945
365.5332
356.7069
365.5333
365.0046
369.2676
364.4772
363.4259
360.3005
354.6785
349.6855
351.6696
356.1982
349.1922
346.7420
347.2299
345.2846
327.6153
341.9210
377.4752
350.1798
345.7693
340.9692
340.4948
336.7365
337.2028
333.0418
336.7365
332.1279
332.5842
329.8598
333.0417
329.4089
336.2712
335.3437
331.2177
324.9529
327.1692
332.5844
339.5492
321.0207
311.7083
334.4199
311.2947
325.8366
312.5378
315.4676
323.6339
315.0465
306.8004
307.2049
318.8675
322.3233
319.7261
306.8004
306.3966
306.3966
300.0445
298.4873
310.4702
300.8276
298.8755
301.2203
296.5578
298.0998
292.7544
296.9422
304.7898
295.7912
282.8404
290.5072
290.1351
287.9177
291.6276
286.4534
271.0462
288.2855
274.0969
288.2855
276.8510
285.0001
286.0890
277.5459
273.4146
278.2433
286.8184
265.7437
275.8135
273.7554
272.7348
272.3959
271.3827
266.3983
264.7664
294.2670
272.0576
265.4174
265.0916
268.3759
268.7075
264.7664
259.9568
262.8272
261.5459
260.9086
259.6408
256.1996
256.5097
254.9645
256.8204
254.9645
249.2131
252.5200
254.3502
254.9645
243.0693
250.7085
252.5200
250.1088
245.3842
247.4355
247.4355
238.5315
246.5534
237.9727
243.9337
241.0691
240.5019
236.3073
237.6940
235.4808
237.6940
233.2963
232.7547
232.2148
231.6766
232.2148
230.0726
226.3894
228.2207
224.5785
225.8700
224.3215
224.5785
224.5785
223.8085
222.2794
224.5785
220.2630
218.5193
216.5496
217.5314
218.2718
220.2631
217.7778
214.6040
212.9211
208.9083
211.7301
209.6089
210.7838
211.9676
209.6089
204.3170
207.0552
206.5955
203.8653
197.4642
204.5433
202.5185
202.2951
202.2952
202.9661
198.3310
198.3310
196.6024
197.4642
196.3877
194.8936
195.5321
193.2044
191.5345
187.4418
193.6249
188.4542
191.5345
187.8459
189.8835
186.8377
187.0388
184.6445
183.6587
184.4468
181.3203
182.6797
182.4846
176.9443
179.7827
172.1588
178.6404
177.8840
172.1588
177.1318
171.9780
171.9780
172.3398
171.4371
169.6498
169.2951
171.7975
167.1867
164.0851
168.0612
164.4262
161.7222
162.2249
160.3908
161.7222
161.8895
157.6061
151.5918
157.9306
156.9595
157.9306
155.0391
157.1208
156.6374
152.3671
148.5379
151.1290
151.4374
151.5918
150.0555
150.3613
149.5983
148.0861
146.5922
145.8520
146.8896
143.3681
142.9350
141.5023
141.2177
143.3681
138.4090
140.3682
141.3599
135.9365
138.8262
137.1663
136.2087
136.7550
134.3165
133.5148
134.1825
131.7964
131.5343
128.8174
130.4917
131.5343
126.9155
127.2934
127.6725
125.7895
125.5408
126.7899
122.5983
123.0834
122.7194
123.0834
123.0834
119.6139
118.4424
117.1681
119.1438
113.7671
117.2833
115.4542
116.4793
115.5676
113.8787
112.2161
112.9888
111.6677
109.9315
110.0392
110.0392
109.3948
107.9064
108.0120
109.2877
106.6474
104.6849
104.9923
104.6849
102.6589
101.5617
100.6727
100.6727
101.6609
99.1115
96.2489
97.2889
97.8608
97.3840
96.3430
95.4060
95.1267
94.3857
93.1024
93.2847
93.1935
92.8296
89.8790
90.0553
91.0305
89.6153
89.0026
88.3074
87.3596
87.5312
86.8467
85.3246
86.1671
85.1570
84.7394
82.8422
83.0056
83.0056
81.6257
80.0288
80.9036
79.5552
80.2665
79.0840
78.0716
75.7031
77.6853
75.6277
75.7031
75.2519
75.2519
74.7285
74.0601
73.1767
72.1575
71.9406
72.5201
71.0786
71.8684
69.3103
69.6610
68.0595
68.6826
68.2667
65.8811
67.3726
65.2785
66.8951
65.6127
65.1452
65.0786
64.5479
63.6929
64.3498
62.1374
61.9450
61.3706
61.1167
61.3706
61.8170
60.4224
59.5473
59.2371
58.6818
58.8665
58.6818
58.3137
56.5585
56.1406
55.4884
56.6783
55.7842
55.2526
54.7247
53.9684
53.5642
53.3342
52.7053
53.1049
52.1945
52.4778
51.4627
50.9045
52.3077
49.5816
50.0750
50.7379
49.8005
49.9101
48.3354
49.7457
47.3214
47.6401
47.5337
45.1800
47.0569
46.3213
46.3736
46.0603
46.2690
45.5412
44.8206
44.4120
44.9744
43.8540
43.5514
44.3102
43.1500
43.8035
42.9501
43.5011
43.3504
42.9002
42.4528
43.0000
42.6513
43.0500
43.8035
43.7530
45.0771
46.2168
45.1800
46.4783
47.2155
47.2155
47.8533
49.0914
49.1458
48.2280
50.1850
50.7934
51.4067
50.9601
53.2195
52.8763
54.3166
54.6663
54.7247
55.6657
57.0388
57.0388
57.6433
58.0693
59.4231
64.2180
58.7433
61.0533
62.0732
64.1522
61.6892
63.4968
65.8139
66.2852
67.0313
67.2359
67.3726
67.5781
68.8913
69.6610
70.9358
72.0851
72.7384
73.3967
74.4308
75.1020
76.0808
75.1020
76.0052
77.9942
79.1624
79.5551
80.1872
80.5845
81.6257
81.7870
81.5452
83.9097
85.0733
87.0174
86.6763
86.9320
88.0479
87.9616
89.5275
90.9415
92.5576
92.5576
93.6503
94.2935
95.3128
96.9094
96.5314
97.2889
98.1481
101.3634
100.8696
101.5617
103.7682
104.6849
103.7682
105.0949
105.1977
106.8562
113.0996
108.3295
110.5792
112.2162
111.4491
110.9046
112.4363
113.2106
116.3649
116.9380
117.5141
118.6757
119.0266
121.0364
120.4414
122.2359
122.1154
124.5514
125.1687
124.1826
126.1636
127.9259
129.9740
130.8816
129.4585
130.6215
134.4506
132.5863
134.0486
135.8007
136.0725
137.9933
137.0291
138.4090
139.5246
141.5023
141.2177
143.0792
144.6768
144.3848
143.8028
148.9912
148.6888
147.9359
149.1427
151.7465
151.7465
152.0564
152.5227
164.4262
154.0896
155.6760
156.9595
159.7301
157.2824
162.0571
160.3908
161.2213
161.3880
165.1109
162.0571
168.2368
165.9719
167.3611
172.3398
167.5358
169.2952
171.4372
172.1588
171.9780
172.5210
172.1588
177.6956
177.5074
177.6956
177.6956
178.8301
178.0727
182.0955
181.9013
182.8749
183.8553
183.4623
185.6373
183.0704
186.6370
188.4542
191.5345
190.2945
194.8936
191.9502
194.8936
190.9132
192.9947
196.1734
195.1061
195.9593
198.5485
199.8602
200.9621
203.8653
201.1834
207.2857
202.5185
204.5434
202.9661
207.0552
208.6754
210.0778
210.7838
211.7301
210.0778
211.9676
214.8459
215.5738
211.4929
216.3051
218.0246
215.5738
223.0421
233.5678
223.0421
219.5134
212.6822
224.0648
223.2972
224.0648
224.0648
226.6498
227.6954
227.1717
213.4001
230.3388
232.2148
229.5413
234.1121
231.6766
235.2062
232.4845
237.1380
236.8606
236.8606
233.0253
238.2519
241.9235
240.2190
239.6546
242.4954
255.8900
244.8025
234.6583
246.8469
241.6382
251.3103
248.9156
248.9156
248.3220
248.9156
252.2168
251.9141
252.5200
250.1088
259.6408
251.6119
255.8900
259.9569
260.2736
258.3817
257.4433
259.3251
261.5459
264.7664
259.6407
265.4174
269.3727
268.7075
262.8272
275.8135
269.3727
269.3727
273.0744
267.3844
271.7198
281.0591
270.7102
277.1982
276.5045
274.7816
275.4689
281.0591
277.5458
279.2943
281.7696
281.7696
281.7696
285.7253
267.0551
285.3624
294.2670
292.7544
289.0232
289.0233
294.2670
298.8754
295.0276
293.8877
296.1741
287.9177
294.6469
296.1741
293.8877
299.2643
302.0081
302.0081
298.0999
301.6138
300.4357
304.7898
303.1955
307.6102
311.7083
305.5916
306.3966
316.7361
307.6101
312.5378
313.3706
312.1226
316.7361
319.7260
314.6263
316.7361
316.3124
302.4031
324.5123
324.0727
319.7261
317.5860
324.5123
324.0727
326.7242
324.0727
326.2799
318.0123
339.0779
323.1961
333.0418
327.6153
331.6723
333.9596
336.2712
337.6701
333.9596
337.2028
333.5002
334.8813
338.6076
339.5492
374.1579
341.9210
343.3563
345.7694
345.7694
342.8767
349.1922
347.2299
349.6855
341.9210
351.6696
344.3184
349.6855
351.6695
354.6786
350.6753
359.7837
350.6754
361.8579
373.6096
368.1945
363.4259
374.1580
355.6905
349.1923
357.7278
373.0623
365.0046
361.3376
373.6096
371.4287
371.9720
366.5941
375.8108
373.0625
383.1081
375.8108
367.1263
381.4043
378.0325
379.1512
380.2751
379.1512
378.0325
325.3942
387.1310
384.8240
383.1081
381.4043
379.7125
392.4028
386.5521
381.4043
384.2507
384.2507
392.9956
392.9955
387.1310
394.7826
402.0620
398.3957
397.1855
395.9812
397.7899
410.8301
400.8340
392.9955
402.0620
402.0620
403.2961
403.2961
412.1078
401.4471
407.6637
407.0352
405.7827
398.3958
405.7827
404.5363
420.5710
413.3918
415.3300
402.6783
406.4081
407.0351
394.7826
418.5933
410.8300
425.9195
416.6303
416.6303
412.7490
424.5721
434.1516
415.9793
422.5638
427.2739
419.9100
429.3185
426.5958
427.9536
432.0695
430.6904
431.3791
425.2449
424.5721
421.2335
432.0695
443.3654
435.5487
436.2500
441.2111
485.3042
432.7617
443.3654
437.6581
443.3654
444.0874
444.8113
447.7263
446.9945
442.6454
434.8492
449.9330
455.1517
450.6725
448.4599
455.1517
455.9053
448.4599
456.6610
441.9273
452.1575
448.4599
469.8292
446.9945
458.1785
465.1109
458.1785
452.9030
451.4140
462.7811
458.1785
456.6610
479.5061
457.4187
462.0087
468.2477
467.4603
468.2477
460.4703
474.6268
469.8292
480.3274
458.9403
454.4000
471.4194
475.4344
483.6357
480.3274
473.8216
438.3650
478.6872
472.2180
465.8918
476.2440
461.2385
482.8050
492.0741
483.6358
486.1419
498.1277
495.5183
459.7042
469.0374
473.0186
469.0374
462.0088
457.4187
450.6725
469.8292
435.5487
458.9404
455.9053
450.6725
455.9053
444.0874
450.6724
407.0352
453.6505
446.9945
462.0088
460.4704
446.9945
430.6903
441.9273
431.3791
438.3650
435.5487
444.8113
479.5061
433.4557
444.0874
432.7616
434.8492
435.5487
432.7617
430.0035
427.2738
435.5487
422.5639
423.2316
402.0619
420.5710
414.6823
416.6304
420.5710
397.1855
416.6303
424.5721
408.2939
412.7490
411.4681
410.1936
409.5587
406.4081
393.5898
401.4471
402.6783
412.1078
397.1855
393.5898
409.5588
391.2213
394.7826
395.3811
407.0352
386.5522
383.1081
387.7111
391.2213
381.4043
393.5898
386.5522
387.1310
383.1081
380.2751
381.4043
391.2213
382.5389
380.8391
378.0325
374.1579
383.6787
385.9748
373.6096
375.2586
367.1264
373.0625
368.7305
383.1081
374.1580
362.9021
355.6904
369.2676
362.9021
370.8864
368.7304
363.4259
356.1981
360.8185
367.1263
378.5912
366.5941
362.9021
344.3184
352.1683
351.1720
349.1922
347.2299
350.6753
350.6754
339.0779
350.1798
346.2551
342.8768
338.6076
350.6753
340.9692
341.9210
340.4948
342.3983
340.9692
344.3184
342.8768
333.9596
340.9692
327.6153
322.3232
333.5002
326.7241
326.2799
329.8597
319.7261
309.6490
324.9528
312.1226
318.8674
312.1226
321.0207
327.1693
320.1567
328.5103
311.2947
313.3706
317.1606
306.3966
312.1226
306.3966
306.8004
305.5916
304.7898
302.7989
305.1903
284.2774
298.4873
301.6138
295.0276
295.4090
295.4091
303.1955
288.6540
296.5578
290.8799
292.7543
286.8184
289.7638
285.0000
283.9172
290.8799
289.7638
285.3624
280.7049
279.6460
277.8943
285.3624
281.0591
277.8943
277.5459
276.1587
278.9434
282.8404
276.1587
275.4689
276.5045
265.4174
271.7198
274.7816
270.7103
269.3727
267.3844
277.5458
267.3844
272.0576
266.3983
264.1177
265.4174
263.1490
264.1177
260.9086
257.7556
261.5459
256.8204
259.0102
251.6119
252.8237
254.6571
254.9645
252.2168
252.5199
249.8098
251.6119
250.4084
245.9678
247.1409
244.5125
245.6758
245.9678
243.0693
242.4954
242.7821
239.9366
242.7821
242.7821
236.0313
240.5019
235.7559
232.4845
236.3073
233.2963
234.6583
231.9455
232.4845
230.6055
226.3894
228.4839
230.0726
227.6954
226.3894
225.6109
227.6954
219.5134
224.5784
223.5527
221.0162
222.5333
218.2717
216.3051
217.5314
234.1121
214.8459
214.8459
211.4929
209.8432
212.4436
211.0198
208.9083
206.5954
208.4429
208.9083
207.5164
208.9083
203.8654
206.1370
202.7421
200.9621
200.3000
201.6272
202.2952
197.8970
197.6805
197.4642
193.8356
194.6814
195.1061
192.9947
193.2045
191.5345
191.9502
197.4642
190.7067
187.6437
188.8611
184.0522
189.4737
186.8378
185.8367
183.6587
184.0522
185.0408
179.2103
181.5137
178.2616
179.5916
178.6404
178.6404
171.4371
171.9780
171.9780
172.8842
171.2574
171.9780
170.0054
172.3398
169.1182
170.5405
165.7993
168.4126
165.9719
165.2827
163.5752
164.0851
163.2363
163.7449
160.7224
159.5656
156.4767
159.5656
157.9306
158.0932
163.4056
156.4767
154.4053
154.5634
155.0391
151.2831
152.9907
149.1427
148.6888
149.4462
147.6361
145.1162
146.4438
145.9997
144.2390
145.2630
143.9480
144.5307
142.6470
141.6448
139.3846
140.6507
138.4090
139.9457
137.0291
135.8007
134.4506
135.5294
132.5863
137.0291
134.7194
133.2488
133.7814
130.8816
131.1422
129.9740
127.1673
127.0413
126.5389
127.4196
124.4283
123.6927
122.9619
123.3267
119.7317
121.7545
121.3949
121.1558
119.0266
118.5590
117.3987
117.3987
117.5141
114.3265
115.1146
114.6636
113.5441
114.6636
114.2144
111.6677
111.8867
110.7960
108.1177
108.4355
108.1177
108.3295
106.6474
107.8009
105.5066
105.8165
104.9923
102.2585
102.3585
102.7593
101.3634
100.7711
99.0147
99.1115
98.7250
96.2489
98.5323
96.7202
95.1267
96.2489
94.6629
94.9409
91.9259
92.3767
92.0159
92.3767
92.0159
91.1197
89.3522
90.0553
88.0479
91.3877
87.1028
86.8467
85.8292
87.0174
85.4925
84.5728
84.2407
82.8422
82.5976
82.0294
82.1914
81.4648
84.0750
79.0057
78.9275
78.3042
78.2266
77.0706
76.9176
76.7649
76.3083
75.9295
75.1769
74.5051
73.3967
73.3967
73.2500
72.9573
72.3749
70.8645
70.6508
70.9358
69.3103
69.1704
69.4504
69.4504
67.4411
67.8529
67.2359
64.2839
66.5557
64.9456
65.5458
63.9550
64.0207
61.9450
61.9450
63.1061
61.3071
61.2436
60.8004
59.7964
59.7341
59.7341
58.2525
58.7433
58.0083
58.1914
57.2800
57.3405
56.9786
56.0216
55.6066
56.6183
55.0763
55.0175
53.7949
54.9003
53.7949
53.6219
53.5067
52.9334
52.7053
51.6309
51.4067
51.0715
50.5163
49.8005
50.2401
49.2545
49.3089
49.5816
46.6356
48.0137
48.8205
47.0569
42.5520
46.7933
46.4259
46.5307
46.1646
45.5412
45.0771
45.6447
45.1800
44.8206
43.9551
43.6521
43.3504
43.7530
42.7508
43.2000
43.3504
42.6513
42.3043
42.6513
41.9098
41.9098
41.5174
41.4197
