37.2026
37.6176
37.8029
38.0817
39.5879
40.2092
41.0301
41.5174
42.8503
43.5514
43.7530
45.3862
45.2315
46.8460
47.9602
48.1207
49.0372
50.4610
51.5187
51.9686
52.7053
54.6663
55.0763
55.4884
56.0216
59.1752
58.4975
59.5473
60.4853
61.4343
62.2659
62.5880
64.5479
65.8139
66.9632
66.9632
69.1704
69.1704
69.8017
71.2217
72.8113
73.8384
74.7285
75.3269
76.9941
79.7917
78.9275
79.3978
82.1104
82.1104
83.1693
84.0750
84.3236
86.0825
87.1028
88.5675
89.4398
87.7892
91.1197
92.5576
92.3767
94.1093
95.8734
96.5314
98.4361
97.2889
98.6286
99.8891
103.7682
103.7682
105.5066
105.7131
108.7543
107.2750
109.1808
111.1221
111.9964
113.7671
114.1024
115.9085
115.6811
114.7762
117.6297
119.1438
119.4962
119.8497
121.2752
122.4774
123.8150
125.9140
129.0734
127.5460
130.4917
132.8509
131.9277
131.2728
134.0486
133.9149
136.8919
136.3450
139.5246
137.1663
139.2447
142.3599
143.8028
144.0934
144.8231
146.4438
148.2365
149.4462
147.1876
151.2831
154.4053
154.8803
154.2473
154.5634
158.4189
159.5655
157.2824
159.8950
161.0548
160.3908
163.2363
164.9394
164.0851
166.6647
168.4126
166.8385
167.3611
168.9414
169.6498
171.7975
173.2484
173.2484
182.0954
182.2899
179.5916
181.9013
182.2899
183.6587
185.6373
187.8459
189.4737
188.6575
195.3189
190.7067
194.0466
191.7422
197.8969
197.2483
200.0800
195.3189
197.0326
199.8602
199.8602
201.4052
204.3170
203.4151
207.7475
202.2952
211.9676
208.4429
211.7301
213.4001
209.8432
213.6401
216.5496
216.7945
217.7778
217.0397
220.7648
215.5738
220.2631
222.2794
221.2681
219.0156
223.8085
224.3215
229.2763
229.8067
229.5413
230.8726
229.0118
237.4158
239.0922
235.7559
241.3534
239.6547
242.4954
241.6382
239.6547
249.2132
257.1315
245.9677
248.3220
246.2603
250.1088
248.3220
251.0091
255.5810
261.5459
252.2168
258.6957
260.9086
259.0101
257.1316
262.1855
265.0916
262.1855
264.7664
263.4713
269.0398
270.7102
285.7253
280.7049
267.3844
279.2944
275.1249
271.3827
278.2433
276.1587
284.6383
281.7696
294.2670
289.3932
288.6541
284.6383
289.0233
294.2670
285.3624
288.2855
293.8877
297.3273
298.0998
296.5578
297.7132
301.6138
300.0445
308.8310
304.3900
305.5916
307.2049
307.2049
311.7083
310.4702
307.6102
311.7083
312.1226
310.8820
321.4540
321.0207
317.5860
314.2068
324.9529
325.3943
338.1384
325.8366
329.4089
330.3114
334.4200
334.8813
328.9591
329.4089
337.2028
332.1277
340.9692
340.9692
348.7000
340.9692
350.6753
341.9210
350.1798
346.2552
349.1922
355.1840
351.1720
351.1718
357.2169
355.1840
361.8578
353.1689
355.6905
353.1691
364.4772
368.7305
367.6599
347.2299
367.6599
365.0046
374.7076
367.6599
369.2676
373.6094
379.7125
375.2586
379.7125
386.5522
375.2586
385.3987
383.6787
385.3987
386.5522
383.6787
392.4027
437.6581
385.3987
393.5897
392.4027
387.7111
386.5522
391.8113
399.0031
399.0031
393.5897
415.3300
405.7827
408.2939
402.6783
407.6637
409.5588
411.4681
413.3918
403.9155
419.9099
412.7490
417.2830
416.6303
427.2739
432.7617
422.5639
422.5639
421.8979
436.2500
439.0737
454.3999
437.6581
449.1952
443.3654
446.2648
448.4597
447.7261
466.6750
458.1785
455.1517
460.4704
455.9053
455.1517
464.3323
469.0374
507.8947
463.5556
478.6870
463.5556
458.9404
486.1419
471.4195
484.4688
493.7912
499.8802
477.0560
488.6697
477.0560
492.0742
468.2477
485.3042
493.7912
505.1995
483.6358
500.7602
500.7602
483.6358
503.4159
507.8947
481.1508
471.4195
486.1419
475.4343
481.9769
465.8920
469.8292
465.8920
455.9053
462.7811
471.4195
463.5556
493.7912
455.1517
461.2385
458.1785
458.9404
436.9531
456.6610
444.8113
422.5639
446.2648
434.8491
457.4187
423.9010
446.9945
436.9532
433.4557
430.0036
440.4967
419.2509
423.9010
425.2450
430.0036
407.0352
412.7490
419.9099
386.5522
444.0874
408.2939
414.0363
425.9195
408.2939
404.5363
414.0363
405.1587
402.6783
403.9155
419.2507
403.9155
381.4043
397.7899
384.8240
375.8108
377.4751
384.8240
377.4752
357.7279
370.8864
370.3457
380.2751
367.6599
365.5333
368.1945
358.2401
365.5333
360.3005
363.4259
355.1840
352.6682
355.6905
365.5333
361.8579
355.1840
358.2401
349.1922
348.7000
345.7694
347.2299
343.3563
335.3437
337.6701
334.8813
337.6701
333.9596
326.7242
329.8597
327.1693
327.6153
319.2963
327.1693
324.0727
320.5883
314.2068
306.3966
313.7883
312.9538
298.8755
308.8310
304.3900
307.2049
298.0999
302.7990
305.1903
293.5092
297.7132
290.1351
292.3781
293.5092
297.3273
282.1259
287.5506
283.9171
285.3624
282.1259
282.8404
278.5930
288.2855
279.6460
269.0398
266.3983
274.4389
270.0402
267.7143
271.3827
272.7348
265.7437
266.3983
260.2736
261.5459
256.1996
265.7437
251.6119
250.7085
251.9141
251.9141
249.2132
250.1088
246.5534
244.5124
246.5534
240.5019
238.2519
236.8606
240.7853
231.9454
236.0314
236.0314
236.8606
232.2148
234.1121
226.6498
229.0118
229.0118
226.9105
214.8459
222.0260
219.5134
218.5193
214.8459
213.8805
213.6401
215.0882
211.9676
212.4436
209.3750
215.5738
205.4520
206.8252
205.9084
202.9661
200.9621
199.2029
202.9661
200.7411
197.4642
197.0327
195.9593
195.3189
192.5760
191.3271
191.9502
188.8611
188.6575
189.8835
184.8425
184.4468
183.2663
182.4846
182.2899
178.2617
179.0201
173.2484
181.5137
170.1835
172.8842
170.1835
169.2952
170.0054
165.7992
164.7681
164.0851
163.9149
162.5612
161.0548
159.8950
163.2363
159.5655
157.7682
157.4442
151.7465
149.7505
153.9320
154.4053
149.5983
145.2630
147.1876
147.0385
147.7859
144.3848
143.0792
141.7874
138.9655
138.6870
137.4414
134.4506
136.4815
135.8007
133.5148
134.7194
131.6653
130.7515
130.7515
128.3071
126.5389
127.2934
127.7991
124.0599
123.8150
123.0834
121.7546
121.7545
121.1557
118.0934
118.4424
115.4542
112.7675
113.9905
112.6570
112.3262
112.1062
110.0392
108.5417
109.9315
106.2311
105.4036
105.9200
105.0949
102.8597
102.3585
101.9593
100.6727
100.5744
98.3400
96.4371
97.1939
95.3128
95.4060
94.3857
92.1961
91.3877
90.5860
90.5860
88.5675
86.9320
87.7031
85.5766
85.6607
84.3236
83.1693
83.2513
82.9239
80.5845
81.7870
78.3819
78.3819
78.8494
77.3006
77.0706
75.2519
75.7785
74.8031
74.5795
73.4702
71.7243
71.0786
69.4504
69.3103
68.7521
68.1285
67.3043
66.0155
67.4411
64.8792
62.3302
63.4968
62.0091
62.2659
60.7372
60.6742
59.5473
58.6203
58.2525
57.6433
56.3791
55.4884
55.3705
54.0263
54.3166
52.6483
52.4778
52.8763
51.1273
50.7934
50.8489
49.9101
48.8205
49.5270
49.2001
47.4806
46.7407
46.4259
46.4259
45.0258
44.4630
44.1578
43.4508
43.1500
42.1561
42.3043
41.4197
41.4197
40.8360
40.3533
39.8262
38.5488
38.7836
38.2682
38.0351
37.2486
37.8957
36.3801
35.0756
35.9275
34.3664
34.1903
33.7957
33.4904
33.0567
33.0567
31.8146
32.0271
30.5955
32.0271
30.6789
30.3046
30.0150
30.0150
30.3461
29.1946
29.1946
28.5054
28.8288
28.2639
28.4651
28.2237
28.2237
28.9099
28.9912
29.4806
29.7267
31.2653
31.4760
32.1976
33.3600
33.4469
34.8976
35.6124
35.6124
36.6532
37.9421
38.0817
39.7784
39.7307
41.0301
42.0575
43.2501
43.8540
44.3611
44.8206
45.5412
46.4259
47.0041
48.1743
49.2545
50.5716
51.1273
51.9686
52.4211
53.7372
54.9589
55.4294
56.7982
57.6433
59.4231
59.9212
61.1801
61.7531
63.8894
64.4158
66.7592
65.9483
66.6913
68.1285
69.5205
70.3669
71.5085
71.3650
74.2081
74.9524
76.5363
76.6124
76.9176
78.1491
81.0636
79.6339
81.7063
82.5162
83.4155
84.6561
86.2518
87.4454
89.4398
89.2647
90.7636
90.5860
91.0305
93.9254
94.4780
95.5927
98.6286
98.8215
101.8597
100.9681
101.6609
103.0609
105.3006
105.5066
106.8562
110.2549
109.1808
109.8239
110.2549
112.3262
112.2161
113.9905
114.1024
117.5141
117.8613
119.3786
119.2611
117.5141
123.3267
123.0834
125.6650
125.6650
126.7899
129.2016
129.2017
130.8816
130.6216
133.2488
134.0486
137.3038
136.2087
140.3682
140.3682
141.3599
140.5094
142.3599
145.1162
144.8231
145.1162
148.5378
149.7505
149.7505
148.9912
150.8213
153.7746
156.6374
158.7455
156.6374
155.8358
158.0932
158.4189
161.5550
160.8885
163.5752
164.4262
164.7681
165.7992
166.6647
168.9414
170.1835
164.7681
170.0054
173.0662
172.7025
173.4308
172.8842
176.5703
178.6404
181.3203
180.7417
184.8425
185.0408
187.2401
187.2401
188.8611
190.5005
187.8459
179.2103
193.4145
190.9132
199.2029
195.1062
197.2483
198.3310
201.6272
201.8495
201.6272
206.8252
206.3661
204.7700
207.9790
206.8252
209.1415
215.8172
211.7301
212.9211
212.9211
214.3625
217.0397
217.2854
222.7875
218.7673
223.0421
226.9105
225.3522
227.1717
226.9105
230.8726
229.5413
229.8067
233.8398
230.6055
234.9320
237.9727
233.2963
237.1380
241.9235
236.3073
230.0726
241.6382
247.1409
243.3569
248.9156
247.7305
256.8203
247.4355
251.9141
253.7380
251.3103
253.7380
256.1996
257.4433
257.7555
257.1315
263.4713
261.5459
261.8654
262.1855
264.7664
271.0462
262.5061
266.3983
268.7075
270.3749
277.8943
270.7103
276.5045
276.5045
278.2433
277.8943
279.9983
289.0233
283.9171
284.2775
282.8404
291.2534
289.7638
290.8799
292.3781
291.2534
302.4031
294.2670
295.0276
298.0998
300.4355
306.8004
303.1955
307.6102
303.1955
307.2049
305.9937
312.1226
310.4702
309.6490
307.6102
309.2396
312.5378
302.7990
317.5861
317.5861
324.9529
321.4540
321.8882
327.1693
324.9529
324.0727
333.5002
328.5103
333.9596
364.4772
340.9692
331.2177
334.8813
340.0215
340.4948
342.8768
341.4445
333.5002
345.2846
342.3984
352.1683
361.3376
350.1798
350.1798
352.6682
356.7069
362.9021
353.6710
357.7279
368.1945
367.1264
356.7069
369.8060
423.2316
372.5166
363.4259
361.8579
363.9510
376.9191
383.6787
385.9748
385.9748
375.8108
376.9191
377.4752
391.8113
382.5389
369.8060
380.8390
384.2507
395.3810
398.3958
391.8113
403.2961
391.2213
397.1855
394.7826
447.7261
414.0363
404.5363
528.4180
428.6352
410.1937
399.0031
399.0031
417.9372
406.4081
407.0351
420.5710
418.5933
407.6637
422.5639
407.0352
423.9010
436.2500
426.5958
426.5958
437.6581
434.1516
430.6904
422.5639
435.5487
435.5487
448.4597
457.4187
436.9532
439.0737
462.0088
439.7843
446.9945
448.4597
446.2648
444.8114
446.2648
477.8706
484.4688
439.7843
446.9947
472.2180
461.2385
460.4704
468.2477
469.8292
469.0374
473.0186
486.1419
483.6358
487.8247
507.8947
484.4688
480.3274
495.5183
499.0027
499.8802
481.1510
499.0027
473.0186
477.8704
492.9315
470.6232
470.6232
469.8292
456.6609
460.4704
458.9404
446.9945
462.7811
457.4187
458.9404
446.9945
434.1515
453.6505
429.3185
446.2648
446.9945
425.2450
436.9532
430.6904
431.3791
435.5487
417.9373
425.2450
420.5708
426.5958
416.6303
433.4557
421.8979
421.2336
412.1078
417.9372
415.3300
415.3300
411.4681
385.9748
410.8301
410.1937
411.4681
407.6637
399.6119
405.7827
400.2222
396.5826
386.5522
384.2507
384.8240
377.4752
390.6328
378.0325
384.8240
376.3643
380.8390
379.7125
372.5166
369.8060
374.1580
367.1264
366.5941
369.2676
360.8185
363.9510
356.7069
361.8579
359.2680
352.6680
359.2680
351.1718
350.1798
348.7000
344.8010
350.6753
341.4445
337.2028
344.3184
338.6076
335.8069
346.7420
331.6722
334.4200
334.8813
327.1693
328.9591
332.5842
317.5861
324.5123
324.9529
312.9538
313.7883
310.0592
319.2963
308.0163
306.8004
303.9911
301.6138
307.2049
305.1903
311.2947
299.2643
294.6469
294.2670
294.2670
296.5578
290.5072
287.9177
287.5506
283.9171
283.1986
279.9983
281.7696
293.1314
283.5575
277.1982
276.8510
273.0744
281.4140
274.4389
269.0398
270.7103
271.0461
265.0916
259.9568
263.7942
266.0707
262.1855
259.6408
254.0439
250.7085
250.7085
250.7085
246.8469
247.7305
246.5534
243.3569
245.6757
241.0691
240.7853
236.3073
237.1380
233.8398
236.0314
233.5678
231.6766
217.2854
227.4333
226.1295
228.7477
225.6109
229.2763
224.8360
220.7648
219.0156
220.0128
213.8805
215.3308
212.2054
215.8172
214.3625
213.1604
212.6822
209.3750
204.9969
209.3750
205.9084
207.2857
206.5955
200.9621
201.4052
200.0800
197.4642
195.5321
196.6024
193.4145
194.6814
193.2045
191.9502
189.2692
188.8611
186.2363
184.4468
182.0955
185.0408
179.4008
172.7025
179.0201
180.9343
178.6404
172.8842
173.2484
170.3619
170.5405
171.2574
166.4912
167.8858
166.1447
162.7297
162.7297
164.2555
163.0672
159.2369
158.5821
157.1208
156.9595
159.5655
155.9957
153.4605
152.5227
149.9029
148.9912
150.3613
146.7408
147.7859
147.6361
144.2390
143.9480
141.2177
142.2165
138.8262
139.6648
137.9933
135.3940
137.7170
133.5148
131.9277
132.9834
131.2728
130.8816
130.1032
128.8174
126.2886
124.3053
126.1636
123.2050
123.3267
121.0364
120.6790
117.7455
120.4414
119.2611
117.6297
115.4542
113.8787
114.5511
113.8787
111.5583
110.4710
110.1469
108.5417
109.0740
106.6474
108.2235
105.4036
104.8897
101.3634
101.2645
101.0668
99.2084
99.5968
97.8608
98.4361
97.3840
95.4993
94.1093
93.2847
91.1197
91.2983
89.9671
89.7031
88.1343
87.6171
90.4088
85.3246
84.9062
84.2407
83.7446
82.6791
81.9485
81.9485
80.4254
79.7917
79.5552
77.2239
77.1472
75.9295
77.2239
74.8031
74.7285
72.9573
70.2960
72.5928
72.3023
69.5206
69.8722
69.0307
68.0595
67.0995
66.6913
65.9483
64.1522
64.4158
63.8894
61.7531
61.1167
60.2968
59.9837
59.5473
58.4362
57.7040
57.9473
56.4986
56.2598
58.8049
55.8435
54.1423
53.6219
53.5067
53.4492
51.2389
51.7433
51.0158
49.9650
49.1458
48.4429
49.3089
47.4806
47.4806
46.3736
46.3736
45.4378
45.0771
44.4120
44.0057
44.0564
43.4508
42.6513
41.6643
42.0575
40.9815
41.0301
39.5879
39.6354
38.4084
39.1137
37.7565
37.9421
37.2026
37.0649
36.0629
35.7472
34.1903
34.6315
34.1463
33.7520
33.3166
33.9270
32.3257
33.0567
30.2632
32.2403
31.1812
30.9714
30.2632
29.8089
30.0976
29.9325
28.8694
29.4397
28.6669
28.4248
28.0233
27.8634
27.3069
27.5845
27.6641
28.0633
28.2237
28.7883
29.5215
29.5625
30.1390
31.6451
32.4541
31.8146
32.7547
33.4469
33.8832
35.5675
36.4711
36.5165
37.9886
37.8957
39.4453
39.5403
40.3533
41.6643
42.3538
43.7025
44.1071
44.7182
45.9042
46.1646
47.2155
47.9602
49.8553
50.5716
52.0814
51.9122
53.0477
53.2769
53.9105
55.5475
56.2598
57.7040
58.5589
59.1752
60.4853
61.6254
63.6929
62.3302
65.4789
65.4120
66.4204
67.7154
67.9217
69.6610
71.5804
70.9358
71.2217
73.3967
74.1341
75.1020
77.6082
77.8396
78.0716
77.9169
80.5049
81.9485
81.9485
84.0750
85.9136
85.4925
87.4454
88.3940
89.7031
89.8790
88.2208
92.3767
94.2935
94.1093
95.3128
97.4792
99.0148
98.9181
100.9681
101.7603
100.9681
105.0949
105.4036
107.6955
107.9064
108.6479
108.0120
110.2549
110.0392
110.4710
115.5676
115.1146
115.4542
116.7084
118.7925
119.3786
119.8497
118.0934
122.9619
123.5706
124.7979
126.7899
128.5620
129.9740
128.8174
131.2728
132.0592
133.2488
135.2588
135.5294
131.1422
136.3450
138.6870
141.7874
139.9457
141.6448
144.3848
149.1427
146.4438
147.1876
148.0861
149.4462
151.2831
151.2831
150.6678
154.0896
154.4053
152.0564
156.9595
157.6061
159.7301
159.0729
164.0851
164.5970
161.0548
164.2555
164.7681
164.2555
168.9414
168.0612
172.3398
169.8275
173.0662
171.2574
173.0662
173.0662
181.5136
179.5916
183.0705
183.2663
184.0522
184.4468
186.2363
183.6587
190.5005
190.5005
189.8835
190.9132
195.9592
195.5321
195.1061
195.5321
200.0800
198.7664
200.7411
201.4052
203.4151
202.2952
202.5185
205.9084
206.1371
205.2243
209.1415
211.9675
215.8172
215.5738
218.0246
213.8805
216.7945
220.2631
220.0128
223.0421
222.7875
222.0260
226.1295
217.0397
227.9578
224.8360
229.2763
230.3388
226.1295
234.6582
229.5413
237.6940
234.6582
233.5678
236.0314
235.7559
237.1380
242.7821
242.4954
245.6757
243.3569
250.1088
246.8469
250.1088
248.6185
250.7085
251.0091
252.8237
256.1996
262.8272
258.3817
261.2270
268.7075
259.6408
263.1490
257.1315
269.7061
269.7061
267.0551
272.0576
266.3983
269.0398
273.0744
272.3959
274.4389
281.0591
278.5930
279.9983
278.2433
283.5575
283.9171
283.9172
288.2855
289.3932
286.4534
293.5092
289.3932
288.6541
295.4091
291.2534
320.5883
302.0081
300.0444
305.1903
300.8276
301.6138
300.4355
302.7990
303.5929
305.9937
308.0163
308.0163
322.3233
307.2049
326.2799
320.5883
321.0207
313.7883
332.1277
326.2799
330.3114
329.8597
319.2963
331.6722
327.1693
336.2712
336.2712
328.9591
342.8768
338.6076
340.4948
337.6701
344.3184
341.9210
333.9596
341.4445
345.7694
344.3184
346.2552
357.2169
346.2552
356.7069
355.6905
353.1691
350.1798
374.7076
362.9021
355.1840
357.2169
359.7837
369.8060
361.3376
368.1945
368.1945
375.2586
375.8108
370.3456
376.3643
374.7076
378.0325
375.2586
380.8391
385.3987
384.2507
385.9748
381.9709
385.3987
395.9812
390.0457
395.9812
388.2927
390.6328
390.0457
388.8756
380.2751
403.9155
398.3958
405.7827
374.1580
408.2939
404.5363
413.3918
408.9256
407.6637
419.9099
423.9010
413.3918
421.8979
419.9101
416.6303
412.7490
423.2316
425.2450
427.2739
434.8492
433.4557
459.7043
446.9945
426.5958
439.0737
456.6608
437.6581
436.2500
437.6581
449.1954
441.9273
445.5370
441.2111
453.6505
445.5370
466.6750
469.8292
456.6610
470.6232
473.8216
455.9053
461.2385
480.3274
470.6232
443.3654
469.0374
475.4343
463.5556
482.8049
458.1785
482.8051
515.2006
489.5172
482.8049
475.4343
497.2554
487.8247
498.1277
469.8292
458.9404
471.4195
452.9030
465.8920
447.7261
462.0088
356.7069
436.9532
450.6725
445.5370
425.9194
451.4140
449.9328
452.1573
442.6454
425.9195
427.9536
444.0874
408.9256
430.6904
434.1516
439.0737
425.9195
422.5639
410.1937
421.2336
411.4681
423.9010
412.7490
414.0363
414.6823
403.9155
405.1587
403.9155
394.1854
399.6119
403.9155
406.4081
400.2222
405.7827
387.7111
393.5899
397.7899
379.7124
388.8756
380.2751
380.2751
383.1081
374.7075
367.6599
365.0046
384.2507
364.4772
367.6599
361.3375
366.0631
360.8185
357.2169
364.4772
352.6682
365.5333
359.2680
353.1689
349.6855
345.2847
351.1718
352.1682
331.2177
341.4445
333.9596
340.4948
337.2028
340.0215
337.2028
330.7640
328.9591
324.9529
331.6722
321.8882
327.6153
326.7242
322.7593
322.3233
321.8882
319.7261
312.9538
316.3124
312.9538
307.6102
304.3900
306.3966
297.7132
300.0444
302.4031
301.2203
300.0445
295.0276
295.4091
290.8799
295.4091
293.1314
283.5575
286.0890
285.7253
282.4828
280.7049
279.6460
283.9171
280.3513
276.5045
273.0744
279.2944
274.0969
272.7348
270.7103
270.7102
265.7437
261.8654
262.5061
262.5061
258.0684
261.5459
259.0102
251.0091
255.2725
257.1315
248.0260
244.5124
245.9677
253.1279
247.1409
243.6451
245.6758
240.5019
238.8116
234.6583
233.8398
239.3732
236.5838
229.8067
228.7477
228.4839
229.2763
229.5413
227.6954
225.8700
224.8360
220.0128
220.5137
223.2972
217.7778
216.5496
216.7945
219.2643
214.1213
207.9790
211.0198
212.6822
205.4520
201.8495
207.2857
206.1371
202.7421
203.1904
197.8970
200.3000
201.6272
196.3877
195.5321
194.8936
192.9947
189.2692
189.4737
190.7067
188.2511
186.0363
187.4418
183.6587
181.3203
180.7417
178.4509
179.0201
178.8301
177.3195
173.6135
172.8842
171.4372
161.7222
169.8275
167.0125
168.7649
164.7681
164.0851
164.5970
161.5550
161.3880
158.5821
156.9595
156.4767
160.0601
155.3571
154.8803
154.2473
153.7746
151.9014
152.2117
148.5379
149.1427
147.7859
145.4100
146.4438
142.9350
142.0733
140.5094
139.2447
137.4413
143.2236
137.8551
135.8007
128.3071
135.8007
131.5343
131.9277
129.5872
128.9454
124.9213
125.6650
124.5514
126.9155
123.8150
123.5706
121.0364
121.2752
120.7980
118.9095
119.7317
116.2506
117.1681
115.7948
113.5441
113.4328
112.1062
111.0133
109.7165
110.5792
107.6955
106.2311
104.9923
104.7872
103.2625
102.3585
102.9603
101.9593
100.0844
98.9181
97.3840
97.0990
97.4792
95.9671
94.8482
93.8336
91.9259
90.8525
93.1024
89.5275
90.4973
88.3940
87.3596
86.5913
84.9062
83.5799
84.1578
82.1914
82.2725
81.9485
79.1624
80.5049
78.5375
78.3042
77.2239
76.1566
75.7031
74.8031
74.1341
73.9122
73.4702
72.0851
71.2933
71.4367
69.0307
68.7521
68.0595
67.0313
67.1677
65.9483
64.9456
63.5621
62.3302
63.5621
61.8810
60.8003
60.6742
59.8588
59.4231
58.8665
57.4615
56.8583
56.7382
56.7982
55.6066
54.4329
54.0843
53.1622
52.4778
51.2948
51.8559
50.1300
51.0715
49.4724
49.7457
49.0372
48.3891
47.2684
46.5831
44.9231
45.9042
45.3346
45.4378
46.2690
43.8035
43.2000
42.8005
42.2549
41.4685
41.5174
40.8845
40.4015
39.6831
39.3978
39.4453
37.8029
37.8493
37.9886
36.3802
36.6076
36.4711
35.8824
35.0310
34.3664
33.4904
32.6257
33.0134
33.1865
32.1549
31.9420
32.4113
31.5182
30.8041
30.7206
30.0563
29.6035
29.6035
29.4397
28.3041
29.0725
28.8694
28.1836
28.0633
28.5054
27.7039
27.5448
26.8730
27.5051
26.8730
