40.0653
41.8115
43.2501
45.1800
47.4806
47.1626
49.0372
50.5163
52.2511
53.3342
55.3705
56.4388
57.5827
58.3137
60.6742
60.8635
63.2361
64.4158
65.5457
65.7468
69.1704
70.5088
70.7932
72.2299
73.8384
76.1566
77.7624
78.1491
79.1624
81.2239
81.7063
82.8422
87.0174
86.6763
87.6171
89.0026
90.3203
91.0305
92.5576
93.8336
95.4993
97.5745
99.0147
99.4024
99.6941
102.9603
104.3784
103.9712
106.8562
108.0120
110.7960
111.6677
113.3216
115.2277
117.6297
123.2050
119.0265
120.5602
121.8747
123.4486
123.3267
125.1687
127.1673
127.7991
129.9740
131.0118
133.5148
134.7194
134.4506
133.3817
140.5094
139.5246
141.2177
141.6448
145.4100
144.2390
145.8520
147.9359
149.9029
151.1290
152.2116
154.4053
156.3161
158.7455
157.1208
161.2213
158.7455
163.5752
164.4262
168.5887
169.1182
172.5210
168.9414
174.7149
173.2484
173.7965
178.2617
178.6404
177.5074
181.3202
179.7826
180.3572
180.5493
187.6437
187.0388
181.7073
191.5345
190.5005
192.1585
195.5321
195.1061
197.8970
198.5485
200.5204
200.7411
204.5433
203.8653
205.9083
205.6799
207.2857
210.0778
207.5164
210.7838
210.5481
211.9676
211.4930
213.4001
216.3051
216.7945
214.6040
220.0128
222.2794
222.5333
223.5526
222.5333
225.8700
229.8067
226.9105
233.0253
232.2148
235.4808
235.7558
235.4807
236.0314
240.7853
236.0314
241.3534
239.9366
243.3569
252.8237
245.6757
248.3220
245.6757
254.3502
248.3220
260.9086
249.8098
254.0439
260.5908
258.3818
258.0684
264.1177
262.1855
259.6408
264.1177
267.3844
266.0707
272.7348
268.7075
270.3750
275.1249
274.7816
277.1982
274.0969
278.9434
283.1986
275.8135
277.5459
287.1842
290.8799
284.6384
291.6276
285.0001
290.1351
286.8184
288.2855
289.3932
298.0998
298.0998
282.1258
295.7912
294.6469
297.3273
300.8276
298.8754
303.5929
300.4357
302.0081
305.5916
309.6490
307.2049
315.0465
314.2068
323.1962
314.2069
317.5861
320.5883
323.6340
321.8882
325.8366
331.2177
338.1384
339.0779
349.6855
340.0215
343.3563
347.2299
345.7694
349.6855
349.1922
352.6682
358.7534
356.1982
352.6682
357.7279
360.3004
354.1743
359.2679
361.8578
370.3457
366.5941
368.1945
374.7076
373.0625
369.8060
368.1945
376.3642
369.2676
378.0325
375.8108
376.9191
390.0457
385.9747
384.2507
397.1855
381.4043
385.9747
386.5522
385.9747
386.5522
394.7826
395.9812
401.4472
399.6119
407.0351
402.0620
404.5363
407.0352
406.4081
400.2221
410.1936
410.1937
412.1078
410.8302
418.5931
427.9536
426.5958
425.9194
429.3185
426.5958
430.6904
432.0695
439.0736
435.5487
430.6903
434.8491
440.4967
427.9536
462.0088
478.6870
453.6505
458.9403
462.7811
452.1575
465.8920
466.6750
446.9946
461.2385
439.7843
454.4001
464.3323
457.4186
447.7263
466.6750
465.8920
470.6232
473.0185
470.6231
473.8215
476.2441
473.8216
471.4194
469.8292
479.5061
492.0741
495.5183
492.0742
486.1418
492.0742
501.6429
488.6696
506.0951
509.7049
506.0952
492.0741
504.3064
506.9936
513.3580
518.9200
510.6143
499.0025
503.4158
509.7049
529.3839
506.0951
513.3580
517.0549
519.8569
512.4406
514.2781
522.6846
507.8948
533.2771
529.3837
531.3245
523.6328
536.2287
529.3837
524.5841
542.2154
547.2912
529.3837
540.2073
558.7452
543.2243
524.5840
549.3443
550.3754
564.0866
547.2912
548.3163
540.2075
561.9399
549.3443
563.0114
546.2695
554.5336
550.3756
547.2912
569.5154
571.7120
578.3885
563.0114
561.9399
564.0866
571.7118
560.8715
568.4225
571.7120
563.0114
576.1483
557.6874
529.3837
596.8596
561.9397
585.1990
570.6118
577.2664
590.9803
571.7120
560.8715
586.3478
588.6562
601.6357
588.6562
596.8596
580.6435
584.0546
592.1482
590.9803
584.0546
599.2394
612.6247
612.6247
584.0544
601.6355
630.4197
605.2609
600.4356
594.4961
600.4354
604.0483
623.9632
627.8235
611.3865
615.1134
617.6198
642.3367
601.6355
620.1437
598.0474
631.7249
640.9937
636.9926
621.4124
636.9927
596.8596
589.8163
621.4124
596.8596
611.3865
617.6198
633.0350
599.2394
611.3865
604.0482
599.2394
617.6198
629.1194
601.6355
584.0544
600.4354
570.6119
572.8154
604.0482
581.7767
590.9801
576.1481
566.2476
568.4225
556.6327
566.2476
560.8715
581.7767
572.8154
563.0114
584.0546
568.4225
563.0114
555.5814
541.2101
555.5814
560.8716
546.2698
536.2288
553.4891
552.4479
557.6874
545.2513
538.2118
536.2288
536.2287
538.2120
532.2993
524.5840
529.3837
541.2100
524.5840
560.8715
525.5381
540.2075
533.2771
557.6874
526.4952
550.3756
534.2580
525.5382
545.2515
521.7391
514.2781
501.6429
501.6429
521.7391
526.4952
512.4406
513.3580
514.2780
508.7986
505.1995
474.6268
502.5281
506.0951
499.0027
508.7984
503.4158
524.5841
499.0027
507.8947
485.3040
473.0185
487.8246
480.3274
483.6357
481.1508
489.5172
483.6357
465.1109
464.3322
461.2384
475.4343
458.1784
477.8706
471.4194
467.4603
470.6232
446.9946
452.9030
460.4703
455.1517
458.9404
448.4598
449.1953
457.4187
449.1954
455.1517
440.4969
449.9330
438.3649
430.6903
438.3649
436.2500
427.9536
424.5720
438.3650
427.2738
420.5709
419.9101
421.8978
421.8979
414.6823
410.1937
419.9101
415.9793
396.5826
407.0352
407.6637
419.2507
391.2213
400.8340
405.7826
407.0352
404.5363
395.9812
397.1855
401.4472
395.3812
399.6119
393.5899
380.2751
387.7111
380.8390
375.8107
381.4043
370.8864
373.0625
379.1512
372.5166
374.7076
369.8060
362.9021
374.1580
369.8060
366.5941
357.2169
359.7837
362.3794
351.6696
352.6682
355.1840
349.6855
351.6696
349.6855
342.8768
340.9692
346.2552
331.2177
340.4948
328.5102
324.0726
338.6076
328.9591
318.4395
322.3233
328.5103
324.9529
321.0207
320.5883
317.1606
314.2068
314.6264
316.3125
303.9911
307.6102
298.0998
300.0444
298.0998
302.0080
294.6469
292.3781
292.0024
295.7912
297.7132
293.8877
285.7253
282.4828
283.1986
276.5045
283.1986
270.7102
286.4534
275.4689
278.5930
277.5459
279.9983
273.4146
273.4146
272.0576
263.1490
267.0551
266.3983
266.7264
255.5810
258.3818
258.0683
253.7380
254.0439
255.5810
254.3502
251.0091
251.3103
249.8098
247.1408
249.2131
242.4954
244.8025
239.9366
244.2228
238.5315
237.1380
233.2963
228.7477
232.2148
233.8398
234.3849
226.3893
228.4839
226.1294
226.6498
229.2763
222.0260
224.5784
217.0397
217.5314
223.0421
217.7778
216.7945
220.2631
208.2107
205.9083
206.3660
207.2857
209.1415
204.7699
200.7411
200.0800
197.6805
197.2482
197.6804
192.7852
194.0466
188.2511
192.1585
191.1200
182.2899
188.6575
182.2899
182.2899
179.2103
177.5074
178.8301
177.6956
176.7572
180.5493
175.8251
172.7025
173.2484
168.7649
167.7107
166.8385
165.7992
165.6268
162.8983
159.0729
160.3908
159.8950
157.1208
156.4767
153.4605
149.7505
158.7455
150.3613
152.0564
147.1876
147.1876
145.9997
143.8027
143.6577
140.9339
139.2448
138.6869
136.4815
137.8551
136.2087
134.5849
132.9833
130.4917
129.8449
128.0529
128.0529
130.4917
125.5408
123.0834
122.1154
121.0364
119.4961
118.5590
115.6811
116.1365
115.5676
113.7671
112.1062
111.9964
109.7165
109.7165
108.2235
107.9064
104.9923
101.6609
102.0589
102.1587
100.5744
98.8215
97.5745
97.2889
96.6258
94.4780
93.5588
92.9205
90.7636
90.2318
89.9671
87.3596
86.7615
85.3246
84.7394
84.8228
84.7394
81.3041
80.8237
80.5845
78.8494
77.3006
77.7624
76.1566
75.4772
75.3270
73.4702
71.6523
71.3650
70.9358
68.0595
68.4051
67.4411
66.8271
64.6803
63.7583
63.4315
62.7819
60.9267
58.6203
59.9212
58.8665
58.8665
57.5826
56.9786
56.2002
54.9003
54.0263
53.2195
52.8763
51.9686
50.7379
49.8553
48.8205
49.3634
48.0672
46.2690
46.3213
45.7484
45.0258
45.4378
43.1500
42.9002
41.8606
42.2549
40.7392
39.9217
39.5879
38.8307
38.1748
37.8493
37.0649
36.5165
35.3434
34.4547
34.4105
33.8394
32.2403
33.4469
32.1976
31.8995
32.3685
33.5775
33.3600
34.6758
36.3347
37.8957
39.3503
39.4453
41.8115
42.6513
44.4630
44.9744
46.6356
47.5869
48.9288
50.0750
50.5716
52.9334
53.7372
54.7247
57.0388
56.7982
58.7433
59.2371
61.3706
61.3706
63.8238
64.0207
66.7592
66.8951
70.1545
71.0786
72.3749
74.5051
74.1341
75.7785
77.8396
77.6853
79.6339
79.5551
83.1693
84.6561
83.9923
87.0174
85.4085
89.2647
90.8525
91.4772
90.6747
93.8336
95.3128
96.9094
98.1481
98.1481
100.3781
102.9603
103.5656
103.2625
106.2311
106.1273
108.6479
111.2310
111.1221
114.6636
115.9085
115.9085
116.3649
118.9095
121.9950
121.3949
122.7194
123.2050
128.4345
127.1673
128.9454
130.2326
130.4917
131.4035
133.6480
135.5294
134.5849
137.8551
141.2177
139.6648
140.0863
143.5128
147.0385
147.4864
149.5983
148.8399
155.0391
149.4462
156.6374
156.6374
156.3161
157.6061
159.7301
160.0600
162.0571
160.5565
166.8385
170.1835
165.9719
169.8275
170.8985
170.8985
174.3468
173.0662
176.0110
179.2103
179.7826
181.3202
182.0954
187.6437
182.4846
182.0954
191.3271
191.7422
191.3271
195.5321
195.7455
196.3877
198.9845
198.3310
199.2029
204.5433
204.0910
205.6799
202.7421
209.3750
211.0198
210.3128
209.1415
210.3128
213.6401
213.4001
213.4001
219.7629
221.2681
220.7648
221.7730
224.5784
226.3893
225.6108
233.2964
229.0118
229.2763
233.0253
231.6766
236.0313
237.6939
240.5019
241.0691
241.0691
247.7304
248.0259
251.9141
251.0091
250.1088
257.1315
252.5200
252.2168
257.4432
256.5097
260.2735
259.9569
256.5097
267.0551
260.2736
270.0402
270.0402
272.7347
272.0574
277.5459
275.4689
273.0744
278.5930
281.7696
282.8404
281.4140
288.2855
292.7544
285.0000
292.0024
281.7696
290.1351
293.1314
292.7544
297.7132
296.1741
293.5092
300.4355
307.2049
304.3900
309.2396
302.4031
306.3966
309.6490
319.2963
309.6490
307.2049
312.1226
313.3706
312.9538
321.0207
318.8675
326.7242
321.4540
312.1226
326.7242
324.5123
328.5103
327.1693
340.0215
340.0215
342.8768
336.7365
347.7189
346.7420
346.2552
351.6696
358.2401
368.1945
356.1982
369.2676
363.9510
363.4259
369.8060
366.5941
376.9191
371.4285
367.1264
373.0625
384.2507
376.9191
382.5389
390.0457
390.0457
390.0457
391.8113
390.6328
391.2213
389.4599
385.3987
399.0031
390.6328
397.7899
403.2961
413.3918
407.6637
401.4472
410.8301
398.3958
411.4681
417.2829
408.9256
413.3918
409.5588
415.3300
421.8979
427.9536
420.5710
434.1516
436.2500
458.1785
432.0695
431.3791
439.0737
430.0036
438.3650
441.2111
440.4967
444.8113
441.9273
444.8113
449.9330
449.9330
450.6725
455.9053
452.1575
453.6505
462.0088
473.8216
462.7811
488.6697
463.5556
449.1953
461.2385
486.9821
493.7912
475.4343
489.5172
481.9769
494.6535
491.2194
486.9821
482.8051
502.5281
487.8247
491.2194
489.5172
491.2194
487.8247
489.5172
488.6697
492.9315
507.8947
506.9936
504.3064
491.2194
504.3064
485.3042
490.3670
520.7967
514.2781
520.7967
506.9936
531.3245
491.2193
514.2781
515.2009
517.0549
518.9202
508.7984
512.4404
530.3527
540.2075
517.9861
524.5841
522.6846
517.0549
548.3160
542.2155
529.3839
532.2993
529.3837
546.2697
546.2697
533.2771
533.2771
544.2362
547.2912
542.2155
537.2187
544.2362
556.6328
556.6328
555.5814
553.4893
560.8716
542.2154
513.3580
550.3753
537.2189
565.1655
554.5338
546.2697
556.6328
556.6328
558.7454
564.0868
573.9227
580.6437
565.1653
568.4227
559.8068
568.4227
570.6119
566.2477
551.4100
557.6873
586.3477
586.3477
599.2396
567.3334
575.0338
584.0546
577.2664
579.5143
549.3440
580.6437
579.5143
599.2394
580.6437
592.1482
588.6561
587.4999
601.6355
565.1655
600.4354
569.5154
578.3885
580.6437
605.2609
602.8399
620.1439
599.2396
580.6437
604.0483
617.6199
602.8399
600.4356
607.6985
622.6857
594.4961
601.6357
612.6247
626.5323
620.1439
626.5323
622.6857
643.6849
640.9935
596.8597
623.9634
611.3865
621.4126
608.9236
626.5323
608.9236
613.8670
620.1439
623.9634
607.6985
598.0476
610.1531
601.6357
566.2477
606.4775
604.0483
589.8162
592.1480
576.1483
661.6674
586.3477
587.4999
564.0868
555.5816
589.8162
564.0868
565.1655
565.1655
575.0338
573.9227
567.3334
556.6328
579.5143
560.8716
590.9801
552.4481
571.7120
536.2288
557.6873
554.5338
567.3334
560.8716
540.2073
561.9399
554.5334
568.4227
550.3753
547.2912
520.7967
552.4481
534.2580
544.2362
534.2580
513.3579
536.2288
518.9200
518.9202
515.2006
535.2419
520.7967
516.1263
531.3245
527.4551
501.6429
512.4407
505.1995
507.8947
507.8947
518.9202
513.3580
501.6429
511.5258
500.7602
492.9315
501.6429
502.5281
465.1111
487.8247
495.5183
499.0027
507.8947
493.7912
497.2554
492.0742
487.8247
499.0027
487.8247
476.2441
481.9769
474.6268
488.6697
478.6870
510.6140
478.6870
473.8216
465.8920
477.8704
469.0374
476.2440
458.9404
459.7043
466.6750
459.7043
452.1575
453.6505
456.6610
452.9030
454.4001
441.2111
441.2111
430.0036
432.0695
442.6454
439.7843
439.7843
440.4967
440.4967
442.6454
430.6904
432.7617
423.9010
421.2336
421.2334
419.9099
418.5931
412.7490
424.5721
424.5721
402.6783
418.5931
396.5825
403.9155
402.0620
411.4681
401.4472
413.3918
398.3958
379.7124
402.0620
383.6787
381.9709
392.4027
388.8756
385.3987
385.9748
378.5912
380.8391
381.9709
371.4285
371.9719
373.6096
371.9719
363.9510
370.8864
368.7305
370.3456
363.4259
357.2169
360.8185
362.9021
360.3005
360.3005
348.2089
354.6786
360.3005
338.6076
338.6076
338.1384
332.5842
340.0215
334.4199
333.9595
331.6722
331.2177
331.2177
328.5103
325.8366
320.5883
322.3233
315.8895
318.4395
312.9538
312.1226
307.2049
306.3966
308.0163
304.3900
304.7898
313.7883
303.1955
299.6539
301.6137
292.0024
291.2534
296.5578
290.1351
280.3513
290.1351
287.5505
292.3781
287.1841
282.8404
283.1986
278.5930
276.1587
276.8510
277.1982
274.4389
271.7197
270.3749
268.3759
270.3749
264.4418
273.4145
265.0916
259.3251
258.6956
258.3817
255.5810
257.4432
252.2168
250.4084
249.5112
255.2725
242.2092
246.8468
244.8025
244.5124
243.3569
242.7821
240.5019
237.4157
236.3073
233.8398
235.4807
233.5678
232.7547
233.0253
229.8067
223.2972
227.4333
224.5784
222.5333
221.7730
217.7778
217.5314
228.2207
221.5203
215.3307
210.5481
209.1415
211.0198
212.6822
205.9083
206.8251
206.1370
206.1370
201.8495
199.6408
195.1061
198.1138
196.8173
195.9592
194.2579
193.6249
189.0650
190.7067
191.7422
182.4846
181.3202
181.7073
182.8749
181.3202
177.1318
177.5074
175.6395
175.8251
172.8842
169.6498
172.7025
168.2368
165.9719
163.4057
166.6647
165.6268
163.7449
162.3930
159.5655
156.4767
157.7682
155.9957
155.1980
152.5227
152.6785
151.5918
150.5144
147.9359
144.6768
148.0862
144.6768
143.9480
141.5023
140.6507
138.8262
139.6648
136.2087
135.5294
133.9149
134.7194
133.9149
129.5871
128.9454
129.0734
126.0388
124.6746
124.0599
122.5983
120.3228
121.1557
118.5590
119.3786
115.7948
116.7084
119.2611
113.5441
111.9964
109.2877
108.3295
107.9064
105.4036
105.6098
104.9923
101.8597
102.4585
100.9681
100.0844
97.7653
96.7202
95.4993
94.6629
95.4060
92.9205
91.2089
90.4088
90.3203
87.3596
88.9155
87.5312
84.5728
86.6763
84.3236
83.5799
81.7870
81.3041
80.5845
79.6339
77.7624
76.8412
75.4021
74.9524
73.9122
73.1767
72.8113
72.0851
71.0072
66.9632
67.2359
67.1677
65.8811
65.1452
65.1452
63.6274
63.4968
62.0732
60.7372
59.7340
59.2371
58.5589
58.0083
56.4986
57.2196
56.0811
54.1423
54.0263
53.4492
51.8559
51.5187
50.5716
49.4724
48.9288
50.0200
48.1208
47.4806
46.6882
45.6965
43.9045
43.5011
43.1500
43.2000
41.2246
41.3709
39.7307
40.1132
39.3029
39.3503
37.9421
36.5165
37.2486
36.0178
35.2540
35.0756
34.7201
34.0146
33.0134
32.7978
32.1123
31.4760
31.3917
30.0563
31.0133
30.5539
32.5828
34.2343
34.8532
36.3801
37.3868
38.5957
39.9695
40.6426
41.9098
42.6016
44.9744
44.5650
47.4275
48.8205
48.9830
50.5163
51.9122
52.3077
53.9684
55.0175
56.2001
57.3405
58.8049
59.8588
61.6892
61.7531
63.5621
64.5479
64.0864
67.1677
69.4504
70.7220
70.5087
71.0786
73.8384
76.9941
75.0272
77.1472
78.7713
79.7127
81.4648
83.9097
83.5799
84.4897
85.9136
88.0479
87.3596
90.0553
91.1197
93.1024
94.8482
96.0609
96.9094
97.8608
99.1115
100.8696
102.0589
101.6609
103.2625
105.8165
109.1808
107.9064
109.6091
107.9064
113.5441
114.4387
116.7084
117.0529
119.3786
120.9171
122.3566
121.1557
125.2926
124.5514
127.0413
127.0413
130.8816
130.6216
130.7515
133.2488
134.5849
136.2087
143.2236
139.2447
139.3846
142.3599
143.2235
144.3848
145.1162
147.0385
148.8399
150.2083
152.5227
152.6785
153.7746
155.0391
156.9595
158.7455
158.2559
161.0548
162.5612
163.0672
165.2827
166.3178
169.1182
168.9414
170.8985
171.0778
178.4509
173.9797
177.6956
168.9415
180.3572
180.5493
179.9739
182.8749
182.2899
182.2899
188.6575
190.0888
189.2692
192.3671
194.2579
190.5005
198.3310
197.6805
197.8969
201.1835
203.8653
203.6400
202.7421
204.9969
208.9083
207.2856
205.6799
210.3128
213.4001
213.8805
217.0396
216.0609
217.5314
217.7778
220.5137
223.8085
225.3521
222.5333
226.3894
228.4839
228.2207
230.0726
233.2963
240.5019
235.4807
237.9727
237.6940
238.2519
241.3534
244.5124
245.3841
245.6757
248.6185
248.0259
250.7085
254.6571
254.0439
253.4327
255.5810
255.8900
257.7555
263.4713
261.2270
260.9086
268.0448
268.7076
267.3844
265.0916
269.7061
275.1249
269.0398
275.4689
274.4389
273.0744
278.2433
279.6460
285.0000
286.0889
285.7253
292.0024
288.6541
293.8877
294.6469
290.8799
290.8799
298.8754
300.4357
295.0276
300.4355
299.6539
305.1903
306.3966
308.8310
310.4702
314.6263
312.1226
312.5378
316.3123
316.3123
321.4540
320.5883
328.5103
323.1962
322.7593
332.5842
332.1277
327.1693
327.6153
328.5103
343.3563
353.1689
343.3563
345.7694
344.3184
349.1922
358.7535
323.6340
356.1982
365.0046
358.7535
362.3794
362.3794
368.1945
369.8060
369.8060
374.1578
383.1081
375.2584
379.1512
379.7125
374.7075
382.5389
391.2213
374.7075
392.9955
384.2507
380.8391
391.2213
383.1081
385.9748
395.3810
399.0031
402.0620
401.4472
400.8340
393.5897
408.9256
408.9256
412.7490
409.5588
404.5363
400.8340
409.5588
406.4081
411.4681
416.6303
432.0695
435.5487
428.6352
420.5708
421.8977
425.2450
432.0695
431.3791
431.3791
440.4967
442.6454
438.3650
456.6610
449.1952
446.2648
444.8113
446.9945
462.7811
449.9330
449.9330
470.6232
472.2180
469.0374
467.4603
477.8704
452.9030
479.5059
465.8920
452.9030
480.3271
441.9273
465.8920
477.8704
480.3271
481.9769
473.8216
484.4688
496.3856
483.6358
481.1510
503.4159
482.8051
486.9821
510.6140
496.3856
490.3670
476.2440
501.6429
485.3042
499.8802
504.3064
502.5281
510.6140
493.7912
486.9821
506.0952
506.9936
503.4159
520.7967
500.7602
521.7393
517.0549
526.4952
529.3839
524.5841
531.3245
513.3577
530.3527
509.7049
514.2778
512.4407
518.9202
526.4952
520.7967
539.2081
535.2419
553.4893
543.2243
536.2288
550.3753
536.2288
565.1652
540.2075
543.2243
530.3527
538.2120
536.2288
522.6846
544.2362
553.4890
560.8716
546.2695
555.5816
569.5155
539.2081
568.4227
569.5155
568.4227
569.5155
572.8156
555.5816
569.5155
556.6328
578.3884
582.9139
576.1483
566.2477
565.1655
581.7769
567.3334
571.7120
587.4999
570.6119
566.2477
572.8156
593.3199
592.1480
556.6328
566.2476
573.9229
549.3443
598.0476
605.2609
577.2666
576.1483
584.0546
575.0336
595.6759
586.3477
586.3477
554.5338
582.9139
598.0476
611.3867
588.6561
584.0546
577.2666
613.8670
610.1531
622.6857
606.4775
627.8235
608.9236
650.4996
604.0483
605.2609
618.8797
623.9634
623.9634
643.6852
625.2455
620.1439
620.1439
608.9236
605.2609
604.0483
630.4200
605.2609
611.3867
587.4999
589.8162
607.6985
586.3477
552.4481
585.1992
546.2697
589.8163
571.7120
592.1480
581.7769
575.0338
561.9399
568.4227
558.7454
576.1483
561.9399
561.9399
554.5338
567.3334
559.8068
551.4099
588.6561
556.6328
560.8716
584.0546
580.6437
563.0116
537.2189
542.2155
537.2189
537.2189
537.2189
554.5338
533.2771
550.3753
536.2288
535.2419
533.2771
535.2419
555.5816
526.4952
517.0549
531.3245
532.2993
523.6329
522.6846
531.3245
508.7984
520.7967
509.7049
511.5258
503.4159
500.7602
517.0549
505.1995
509.7049
502.5281
499.0027
509.7049
504.3064
496.3856
491.2194
495.5183
519.8570
487.8247
493.7912
481.1510
478.6870
499.8802
494.6535
465.8920
497.2554
476.2440
489.5172
478.6870
497.2554
470.6232
478.6870
477.0560
486.9821
481.1507
457.4187
474.6268
483.6358
476.2440
462.7811
473.0186
472.2180
452.9030
455.9053
434.1516
454.4001
445.5370
443.3654
454.4001
445.5370
436.9532
436.9532
423.9010
436.2500
408.2939
457.4187
434.1516
428.6352
425.2450
439.7843
423.9008
432.0695
419.9101
417.9372
416.6303
411.4681
414.6823
429.3185
406.4081
421.2334
415.9793
407.6637
408.9256
400.2222
399.6119
396.5824
391.8113
387.7111
392.9955
388.8756
385.3987
390.0457
379.7125
383.1081
371.4285
381.4043
380.2751
383.6787
371.4285
370.8864
374.7075
371.9719
373.0623
365.0046
366.0631
360.3005
358.2401
365.0046
362.9021
355.1840
359.2680
352.6680
354.1742
350.6753
356.7069
348.2089
341.9210
340.0215
342.3984
333.5001
332.1277
330.3114
332.5842
331.2177
328.9591
324.5123
328.0623
321.4540
313.7883
320.5883
314.6263
312.1226
306.8004
307.6102
311.2947
306.8004
306.8004
306.8004
302.7988
303.1955
297.7132
293.8877
294.2670
289.0233
292.0024
288.2855
287.1841
282.1259
283.1986
275.1249
282.8404
277.1982
280.3513
274.4389
273.4146
276.1587
274.4389
269.7061
268.3759
268.7075
267.0551
267.7143
262.5061
257.4432
263.4713
261.5459
259.3251
256.8203
255.5810
253.1279
249.8098
248.9155
249.5112
247.4354
242.4954
247.4354
245.9677
244.5124
243.9337
238.8116
239.0922
236.5837
231.6766
232.2148
232.7547
234.9319
226.6497
229.5413
229.8067
224.8359
229.0118
219.7629
221.2681
220.5137
220.2631
219.5134
220.0128
213.6401
211.7301
213.6401
208.6754
210.3128
204.9969
207.5163
206.1370
206.3660
205.6799
202.0722
197.0326
197.6804
196.6023
197.0326
191.5345
193.8356
192.3671
190.7067
190.5004
188.0483
183.0704
182.6796
182.6796
182.4846
180.5493
175.4541
177.1318
172.5210
174.7149
174.5307
169.2952
169.2952
167.1867
167.8858
165.1109
166.1448
163.0672
159.4011
157.4441
159.2369
157.9306
153.6175
153.7746
153.1471
148.8399
149.1427
150.6678
147.4864
147.9359
146.8896
143.2235
143.6577
144.3848
141.3599
140.3682
138.1317
136.4815
134.7194
135.2588
131.1422
131.5343
130.3621
129.2017
129.5871
126.9155
127.1673
123.8150
121.6345
121.3949
120.4414
119.4962
118.9095
119.1438
117.8613
115.5676
112.9888
111.9964
111.7772
109.7165
108.5417
108.0120
106.2311
105.0949
103.9712
103.3634
102.4585
99.7915
100.6727
97.6698
95.9671
96.0609
95.8734
94.7555
92.1961
91.9259
90.3203
90.9415
87.9616
86.9320
86.1671
86.7615
83.9923
83.6622
82.7606
82.4349
79.8706
79.3193
77.8396
77.7624
77.3006
75.1769
74.0601
73.9861
71.7243
70.7932
72.0128
70.8645
70.7220
67.3726
68.7521
67.2359
64.4818
63.4968
63.9550
63.5621
62.2016
60.8635
62.8466
59.2991
58.5589
57.8864
55.7250
56.6183
54.6663
54.6079
53.9684
53.1049
51.7433
52.0814
52.4211
50.0750
49.2001
48.4429
47.3745
46.6356
45.9042
45.3346
45.6447
44.4630
43.2000
43.2501
41.9590
41.7133
40.9330
39.3978
40.8360
38.5957
38.3616
39.4453
36.9274
36.3347
36.2440
35.0310
34.4988
34.1903
33.8394
32.9271
32.4541
31.2232
30.9295
30.7206
30.8459
30.1803
29.9325
29.3170
29.5625
