42.6016
42.0575
43.2501
44.0058
44.0564
46.2168
45.9562
47.0041
47.2155
47.9067
48.8205
49.2001
49.6910
50.5716
51.2389
51.6871
52.3644
51.7996
53.7372
55.4294
54.7832
56.3194
55.7249
58.0693
58.0083
59.1752
59.6718
61.1167
60.2341
61.6254
62.0091
63.5621
64.5479
64.2839
66.2852
67.3726
67.0313
67.7841
68.2667
68.9610
70.1545
71.2217
71.3650
71.9406
73.6909
74.3565
74.8031
76.0808
76.0808
78.3042
78.6153
79.2408
80.1872
80.3459
81.3041
82.5976
83.3333
82.7606
85.2408
86.2518
90.0553
86.4214
88.2208
88.7413
89.7910
89.7910
91.2983
92.1961
92.0159
93.9254
94.6629
96.7202
94.9409
97.1939
98.7250
98.8215
100.1822
99.5968
100.5744
104.4805
104.9923
104.7872
107.6955
106.3350
107.6955
108.3295
110.2549
111.3400
109.8239
113.6556
111.4491
115.3409
113.9905
115.7948
118.5590
119.8497
120.0860
119.9678
121.2752
121.5146
122.3566
122.8406
123.9374
126.4137
126.5389
127.0413
128.9454
130.2326
128.3071
131.6653
132.3225
130.7515
133.3817
135.6650
136.3450
137.3038
138.1317
139.1051
141.2177
140.6507
140.3682
142.5034
141.9303
144.8231
146.7408
147.9359
148.8399
149.4462
151.4374
150.5144
150.2083
153.1471
152.0564
153.4605
155.9957
156.3161
156.9595
158.9091
156.4767
161.2213
162.0571
160.0601
163.2363
164.4262
162.2249
160.0601
165.9719
167.3611
168.9414
172.3398
169.4723
172.7025
173.0662
171.9780
176.7572
171.9780
178.4509
179.0200
181.3203
181.9013
184.2494
185.4382
183.8553
194.4695
187.0388
187.0388
180.1655
185.4382
187.2402
188.6575
191.3271
193.6249
191.3271
196.6024
193.2045
197.4642
198.7664
195.1061
211.2562
200.5204
201.1835
200.7411
202.5185
204.0910
205.4520
208.6754
208.4429
208.6754
209.1414
211.9676
210.7838
211.2562
211.4930
214.3625
216.3051
211.4930
217.2854
214.8459
220.5137
223.0421
220.0128
222.5333
223.2972
217.0397
226.3894
225.6109
227.6954
232.4845
231.1402
233.5678
230.8726
232.4845
236.0314
234.1122
237.9727
233.2963
236.5837
240.7853
236.8606
230.6055
237.4158
245.0931
250.4084
248.3220
247.7305
248.0260
248.3220
246.5534
253.7380
254.0439
251.3103
257.1315
256.1996
257.7556
255.5810
254.9645
260.2736
262.1855
264.1177
264.1177
260.9086
261.8654
266.3983
266.0707
267.3844
267.0551
270.3750
271.3827
271.7198
274.4389
273.4146
285.3623
276.1587
281.0591
281.0591
277.8943
277.5459
275.4689
281.0591
285.3624
285.3624
285.0001
287.1842
294.6469
289.3932
287.9177
293.5092
296.1741
295.0276
295.0276
296.5578
294.2670
303.5929
302.4031
298.8755
299.6541
306.3966
300.8276
302.4031
306.3966
305.1902
307.6102
307.2049
309.2396
310.4702
307.2048
307.2049
312.5378
319.7261
314.2068
312.1226
318.8674
324.9529
333.0418
325.8366
326.7242
334.8813
328.0623
331.6724
330.3114
334.4200
333.9596
339.0779
333.5002
339.5492
333.5002
351.6696
337.6701
342.3984
342.3984
347.2299
365.5332
349.6855
345.2848
351.6696
347.2299
349.6855
361.3376
344.3184
355.1840
350.1798
358.2401
360.8185
365.5333
360.8185
370.8864
362.3794
371.4287
371.4286
367.1264
366.5941
367.6599
360.3005
385.3987
376.3643
382.5389
376.3643
369.8061
390.0457
378.0325
379.7125
380.2751
381.4043
419.2509
360.3005
444.0874
374.7076
383.1081
395.9812
394.1855
391.8113
402.6783
404.5363
399.0031
394.1855
412.7490
402.0620
412.1078
399.6119
407.6637
414.6823
402.6783
415.9793
416.6304
425.2450
410.8300
415.9793
424.5721
419.2507
422.5639
407.0351
419.2509
418.5932
421.2336
424.5721
433.4557
434.1515
435.5487
432.0695
437.6581
426.5957
444.8113
403.2961
436.9532
441.9273
434.8492
442.6454
444.0874
462.7811
450.6725
449.1954
437.6581
456.6610
466.6750
458.9404
454.4001
446.2648
473.8216
449.9330
465.1111
464.3323
463.5556
487.8247
472.2180
481.9769
462.0087
464.3323
478.6872
462.7811
452.1575
462.0088
472.2180
489.5172
468.2477
478.6872
497.2552
477.0562
482.8050
481.9767
490.3669
493.7912
494.6535
499.8802
499.0027
499.8802
499.8802
494.6535
491.2193
502.5280
499.0025
507.8948
507.8947
514.2781
527.4551
512.4406
526.4951
517.0549
512.4407
517.0548
536.2288
594.4961
527.4550
524.5840
534.2578
595.6757
519.8569
535.2417
546.2697
520.7967
527.4551
537.2187
535.2419
518.9199
556.6328
544.2362
544.2364
568.4227
546.2698
540.2073
551.4100
558.7454
554.5336
557.6874
564.0868
566.2476
554.5338
575.0336
576.1483
554.5336
577.2666
581.7769
590.9801
585.1990
598.0473
584.0546
587.4999
580.6435
590.9803
578.3884
595.6759
587.4999
602.8399
600.4354
586.3475
575.0336
593.3203
618.8797
608.9236
606.4774
593.3199
571.7120
600.4354
626.5323
613.8670
610.1531
636.9927
634.3495
626.5323
654.6492
627.8235
621.4126
626.5320
623.9632
625.2454
626.5320
636.9926
623.9634
638.3215
645.0383
653.2611
668.8171
626.5320
651.8778
653.2609
700.3735
639.6551
654.6490
656.0423
670.2634
653.2609
679.0557
661.6672
642.3367
682.0312
670.2634
664.5114
670.2634
667.3766
629.1193
661.6674
689.5705
679.0557
670.2634
671.7150
668.8171
697.2565
694.1642
697.2565
677.5764
676.1027
692.6271
719.5963
806.7030
671.7148
703.5144
701.9409
709.8708
692.6273
676.1027
694.1642
717.9592
706.6801
729.5581
714.7045
727.8810
722.8902
726.2107
727.8810
717.9589
722.8902
727.8810
711.4756
724.5471
717.9592
736.3350
719.5960
739.7651
653.2611
798.7432
739.7651
746.7105
751.9954
750.2265
729.5581
753.7717
750.2265
751.9954
785.1447
790.9219
802.7056
808.7150
755.5555
746.7103
785.1447
779.4417
750.2265
792.8644
800.7200
790.9219
802.7056
810.7360
796.7750
818.9106
808.7150
787.0621
831.4515
788.9878
825.1386
827.2334
796.7750
810.7360
840.0043
835.7083
820.9773
833.5751
840.0043
829.3377
796.7747
816.8533
835.7083
831.4515
850.9181
846.5225
855.3557
848.7157
846.5228
853.1320
864.3549
802.7053
859.8342
866.6312
850.9188
850.9188
848.7157
846.5228
892.3994
837.8516
885.2364
885.2364
880.5183
864.3549
862.0892
885.2364
909.5249
885.2364
902.1135
1201.5021
924.6815
890.0002
850.9188
892.3994
945.6133
902.1135
897.2328
912.0194
892.3994
929.8353
945.6133
935.0412
899.6672
1007.8456
919.5789
924.6815
932.4316
650.4999
942.9503
909.5249
907.0423
981.5129
935.0412
1313.8412
984.3768
948.2900
950.9800
967.4175
937.6639
897.2328
924.6815
922.1238
984.3768
950.9804
990.1494
1051.4573
981.5129
990.1503
942.9499
945.6133
950.9804
932.4316
1001.8837
975.8303
998.9268
1013.8725
1019.9652
1013.8725
1023.0366
995.9856
964.6423
1016.9105
978.6641
959.1348
973.0113
993.0602
1023.0362
990.1503
1048.2281
1045.0176
1032.3529
1041.8250
1019.9652
990.1503
1013.8725
984.3768
1010.8509
1026.1250
1019.9652
993.0602
1013.8725
1001.8837
1007.8452
1013.8720
1026.1250
1029.2303
1035.4927
1026.1250
1127.3844
1098.6433
1016.9105
1067.8772
1091.6671
1051.4568
1064.5555
1116.4464
1084.7717
1035.4923
1527.3485
1123.7167
1116.4464
1095.1450
1102.1621
1057.9689
1057.9689
1123.7167
1105.7017
1064.5560
1067.8772
1127.3844
1169.2307
1116.4464
1077.9546
1153.6877
1123.7167
1120.0707
1134.7864
1146.0582
1131.0742
1134.7864
1098.6433
1116.4464
1138.5209
1131.0742
1134.7864
1173.1769
1134.7858
1244.2262
1193.2814
1098.6433
1169.2307
1197.3788
1218.2625
1157.5377
1120.0707
1209.8280
1131.0742
1205.6519
1189.2098
1142.2781
1165.3090
1185.1638
1177.1476
1116.4464
1193.2814
1149.8613
1201.5021
1328.6394
1181.1432
1127.3844
1248.6533
1134.7864
1153.6877
1064.5551
1161.4114
1244.2262
1193.2814
1185.1638
1235.4574
1248.6533
1266.6570
1951.2290
1218.2625
1169.2307
1244.2256
1218.2625
1235.4587
1275.8403
1253.1096
1013.8720
1226.8048
1226.8048
1201.5028
1299.3479
1294.5824
1253.1096
1209.8286
1318.7402
1348.8580
1354.0024
1231.1178
1271.2333
1253.1096
741.4905
1226.8048
1308.9774
1185.1638
1257.5955
1271.2333
1289.8491
1285.1472
1348.8580
1257.5955
1418.7131
1289.8491
1385.6526
1313.8419
1348.8580
1308.9774
1313.8419
1275.8403
1280.4778
1294.5817
1402.0018
1299.3479
1364.4016
1407.5313
1328.6394
1343.7499
1396.5128
1294.5824
1374.9506
1413.1014
1333.6403
1338.6770
1333.6410
1333.6403
1514.5165
1560.3391
1354.0017
1402.0018
1149.8613
1057.9689
1396.5111
1359.1835
1313.8419
1369.6571
1359.1835
1407.5295
1343.7499
1430.0621
1413.1014
1369.6571
2402.4998
1459.1908
1402.0018
1396.5120
1418.7131
1333.6410
1354.0024
1369.6571
1483.3047
1323.6719
1343.7499
1396.5128
1385.6526
1385.6526
1615.9996
1508.1752
1435.8004
1413.1014
1407.5313
1489.4501
1343.7499
1407.5313
1477.2056
1546.9836
1489.4501
1508.1760
1453.2766
1418.7131
1501.8853
1402.0010
1489.4501
1567.0984
1407.5304
1489.4501
1477.2065
1430.0613
1441.5820
1489.4501
1435.8004
1645.2532
1471.1552
1435.8004
1527.3485
1424.3665
1413.1014
1424.3665
1520.9071
1453.2766
1615.9985
1489.4501
1514.5165
1508.1760
1601.7375
1413.1014
1553.6344
1483.3037
1385.6526
1623.2207
2357.4446
1495.6434
1645.2532
1560.3391
1546.9827
1567.0974
1637.8467
1560.3391
1477.2056
1630.5028
1615.9996
1601.7375
1553.6344
1553.6334
1567.0974
1430.0621
1608.8389
1714.8682
1560.3381
1608.8389
1587.7106
1520.9071
1587.7106
1573.9130
1615.9996
1601.7375
1667.8574
1587.7106
1683.2544
1501.8853
1645.2532
1645.2532
1637.8467
1637.8467
1623.2207
1645.2532
1567.0974
1683.2555
1615.9996
1594.6940
1637.8467
1683.2555
1816.8091
1514.5165
1540.3862
1567.0984
1722.9473
1630.5028
1546.9836
1587.7106
1573.9130
1553.6344
1675.5214
1739.3232
1731.0974
1608.8389
1706.8605
1755.9960
1683.2555
1698.9219
1333.6410
1675.5237
1683.2555
1615.9996
1698.9230
1941.0055
1601.7365
1660.2583
1660.2594
1630.5028
1667.8586
1608.8389
1747.6219
1706.8593
1546.9836
1501.8853
1489.4501
1807.8785
1645.2532
1560.3391
1527.3485
1825.8235
1623.2207
2417.8867
1483.3037
1573.9130
2014.7910
1520.9071
1971.9880
1862.7452
1546.9836
1698.9230
1683.2544
1587.7106
1816.8091
1834.9231
1722.9473
1667.8586
1714.8682
1691.0551
1698.9230
1608.8389
1790.2638
2003.9257
1739.3232
1834.9231
1667.8586
1667.8563
1834.9231
1645.2532
1675.5237
1853.3827
1560.3402
1799.0310
1722.9460
1731.0986
1930.8833
1747.6219
1630.5039
810.7360
1930.8833
1853.3827
1764.4463
2117.8745
1540.3853
1790.2650
1540.3862
2105.9272
1560.3381
1608.8389
1910.9374
2003.9257
1971.9865
1514.5165
2094.1079
1920.8611
2014.7877
1755.9960
1961.5540
2205.2722
1731.0986
2025.7690
2059.3979
2014.7877
1961.5555
1941.0055
1825.8221
2205.2722
2105.9272
1862.7452
1941.0055
1951.2290
1971.9865
1825.8235
1971.9865
1930.8833
2154.5059
2070.8452
2082.4146
2048.0708
1920.8611
2231.5227
2059.3979
1901.1105
1982.5251
2179.6064
1781.5797
2082.4146
2059.3979
2070.8435
1601.7375
1637.8467
2192.3677
2192.3677
2036.8617
2059.3979
2070.8452
2117.8745
1982.5236
2117.8728
2218.3232
2036.8600
2082.4146
2231.5227
2105.9272
1660.2594
2036.8617
2117.8745
2272.0386
2531.1343
2142.1619
1891.3793
2417.8867
2231.5227
2129.9521
1872.1980
2154.5059
2166.9868
2094.1079
2285.8586
2285.8586
2154.5042
1930.8818
2231.5227
2357.4468
2357.4468
2036.8617
2205.2722
2179.6064
2285.8586
2372.2832
2299.8386
2313.9854
2166.9849
2449.2354
2244.8733
1755.9960
2244.8733
2179.6064
2342.7876
2154.5059
2285.8586
2244.8733
2272.0386
2387.2996
2285.8586
2218.3232
2231.5227
2299.8406
2372.2832
2481.3745
2218.3213
2313.9875
2433.4641
2387.2996
2205.2705
2205.2722
2285.8586
2433.4641
2192.3677
2166.9868
2673.7100
2449.2354
1993.1683
3239.1394
2105.9272
2497.7498
2372.2810
2372.2832
2192.3677
2231.5227
2387.2996
2258.3777
2514.3342
2313.9875
2402.4998
2548.1467
2328.3022
2548.1467
2565.3882
2387.2974
2299.8386
2497.7498
2465.2041
2433.4641
2548.1467
2548.1516
2372.2832
2272.0386
2070.8452
2433.4641
2497.7522
1993.1683
2449.2354
2875.2297
2565.3882
2372.2832
2692.6252
2372.2810
1971.9865
2258.3777
2514.3342
2481.3745
2465.2041
2548.1516
2497.7498
2497.7498
2497.7498
2618.4705
2618.4705
2731.2410
2711.8005
2514.3342
2433.4641
2481.3745
2618.4705
2770.9392
2600.5430
2731.2410
2618.4705
2481.3745
3740.1587
2600.5430
3441.2710
2811.7668
2514.3367
2481.3770
2832.6191
2897.0076
2853.7725
2897.0076
2987.3896
2673.7100
2655.0488
2811.7668
2402.4998
3034.6563
3472.1621
2417.8867
2692.6226
2897.0076
2875.2329
2692.6226
2987.3896
2750.9519
2565.3882
2897.0076
2964.2869
3010.8435
3083.3926
2964.2869
2433.4641
2750.9519
2919.1033
2770.9392
3266.5869
3159.4065
2770.9392
2402.4998
3108.3335
3266.5908
3058.8364
2750.9519
2531.1318
3010.8398
2711.8005
2731.2380
3776.5112
3034.6563
3083.3926
2770.9392
2673.7100
2964.2869
3010.8435
3410.9097
4626.6523
3010.8435
3239.1394
2964.2869
2811.7668
2770.9392
2059.3979
3034.6563
2964.2869
3159.4065
3010.8398
3108.3335
3133.6685
3472.1667
2987.3896
3159.4065
3410.9097
2964.2834
2731.2380
3410.9097
3159.4065
2731.2410
3381.0645
3185.5576
3212.1318
3351.7224
2770.9392
3266.5908
3212.1277
3635.0803
3535.5994
2919.1033
3108.3335
3351.7224
3381.0645
3740.1587
3535.5994
3535.5898
3381.0645
3635.0803
3535.5994
3108.3335
3441.2756
2618.4678
3185.5537
3704.4817
3010.8435
3239.1353
-13586.5215
4181.8472
3535.5994
3503.6016
3441.2710
3568.1658
3441.2756
7679.7988
3322.8708
3441.2756
3535.5994
3472.1667
3635.0754
3266.5908
3813.5583
3704.4817
3441.2756
3635.0803
3058.8328
3813.5527
2811.7668
3740.1587
4572.7183
3704.4817
3568.1609
3635.0803
3212.1277
3776.5056
3704.4766
3740.1587
3601.3206
2048.0708
3503.6062
3601.3206
3635.0803
3740.1587
4181.8472
4181.8472
4227.0918
3851.3149
3776.5112
4855.4438
4094.1375
3568.1658
3266.5908
3635.0754
3929.0742
4320.5122
4181.8472
3601.3157
4681.8467
4572.7183
3740.1587
3133.6685
4181.8472
4137.5317
4855.4438
3969.1099
4009.9492
3740.1587
4681.8467
3776.5112
4418.0557
3704.4817
4368.7520
4626.6445
5107.5103
3889.8127
4181.8472
4051.6165
4227.0918
3969.1099
3929.0742
4520.0005
4520.0005
4181.8472
4368.7520
4572.7104
3929.0684
4094.1375
3969.1099
4368.7520
3929.0684
4273.2964
4418.0557
3294.4934
4137.5386
3381.0645
3929.0742
4681.8467
4468.4595
4626.6523
3704.4766
4418.0557
5107.5103
4978.3511
5107.5103
5243.4111
5107.5103
4855.4346
7260.3022
5314.0566
3010.8398
5697.3115
4418.0557
6653.3843
4738.3447
4273.3032
4273.3032
5042.1196
4978.3511
5042.1196
4051.6165
2731.2410
4520.0005
5314.0566
4916.1445
4626.6445
3851.3206
4137.5386
4681.8384
6883.7310
5107.5103
5174.5854
1601.7365
5042.1196
4572.7183
4520.0005
5042.1196
4520.0005
8150.0029
4626.6523
5314.0566
4855.4438
4855.4438
4626.6523
5042.1294
6335.0122
4855.4438
5042.1196
5314.0776
5697.3115
5107.5103
10498.8057
14200.0781
4572.7183
5314.0566
5697.3115
4855.4346
5780.5625
7004.8989
6883.7310
4855.4346
4738.3447
5616.3853
5780.5625
6235.4556
4468.4595
6766.6265
5386.6060
7679.7769
6543.8169
6335.0122
4978.3418
5461.1035
6653.3843
5461.1260
4738.3364
5386.6167
5954.4492
5042.1196
5537.6870
5780.5625
10780.4141
5386.6167
6138.9185
4978.3511
6883.7310
6138.9326
6045.3066
9074.1309
5386.6167
4916.1353
7534.7314
8496.3750
5243.4111
7534.7524
6235.4556
4468.4521
4418.0630
6543.8169
5780.5625
6543.8008
5780.5625
5866.2261
6045.3066
7679.7988
8680.7012
6235.4556
9074.1309
6883.7310
6335.0122
6543.8169
6543.8169
6437.7480
7260.3022
8496.3750
6138.9326
6335.0122
15273.8018
7395.0156
6766.6265
7130.3462
7130.3271
6235.4556
5386.6167
6235.4556
7130.3462
5780.5625
8496.3750
7130.3462
7987.0776
7395.0156
7679.7988
1169.2307
10498.8057
7395.0156
8496.3750
21873.2676
7534.7314
-36135.5078
7987.0776
7534.7524
6883.7310
10231.4072
6138.9326
7260.3022
8873.1055
9977.1689
5954.4492
3058.8364
9977.1689
4796.1943
5243.4111
5537.6870
6335.0122
5866.2393
5174.5957
6437.7324
5537.6870
17225.0879
5866.2261
6883.7310
12074.2871
6138.9185
7004.8989
7004.8989
6543.8169
6653.3682
6437.7480
5042.1104
8873.1055
7534.7524
7395.0156
7534.7524
4320.5122
4137.5386
5954.4360
5243.4111
11077.3955
6543.8169
6138.9326
5697.3115
6543.8169
6543.8169
3929.0742
6883.7310
7260.3022
8873.1055
4273.3032
7004.8989
4978.3511
6543.8169
5461.1260
5461.1260
6883.7134
5386.6060
6235.4556
5697.3115
6045.3066
5461.1035
5174.5957
6543.8169
5042.1104
5697.3115
6766.6265
5386.6167
5107.5200
6335.0122
5866.2393
5243.4111
4855.4526
5866.2261
4681.8550
7130.3462
5461.1260
7534.7524
5314.0776
4681.8384
5866.2134
5616.3730
5243.4214
6653.3682
3535.5898
6138.9185
5954.4360
6883.7310
7987.0542
4468.4595
6543.8169
5537.6870
6138.9185
3601.3206
5107.5103
6543.8169
5243.4111
6138.9326
5537.6753
6883.7310
5107.5103
6653.3843
7004.8989
6543.8169
6766.6265
4738.3535
5174.5854
5954.4492
8873.1055
5314.0566
5780.5625
4738.3364
5780.5625
5866.2393
6045.3066
7830.4629
5386.6167
5107.5200
6437.7480
4681.8467
6045.2930
4916.1445
5697.3115
4681.8467
5537.6870
5461.1035
6543.8169
5042.1196
4978.3511
5243.4111
7260.3022
-13586.5215
4796.1855
7987.0542
5314.0669
4520.0005
6766.6265
5461.1260
6766.6265
6235.4556
5461.1260
6235.4556
4855.4438
5386.5947
5866.2393
5954.4492
6335.0122
5386.5947
5954.4492
4916.1445
9074.1309
5042.1196
4181.8403
7130.3462
5107.5103
5697.3115
5243.4111
5461.1260
7830.4629
5107.5103
3601.3206
7260.3022
-14537.5615
3776.5112
4227.0850
5616.3730
5042.1196
5107.5103
6766.6265
4978.3511
5386.6167
7534.7524
3635.0803
5243.4111
6138.9048
6883.7310
4855.4438
4468.4521
5243.4111
5461.1035
5314.0566
5697.2993
5174.5854
4855.4346
5243.4111
5174.5854
5461.1035
4978.3418
3568.1658
4681.8384
5042.1196
5107.5200
4418.0557
4137.5386
4137.5386
4181.8403
4738.3364
5042.1196
4855.4346
4916.1445
5866.2393
4626.6523
4418.0557
4572.7183
5174.5854
5042.1196
4009.9431
5461.1260
4681.8467
5174.5854
4181.8472
4094.1375
4320.5122
4796.1855
4273.3032
1102.1621
4738.3447
5174.5854
3969.1038
5314.0566
4738.3447
4978.3511
16521.8574
4796.1943
4572.7183
4227.0918
4094.1375
5107.5103
4137.5386
4978.3418
4916.1445
4418.0483
3083.3926
4094.1311
4368.7520
3601.3206
4796.1943
5243.4111
4273.3032
4368.7520
4468.4595
3969.1099
4520.0005
4009.9431
3929.0742
4796.1855
4572.7183
3601.3206
4273.3032
3704.4766
4320.5122
6543.8169
3813.5527
4468.4595
3503.6016
3969.1038
2582.8477
4137.5386
4796.1943
5042.1196
3568.1658
4009.9431
4520.0005
4978.3511
3669.4617
4181.8472
4368.7520
4137.5386
4320.5122
3669.4617
4418.0557
1553.6344
5107.5103
3851.3206
3851.3206
4009.9492
3889.8186
3669.4617
3889.8186
3669.4617
4368.7446
4227.0918
3635.0803
4094.1375
3704.4766
3740.1587
4051.6165
3568.1560
4738.3447
3776.5112
3851.3206
3669.4617
4009.9492
3889.8127
4468.4595
4855.4438
5314.0566
3568.1658
3503.6016
4273.3032
3704.4817
3266.5908
3635.0803
4094.1375
3813.5583
3669.4617
3813.5583
4320.5122
3813.5583
3704.4817
3740.1587
4009.9492
3969.1099
3851.3206
3969.1099
3381.0688
3635.0803
3969.1099
4137.5386
4320.5122
3568.1658
3704.4817
3381.0645
3503.5969
3601.3206
5042.1196
4320.5122
3889.8186
3601.3206
3083.3889
3813.5583
3929.0742
3635.0803
4368.7520
2770.9392
3472.1714
3351.7180
3601.3206
3410.9141
3740.1587
4572.7183
3294.4934
3601.3206
3503.6016
3322.8708
3381.0645
3635.0803
3535.5994
3601.3206
3601.3206
3568.1658
3669.4617
3159.4065
4520.0005
3133.6646
3535.5994
3441.2710
2770.9392
3813.5583
3212.1318
3441.2710
3601.3206
3635.0803
3601.3206
4181.8472
3568.1658
3669.4617
3535.5994
3503.5969
3740.1587
3239.1353
3601.3206
3322.8667
3740.1587
3322.8708
3058.8328
3322.8708
4738.3447
3635.0703
3535.5898
3185.5576
3351.7268
3239.1394
3472.1621
3472.1667
3108.3335
3058.8364
3212.1318
3472.1714
3381.0645
2964.2869
3083.3926
3058.8364
2964.2869
3159.4065
3568.1658
4916.1353
3601.3206
3133.6685
2987.3896
2941.5273
2897.0076
3294.4976
3058.8364
3034.6563
2875.2329
4051.6165
2875.2329
3266.5908
3133.6685
2770.9392
3058.8328
2832.6191
2731.2380
2941.5273
3058.8364
2964.2869
2791.2090
2964.2869
3010.8435
2582.8503
2853.7725
2919.1001
2853.7725
3294.4976
2919.1001
2964.2869
2582.8503
2770.9363
2636.6348
2770.9392
2987.3896
2811.7668
2750.9519
2811.7668
2832.6191
2497.7498
2205.2722
2731.2410
2811.7668
2342.7854
2832.6191
3239.1353
1698.9219
2750.9519
2692.6226
2449.2329
2964.2869
2964.2869
2750.9490
2692.6252
2964.2869
2731.2380
2618.4705
2811.7668
2919.1033
2514.3342
2832.6191
2731.2410
2711.8005
2548.1467
2673.7100
2582.8503
2832.6191
2692.6252
2565.3882
2832.6191
2449.2354
2692.6196
2853.7725
2582.8503
2770.9392
2417.8889
2655.0461
2692.6252
2497.7498
2919.1033
2711.8005
2811.7639
2531.1318
2770.9392
2402.4998
2372.2810
2449.2354
2231.5227
2481.3745
2711.8005
2372.2832
2514.3342
2481.3745
2731.2410
2465.2041
3669.4514
2600.5430
2497.7498
2372.2832
2987.3896
2417.8843
3034.6563
2258.3777
2465.2019
2272.0366
2372.2810
2154.5059
2531.1318
2531.1367
2142.1619
2618.4651
2313.9875
2357.4468
2514.3342
2299.8406
2218.3232
2417.8867
2285.8586
2285.8586
2402.4973
2514.3342
2328.3022
2258.3777
2313.9875
2357.4468
2313.9875
2531.1318
2433.4641
5107.5103
2179.6064
2258.3757
2372.2832
1993.1699
2179.6064
2179.6064
2342.7876
2449.2354
2299.8386
2105.9272
2600.5430
2129.9521
2003.9241
2179.6064
2299.8406
1993.1683
2402.4998
2048.0708
2205.2722
2192.3677
2003.9225
1971.9865
2770.9392
2342.7876
2142.1599
1825.8221
2285.8586
2154.5059
2192.3677
2059.3979
2272.0386
1971.9880
1982.5251
2059.3979
2070.8452
1862.7452
2313.9875
2059.3962
2048.0708
2059.3962
1601.7365
1853.3827
2154.5059
2244.8733
1698.9230
1941.0055
1971.9865
1799.0310
2036.8617
2258.3777
1961.5555
1691.0538
1971.9865
1853.3827
1834.9231
1862.7452
2025.7690
2105.9272
1951.2290
2154.5059
2154.5059
1834.9218
1881.7422
1637.8478
2003.9225
1920.8611
1951.2290
1755.9960
2003.9225
1881.7422
1881.7422
1853.3827
1951.2290
1698.9230
1652.7253
1790.2650
1816.8091
1891.3793
2313.9875
1667.8574
1930.8833
1853.3827
1799.0310
1731.0974
1691.0551
1747.6219
1891.3793
1747.6219
1790.2650
1816.8091
1691.0551
1807.8785
1853.3827
1982.5236
1652.7230
1722.9460
1722.9473
1872.1980
1747.6207
1706.8605
1637.8467
1483.3047
1881.7422
1489.4501
1540.3862
1580.7834
2003.9257
1722.9473
1546.9827
1608.8389
1318.7402
1764.4463
1553.6344
1652.7230
1608.8389
1660.2572
1477.2056
1862.7452
1527.3485
1764.4463
1533.8405
1465.1493
1587.7096
1430.0621
1587.7106
1587.7096
1441.5820
1862.7452
1402.0010
1608.8389
1553.6334
1424.3656
1706.8605
1546.9836
1683.2555
1560.3391
1601.7375
1608.8389
1489.4492
1465.1501
1630.5028
1527.3485
1615.9996
1601.7375
1508.1760
1508.1760
1520.9071
1489.4501
1483.3047
1447.4072
1508.1760
1402.0010
1430.0621
1396.5111
1391.0630
1520.9071
1514.5165
1453.2766
1424.3665
1407.5295
1483.3047
1391.0630
1483.3047
1359.1827
1441.5811
1465.1493
1364.4016
1396.5111
1424.3665
1333.6410
1608.8389
1413.1014
1441.5820
1501.8853
1413.0999
1374.9506
1343.7491
1407.5313
1407.5313
1418.7131
1553.6344
1348.8580
1816.8091
1354.0024
1354.0024
1299.3479
1333.6410
1271.2333
1328.6394
1271.2327
1354.0024
1308.9774
1244.2262
1275.8397
1380.2822
1359.1835
1424.3665
1333.6410
1289.8491
1294.5817
1275.8403
1235.4587
1248.6526
1391.0637
1313.8419
1266.6570
1280.4785
1308.9774
1209.8293
1244.2256
1285.1479
1262.1112
1257.5955
1214.0317
1197.3788
1266.6564
1205.6525
1257.5955
1201.5021
1218.2625
1266.6570
1280.4785
1304.1461
1165.3083
1235.4587
1123.7167
1153.6877
1169.2301
1169.2307
1120.0707
1205.6519
1177.1476
1127.3844
1016.9105
1222.5199
1095.1450
1173.1769
1165.3090
1165.3090
1790.2650
1222.5186
1095.1445
1131.0742
1071.2169
1123.7167
1146.0576
1091.6671
1102.1621
1181.1426
1074.5769
1127.3844
1308.9774
1142.2781
1123.7167
1181.1432
1057.9698
1084.7717
1081.3538
1081.3538
1091.6671
1105.7017
1441.5820
1026.1245
1057.9689
1077.9556
1026.1245
1045.0176
1112.8436
1013.8725
1051.4568
1023.0366
1032.3529
1102.1621
1004.8562
1038.6495
1054.7037
1057.9689
1051.4568
993.0597
1041.8250
1001.8833
1026.1245
1035.4927
964.6423
987.2554
1019.9652
1016.9105
995.9856
964.6423
961.8816
984.3763
1004.8566
998.9263
956.4029
1013.8725
924.6815
942.9495
940.3000
940.3000
945.6133
932.4316
998.9268
950.9800
953.6847
914.5266
1013.8725
964.6423
932.4316
919.5786
899.6672
909.5245
924.6815
892.3994
937.6639
691.0958
873.5249
902.1135
894.8102
922.1238
899.6672
904.5719
848.7157
894.8102
853.1317
904.5719
866.6312
820.9773
866.6312
848.7157
855.3557
853.1320
964.6423
871.2163
833.5747
864.3549
866.6312
855.3553
844.3401
857.5897
1318.7402
848.7157
882.8717
829.3377
794.8154
831.4515
802.7053
827.2334
816.8533
814.8051
837.8512
827.2334
806.7030
802.7056
794.8154
796.7750
792.8644
794.8152
783.2356
823.0533
779.4417
806.7030
804.6996
751.9954
816.8533
753.7717
804.6999
804.6999
736.3350
753.7717
739.7649
732.9328
734.6304
732.9326
736.3350
753.7717
727.8810
751.9954
722.8900
1508.1760
700.3730
738.0466
736.3350
714.7045
700.3730
716.3286
682.0312
705.0941
697.2565
692.6271
708.2723
703.5144
726.2107
689.5705
692.6271
703.5144
691.0958
709.8708
654.6492
679.0557
680.5406
680.5406
676.1027
677.5764
674.6346
667.3766
653.2611
676.1027
661.6672
667.3766
660.2533
660.2533
663.0867
673.1721
653.2611
663.0867
651.8781
638.3215
649.1270
635.6687
646.3961
631.7251
638.3215
645.0383
634.3495
639.6551
629.1193
627.8235
636.9927
611.3867
601.6355
635.6687
633.0350
618.8797
599.2394
618.8797
596.8597
618.8797
596.8597
598.0473
600.4356
592.1480
607.6985
585.1990
605.2609
598.0476
586.3477
575.0336
595.6755
590.9801
572.8156
580.6437
587.4998
557.6873
580.6437
566.2477
561.9399
587.4998
568.4227
585.1992
556.6327
550.3754
571.7120
559.8068
557.6874
561.9399
550.3756
554.5336
602.8398
565.1655
557.6874
496.3856
541.2098
560.8716
546.2697
531.3245
553.4893
485.3042
521.7393
528.4180
516.1265
540.2075
523.6329
526.4951
529.3840
519.8570
513.3580
525.5382
506.0952
512.4404
521.7393
510.6141
513.3580
500.7602
506.9936
494.6535
511.5258
499.0027
506.9936
502.5281
493.7912
499.0027
492.9315
497.2552
407.0352
483.6358
487.8247
490.3670
476.2443
476.2441
483.6357
479.5060
468.2477
469.0374
473.8217
458.1784
486.9821
472.2180
467.4603
470.6232
458.1785
467.4603
363.9510
432.7616
444.0874
446.9946
451.4140
457.4187
452.1574
442.6454
453.6505
433.4557
445.5370
437.6581
444.8113
434.1515
440.4967
438.3650
438.3649
414.0363
444.0874
441.2111
422.5639
423.9010
424.5721
423.2315
419.2509
424.5721
416.6303
415.3300
416.6303
413.3918
414.0363
413.3917
414.0363
403.9154
414.6823
406.4081
407.6637
402.6783
395.9811
401.4472
399.0031
401.4472
389.4598
387.1310
396.5826
383.6787
387.7111
383.6787
394.7826
384.2507
390.0457
382.5389
383.1081
374.7076
375.8108
368.7305
376.9191
374.7076
372.5165
370.8865
373.6096
384.8240
373.0625
372.5165
367.1263
369.2676
360.3005
363.9510
366.0631
370.8864
356.7069
348.7000
352.6682
350.6753
352.6682
345.2847
349.6855
347.7188
349.6855
355.1838
351.6695
350.6753
350.6753
341.4445
340.9692
338.6076
339.5492
332.5844
340.0215
340.0215
340.0215
366.0630
333.9596
328.9591
330.7640
328.5103
321.0207
329.4089
323.1962
331.6722
321.8882
320.1567
320.5882
325.8366
325.3942
313.7883
312.1226
326.7242
312.1226
311.7083
314.2068
312.1226
312.9538
308.0163
307.2049
302.4031
300.0444
308.0163
302.7989
303.5929
294.2670
298.8755
300.0444
296.9422
290.5071
296.9422
289.3931
295.0276
294.6469
322.3233
295.4091
282.1259
282.1259
287.9177
281.7696
282.1259
282.8404
282.1259
282.8404
280.7048
278.9433
281.7696
277.8943
278.5930
276.8510
273.7554
266.3983
271.7198
271.3827
273.4146
273.7554
265.7438
266.3982
265.0916
267.0551
264.7664
267.7143
264.4417
261.2270
261.8654
260.9086
254.9645
259.9568
249.5112
260.5908
254.9645
257.4432
254.3502
245.9678
248.6185
251.6119
251.3103
251.0091
245.9678
247.1409
245.3842
245.9678
242.7821
239.9366
241.6382
241.0691
251.6119
240.7853
236.0313
235.7559
236.3073
234.6583
235.4807
230.3388
230.6055
230.0726
225.8700
227.6954
226.3894
226.6498
225.3522
224.5785
223.8085
226.1295
221.2681
224.3214
192.3671
219.0155
218.5193
219.0156
220.7648
217.5314
216.3051
212.6822
210.3128
217.5314
211.7301
212.6822
210.3128
210.5481
212.2054
211.4930
208.4429
220.5137
208.6754
208.2108
203.8653
204.0910
202.0722
200.5204
200.9621
199.6408
200.0800
200.0800
197.4642
198.1139
193.2044
197.0327
195.3189
193.2045
195.7455
193.4145
190.5005
189.0650
190.7067
189.6785
188.4541
170.0054
185.4382
184.4468
186.4365
184.0522
184.8425
184.4468
181.1272
182.8749
177.5074
178.6404
177.5074
178.4509
172.1588
179.0200
170.3619
172.5210
171.9780
173.2484
169.2952
170.8985
170.5405
170.7194
169.6498
169.8275
167.7107
163.2363
167.3611
164.9394
166.1448
163.7449
163.2363
162.2249
163.5752
161.0548
161.5550
159.5656
158.4189
160.2253
158.4189
157.9306
158.9091
155.6760
153.3037
154.4053
150.6678
153.3037
151.9014
151.1290
150.3613
150.0555
149.1427
146.8896
148.0862
145.1162
145.8520
144.0934
143.9480
142.0733
143.9480
143.3681
141.7874
139.2448
141.2177
141.3599
138.2703
139.2448
136.6182
135.9365
138.1317
137.0291
134.3165
135.6650
134.3165
133.9150
132.7185
131.1422
130.1032
132.3225
132.0592
126.9155
131.4035
128.5620
126.5389
126.4137
122.5983
122.9619
128.3071
123.5706
120.7980
122.8406
123.2050
121.0364
122.7194
120.6790
119.2611
119.6139
119.1438
118.5590
116.8231
114.3265
116.1364
116.3649
115.4542
113.5441
114.7762
113.3217
111.5583
112.3262
111.5583
115.2277
109.3948
110.6876
108.5417
107.6955
108.4355
109.7165
107.0654
107.9064
105.8165
104.5826
106.1273
102.7593
102.4585
101.2645
100.9681
101.0668
100.7711
101.5617
98.3400
99.5968
97.2889
98.0522
97.2889
98.5323
96.2489
95.4060
95.4993
94.3857
92.5576
92.8296
93.9254
92.4671
91.2983
90.6747
91.3877
88.9155
89.5275
88.1343
89.5275
87.8754
87.1028
87.3596
85.8292
85.9980
85.2408
85.1570
85.0733
84.7394
83.7446
82.9239
82.2725
82.2725
81.8677
81.2238
80.9036
79.9497
79.7917
77.7624
78.9275
78.6933
77.2239
77.1472
78.7713
77.1472
75.3270
74.8777
74.5795
75.2519
74.3565
72.8843
72.5201
73.6909
72.7384
71.1501
70.9358
71.5804
71.7963
70.4378
69.5206
69.5908
68.8217
68.8217
68.2667
69.3103
67.8529
67.0313
66.9632
66.8951
65.4120
64.3498
65.1452
66.0829
64.4158
65.2118
63.6929
63.2361
61.8810
64.0207
61.6254
61.1167
60.6111
60.9900
59.7964
60.2968
59.2991
58.5589
58.1303
57.6433
57.7040
57.4009
57.7648
57.0990
56.2598
57.0388
56.7982
55.0176
54.7247
54.7832
54.2003
54.3747
52.9905
53.2195
52.6483
52.9905
52.0814
51.6871
51.8559
50.7934
50.9602
50.8489
50.4610
50.9045
49.9101
49.3089
49.3089
49.8553
49.2545
47.9602
48.4429
48.3354
48.0137
47.5869
47.2685
46.2168
46.4259
46.8986
45.6965
45.4895
42.9501
45.2830
45.6447
45.2315
44.3611
43.7530
44.0058
44.2086
42.9501
42.3538
42.8005
42.2549
42.3538
42.1068
41.6153
41.3709
41.4197
41.4197
40.9815
41.1273
40.6426
41.2733
40.9815
40.3053
39.4928
39.9695
40.1132
38.7836
40.2092
40.2092
40.2092
40.6909
41.1759
42.2055
42.8005
43.2501
43.2000
43.8540
44.0058
44.8718
45.6447
45.6965
46.1646
46.8460
46.6882
47.4806
47.8533
48.2817
48.4967
49.8553
49.6910
51.1273
51.6871
51.2948
52.1945
53.2769
53.8527
54.2003
54.6663
54.0263
55.3115
56.2002
56.3791
57.0990
58.7433
58.8049
59.0516
59.3611
61.2436
61.3071
61.8810
62.1374
62.0091
63.0411
63.8894
64.4158
65.4120
66.7592
66.8951
69.1005
68.1285
68.4744
69.5206
69.5907
69.7313
72.3023
71.0786
73.1767
72.7384
74.5051
75.1020
76.1566
77.0706
76.6886
78.1491
79.4765
79.6339
80.1080
80.9036
82.1104
81.3844
84.0750
84.9062
85.5766
86.3366
86.1671
87.1028
87.8754
89.1773
87.1883
90.8525
90.9415
92.3767
92.5576
93.9254
94.1093
93.6503
95.1267
96.8148
95.6862
95.2197
100.2801
99.3053
99.9867
101.7603
100.9681
101.8597
102.6589
104.1746
105.0949
106.6474
107.9064
109.5019
108.4355
111.0133
114.3265
110.7960
113.4328
111.6677
121.5146
113.6556
114.7762
115.7948
118.7925
118.5590
118.6757
120.4414
120.3228
121.3949
124.0599
124.5513
124.6746
125.1687
127.4196
126.5389
129.2017
130.7515
129.2016
131.0118
132.0591
144.5307
132.7185
134.4506
133.9149
136.0725
135.3940
140.6507
137.3038
141.2177
142.9350
141.7874
144.5307
147.7859
144.9695
145.9997
149.7505
148.5379
144.9696
148.6888
150.6678
151.2831
154.2473
152.6785
156.6374
153.6175
155.5165
155.8358
156.9595
158.9091
157.7682
158.7455
162.0571
163.7449
161.7222
170.5405
168.7649
156.3161
165.9719
167.1867
168.7649
169.4723
168.7649
170.7194
171.9780
171.9780
172.3398
178.4509
179.5916
180.1655
177.8840
179.7826
182.8749
180.3573
181.9013
184.6445
185.0408
186.0363
187.8459
189.6785
183.2663
190.0889
190.0889
194.2579
192.3671
197.0327
201.1835
201.8495
196.1734
198.3310
197.4642
199.2029
199.4217
204.3170
201.8495
207.5164
202.9661
206.3661
208.6754
206.1371
204.5433
207.7475
208.9083
211.9676
212.4436
213.4001
214.8459
216.0609
215.8172
217.5314
218.0246
221.2681
219.7629
221.5203
223.0421
221.0163
223.0422
228.2207
228.2207
228.2207
230.8726
229.0118
230.8726
231.6766
234.1121
235.7559
235.4808
236.5838
237.9727
236.8606
238.5315
241.3534
243.9337
251.6119
247.4355
247.4355
248.6186
247.7305
242.7821
251.9141
251.3103
251.6119
252.5200
259.9569
251.6119
253.7380
259.9569
261.5459
262.1855
259.3251
261.2270
262.1855
265.0916
263.4713
268.0448
264.1178
269.0399
275.8135
269.0398
272.3959
275.8135
273.0744
277.5459
278.5930
274.4389
278.2433
274.7816
283.5575
282.8404
286.4534
283.1986
287.9177
288.2855
292.7544
288.6541
289.0233
293.1314
292.7544
291.2534
292.7544
293.8877
297.3274
301.2203
299.6541
305.9937
300.4357
328.0623
305.9937
306.8004
307.6101
312.5378
313.7883
305.9937
313.7883
312.1226
310.0592
313.7883
319.7261
319.7261
350.6753
323.6340
325.8366
323.1962
326.2799
324.5123
322.7592
331.2177
330.3115
332.1278
310.8820
333.5002
333.5002
343.3563
341.9210
337.6700
341.9210
349.1922
347.2299
341.9210
347.7189
342.8768
354.6786
349.6855
350.6754
344.3184
359.2679
363.9510
365.0046
359.7837
358.7535
367.6599
371.9719
375.2585
369.8060
369.8060
364.4772
369.8060
371.4286
371.4287
375.2586
376.3643
380.8391
373.0624
386.5522
377.4752
375.8107
384.2507
410.8301
397.1855
383.1081
393.5897
394.7826
387.1310
395.9812
391.2213
400.2222
402.0620
415.9793
397.7897
402.0620
401.4472
444.0874
402.0620
408.9256
414.0363
415.9793
414.6823
414.6824
419.9101
421.8979
419.2507
428.6352
429.3185
412.1078
393.5897
426.5958
423.9010
443.3654
443.3654
429.3185
435.5487
442.6454
499.0025
439.7843
438.3649
449.1954
446.2648
448.4599
476.2440
449.9329
461.2385
452.9030
461.2385
449.1954
458.9404
455.1517
457.4187
452.1574
460.4704
469.8292
468.2477
458.9404
485.3042
473.0186
470.6232
480.3274
463.5555
473.0186
481.1510
477.8705
490.3670
496.3856
487.8247
498.1277
483.6358
500.7602
480.3274
499.8802
505.1995
493.7912
492.9315
499.8802
508.7984
509.7049
521.7393
523.6329
532.2993
505.1995
505.1995
469.8292
397.7898
520.7967
516.1265
524.5840
518.9202
538.2120
525.5382
526.4952
537.2189
486.9820
575.0338
555.5816
534.2580
550.3753
541.2100
555.5816
555.5816
535.2419
551.4102
551.4102
558.7454
560.8716
554.5336
602.8399
576.1483
592.1484
572.8156
571.7120
571.7120
577.2666
594.4957
575.0338
581.7769
590.9801
580.6435
607.6985
594.4957
576.1481
571.7120
560.8716
601.6357
607.6985
606.4775
607.6985
593.3199
590.9801
592.1480
613.8670
612.6247
615.1136
685.0296
633.0350
626.5320
626.5323
630.4200
556.6328
616.3644
633.0350
616.3646
653.2611
631.7251
638.3215
639.6551
651.8781
642.3367
630.4200
670.2632
611.3867
657.4409
680.5406
661.6674
654.6492
674.6346
668.8173
825.1386
721.2399
674.6346
665.9413
668.8173
677.5764
671.7150
685.0296
689.5705
691.0956
686.5374
636.9927
703.5144
692.6271
716.3286
705.0941
682.0312
698.8117
701.9409
717.9592
716.3281
738.0463
724.5471
713.0867
722.8902
736.3350
682.0310
717.9592
753.7717
746.7105
717.9589
736.3350
724.5469
748.4648
731.2421
853.1320
746.7103
750.2265
726.2107
750.2265
753.7717
739.7649
750.2265
783.2356
800.7200
729.5581
804.6999
783.2356
785.1447
788.9878
818.9106
787.0621
842.1667
814.8051
825.1386
818.9103
827.2334
862.0886
846.5222
810.7360
842.1667
844.3395
802.7056
859.8342
829.3373
887.6125
827.2334
848.7157
827.2334
792.8644
855.3557
857.5897
890.0002
853.1320
887.6125
894.8102
862.0892
892.3994
885.2364
855.3557
850.9184
932.4316
885.2364
853.1320
912.0198
859.8339
859.8342
892.3990
917.0467
894.8102
907.0423
932.4316
935.0412
899.6669
945.6133
902.1132
929.8353
887.6122
902.1132
961.8816
887.6125
1001.8833
945.6125
919.5786
1004.8566
929.8353
961.8816
978.6641
1001.8837
1001.8837
1032.3529
967.4175
998.9268
964.6423
922.1235
956.4029
1134.7858
1057.9689
1038.6500
1057.9689
1035.4927
1010.8509
1023.0366
1026.1250
1041.8250
1010.8509
1004.8566
1019.9652
1016.9105
1007.8456
1013.8725
1013.8725
1057.9694
1038.6500
1054.7037
1045.0176
981.5129
1035.4927
1045.0176
967.4175
1102.1621
1019.9652
1013.8725
1074.5769
1032.3529
1067.8772
1074.5769
1102.1621
1010.8509
1088.2095
1131.0742
1077.9556
1123.7167
1102.1621
1091.6671
1102.1621
1098.6428
1131.0742
1061.2535
1098.6433
1201.5021
1120.0707
1149.8613
1026.1250
1402.0018
1109.2616
1116.4464
1084.7712
1134.7864
1041.8250
1189.2098
1019.9652
1051.4568
1197.3788
1169.2307
1248.6533
1157.5377
1146.0582
1453.2766
1205.6519
1185.1638
1173.1769
1285.1479
1226.8036
1318.7402
1222.5199
1248.6533
1359.1835
1285.1479
1239.8281
1222.5199
1218.2612
1081.3538
1032.3529
1209.8280
1289.8491
1299.3479
1177.1476
1222.5199
1244.2262
1244.2262
1235.4581
1294.5824
1318.7402
1218.2618
1294.5817
1253.1096
1289.8484
1271.2333
1248.6533
1313.8419
1271.2333
1218.2618
1304.1461
1333.6410
1338.6777
1253.1096
1299.3479
1338.6777
1308.9767
1318.7402
1333.6410
1369.6580
1413.0999
794.8154
1364.4016
1338.6777
1318.7402
1308.9774
1424.3665
1413.1014
1333.6403
1418.7131
1328.6394
1396.5120
1235.4581
1477.2065
1447.4072
1354.0024
1483.3047
1477.2065
1447.4072
1630.5028
1380.2822
1441.5820
1380.2831
1308.9774
1489.4492
1435.8004
1402.0018
1447.4064
1471.1552
1447.4072
1520.9071
1396.5120
1477.2065
1489.4492
1573.9130
1514.5156
1527.3485
1560.3381
1413.1014
1477.2065
1930.8833
1453.2758
1514.5165
1799.0310
1402.0010
1477.2056
1667.8574
1465.1493
1477.2065
1807.8773
1430.0613
1533.8414
1637.8467
1567.0984
1615.9996
1615.9996
1533.8414
1652.7253
1495.6426
1623.2207
1553.6334
1161.4114
1514.5165
1615.9985
1514.5156
1594.6951
1667.8574
1645.2554
1660.2572
1594.6940
1706.8605
1615.9996
1608.8378
1630.5028
1722.9473
1608.8389
1348.8580
1601.7375
1637.8467
1747.6219
1683.2555
1790.2650
1683.2544
1834.9231
1660.2583
1601.7375
1714.8682
1772.9725
2025.7690
1816.8091
1739.3232
1722.9460
1698.9230
1881.7422
1722.9473
1881.7422
1714.8682
1683.2544
1891.3793
2105.9272
1755.9960
1755.9960
1910.9374
1816.8091
1722.9473
2129.9521
1747.6207
2070.8452
1891.3793
1722.9460
1764.4449
1799.0310
2048.0708
1834.9231
1667.8574
2531.1318
1862.7452
2036.8617
1881.7422
1834.9231
1951.2290
1527.3485
1825.8221
1881.7422
1920.8611
1951.2290
2025.7690
1951.2290
1993.1715
1881.7422
1747.6219
1834.9218
2166.9868
1901.1105
2094.1079
1790.2638
2025.7690
1862.7452
1881.7422
2105.9272
1961.5555
1982.5251
2166.9868
2192.3657
1993.1715
2129.9521
1961.5555
2048.0691
1790.2638
2082.4128
1941.0055
1553.6344
2285.8586
2025.7690
2059.3979
2692.6226
2272.0386
2048.0708
2014.7910
2129.9521
2094.1079
2218.3232
1982.5236
2117.8728
2244.8733
1961.5540
2025.7675
2387.2974
2192.3677
2342.7876
2059.3962
2192.3677
2750.9519
2218.3232
1407.5295
2465.2041
2272.0386
2299.8406
2244.8733
2218.3232
2272.0386
2117.8745
2417.8867
2231.5227
2402.4998
2565.3831
2299.8386
12447.3691
2205.2705
2231.5227
2231.5227
2372.2832
2231.5227
2205.2722
2258.3777
2244.8733
2357.4446
2357.4468
2094.1079
2402.4998
2673.7100
2285.8586
2387.2974
2205.2722
2402.4998
2231.5227
2272.0386
2417.8867
2244.8733
2244.8733
2514.3342
1520.9071
2465.2041
2582.8503
2548.1516
2565.3831
2433.4641
2481.3745
2372.2832
2372.2810
2299.8406
2313.9854
1533.8414
1483.3037
2514.3342
2449.2354
2731.2410
2497.7498
2636.6375
2048.0708
2465.2041
2342.7854
2600.5430
2433.4663
2711.8005
2673.7100
2731.2410
2731.2410
2565.3882
2770.9392
2770.9392
2600.5430
2548.1516
2811.7668
2328.3022
2417.8889
2417.8867
2655.0488
2919.1033
2731.2410
2770.9392
2636.6375
2731.2410
2791.2090
2897.0076
2711.8005
2811.7668
2750.9519
2811.7668
2919.1033
2875.2329
1816.8091
2941.5273
2987.3896
2919.1001
2618.4705
2791.2090
2692.6252
2853.7725
2711.8005
2402.4998
2731.2410
3212.1318
2897.0044
2770.9392
914.5270
3034.6563
3381.0645
2791.2090
2449.2354
2299.8386
2731.2410
3083.3926
3133.6685
2791.2090
2964.2869
2875.2329
2731.2410
2964.2869
2811.7668
3010.8435
2875.2329
3472.1714
2636.6348
3351.7224
3133.6685
2811.7639
2750.9519
2919.1033
3010.8398
3239.1394
3083.3926
3010.8398
3472.1714
2711.7947
3133.6685
2875.2329
3322.8708
3083.3926
3108.3335
3133.6685
3058.8364
3010.8435
3239.1394
3294.4934
3185.5576
3294.4976
3568.1658
4181.8472
3108.3335
3669.4617
3535.5994
3034.6563
3503.6062
3266.5908
3083.3926
3351.7224
3058.8364
2987.3896
3185.5576
3503.6062
4320.5122
3601.3206
3381.0645
3851.3206
3851.3206
3568.1658
2811.7639
3503.6062
3503.6062
3740.1587
3294.4976
3740.1587
4626.6445
3535.5994
3351.7224
3776.5112
3929.0742
3239.1394
3410.9097
10231.4072
3159.4065
3813.5583
3535.5994
3266.5908
3381.0688
3472.1714
3635.0803
3601.3206
3535.5994
3669.4617
3351.7224
3601.3206
3441.2710
4094.1375
3212.1357
3704.4817
3776.5112
4009.9492
3776.5112
3929.0742
3441.2800
3704.4817
3601.3157
4572.7183
3503.6016
4626.6445
3813.5583
3294.4976
4137.5386
3669.4617
2964.2834
4273.3032
3568.1658
4855.4438
3669.4617
4227.0850
3813.5527
3889.8186
3929.0742
3058.8364
3381.0645
3929.0742
3776.5056
4626.6523
3568.1658
3568.1658
4009.9492
4137.5317
3472.1667
4227.0918
4796.1943
3266.5869
2673.7070
3704.4766
4738.3364
3740.1587
3568.1658
4418.0557
3813.5527
4051.6165
3381.0645
4181.8472
5461.1035
3503.5969
4368.7520
4626.6523
4681.8467
4051.6165
3322.8708
4227.0918
3669.4617
3929.0742
4978.3511
3969.1099
4094.1375
4009.9431
3601.3108
6045.3066
4051.6165
4227.0918
3601.3206
3568.1609
4051.6165
4572.7183
3929.0742
3813.5583
4227.0918
5042.1196
4320.5122
3969.1099
4181.8472
3266.5908
3704.4817
4916.1445
4320.5122
4051.6165
4916.1445
4978.3511
4855.4438
4227.0918
3969.1099
3669.4617
4572.7183
4520.0005
4368.7520
4051.6165
3740.1587
4181.8403
4681.8467
4368.7520
4738.3364
4418.0483
4009.9492
3929.0742
4738.3364
4051.6165
4227.0918
4681.8467
3929.0742
4418.0557
5866.2134
4572.7183
4681.8467
5616.3853
4468.4595
6138.9326
5174.5854
4094.1375
4137.5386
4916.1445
5107.5103
4978.3511
4681.8467
3034.6563
3266.5908
4468.4595
4418.0483
5174.5854
-17627.1875
5174.5854
5616.3853
4855.4438
4468.4595
5042.1196
3740.1587
4855.4346
6335.0122
5243.4111
4320.5122
3929.0684
8873.1055
4273.3032
4468.4595
5107.5103
7260.3218
6138.9326
5616.3853
4320.5122
4626.6523
3740.1587
5174.5854
5107.5103
4418.0557
6543.8169
3669.4617
4626.6523
6437.7480
4855.4438
5386.6167
4855.4438
5107.5103
4418.0557
5174.5957
5461.1260
4855.4438
4320.5122
4978.3511
2192.3677
4320.5122
5174.5957
4916.1445
3851.3206
5697.3115
3381.0645
4681.8467
5866.2393
4855.4438
4468.4595
6653.3682
4626.6445
4916.1445
5616.3730
4418.0557
9074.1309
6045.3066
12074.3945
5461.1260
5780.5376
5866.2393
4572.7104
7130.3462
4796.1855
5954.4492
9074.1309
16521.8574
4320.5054
5386.5947
5107.5103
5697.3115
6045.3066
5461.1260
6437.7480
4855.4346
6437.7480
5461.1035
5866.2261
4978.3511
5537.6636
6138.9326
3929.0742
7830.4629
5461.1260
7395.0156
6543.8169
5616.3853
5314.0566
6437.7480
6138.9326
6235.4556
5042.1196
6437.7480
6235.4556
10231.4072
5780.5625
5616.3853
5243.4111
6766.6265
5386.6167
5042.1196
8873.1055
5780.5625
4681.8467
5780.5625
6334.9976
3969.1038
10498.8057
5866.2261
12074.3945
4681.8467
5107.5200
9504.4697
4051.6165
-55710.8359
7395.0156
5314.0566
5866.2261
6138.9326
7260.3022
5780.5625
7004.8989
42395.3516
5314.0669
7395.0156
5866.2261
7395.0156
5461.1260
6543.8169
6883.7310
6766.6265
6138.9326
5954.4492
6653.3843
7260.3022
6883.7134
7260.3022
7830.4629
5042.1294
17990.4512
6335.0122
6045.3066
5461.1260
6235.4556
5954.4492
7987.0776
5866.2393
6235.4556
6653.3843
7130.3462
6766.6265
8496.3750
8150.0029
6766.6265
7534.7524
7004.8989
9504.4697
6045.3066
7130.3271
5386.6167
5866.2261
7004.8809
11077.3955
7679.7988
7130.3462
7004.8989
5780.5625
8319.6279
5866.2393
9735.1426
8496.3750
7004.8989
7260.3022
8873.1055
9074.1309
8496.3750
7130.3271
8150.0029
9735.1426
6138.9326
6653.3843
7987.0776
6766.6094
7394.9956
8680.7012
8319.6279
7395.0156
7004.8989
8680.7012
6334.9976
7130.3462
7679.7988
7130.3462
8496.3750
8150.0029
5243.4111
9284.3691
7987.0776
7679.7988
20754.2617
8496.3750
6653.3682
7987.0776
7534.7314
5780.5625
7679.7988
7260.3022
7987.0776
8496.3750
9074.1309
8873.1055
8319.6279
9735.1426
8150.0029
12447.4258
5954.4492
12447.4258
6543.8169
9977.1689
8873.1055
8496.3750
7130.3271
6653.3682
19743.5645
7987.0542
6437.7324
8496.3750
7830.4629
8150.0029
7395.0156
9504.4697
8873.0762
8873.1055
6045.2930
11391.0439
11077.4854
10498.8057
9074.1309
7679.7988
7987.0542
8319.6025
6335.0122
9735.1426
7395.0156
-1125950.2500
7830.4399
9504.4697
10498.8057
6883.7310
8873.1055
8319.6279
10498.8057
8680.7012
12074.2871
5174.5957
7987.0542
8319.6025
9735.1426
11722.9033
7830.4399
7130.3271
9074.1309
9284.3691
8496.3750
7987.0542
10231.4072
9504.4697
1901.1105
7679.7988
42395.3516
7130.3271
21873.2676
8680.7012
10498.8057
9284.3691
7830.4629
9735.1426
11077.3955
10498.8057
12447.4258
5243.4111
6437.7480
6437.7480
10780.4141
15873.3955
8680.7012
8149.9785
8680.7012
11722.8525
8150.0029
14200.0781
9504.5029
10498.8057
8496.3477
12447.4258
24514.8535
1714.8671
17225.0879
9504.4697
-76444.6172
11077.3955
8496.3750
11391.1387
12844.0391
12074.3945
8150.0029
8149.9785
8496.3750
11391.1387
11722.8027
9074.1309
8496.3477
8319.6279
10780.4141
9735.1426
5042.1196
8680.7012
11391.0908
3601.3157
8496.3750
10780.4141
10231.4072
12074.3408
9735.1426
12447.4258
8149.9785
16521.7578
14717.5146
13266.5439
11722.9033
14200.0781
13266.5439
8150.0029
7534.7524
9504.4697
-39613.1055
8873.1055
9284.3691
11077.4854
4227.0850
11722.8027
8496.3750
10498.8057
10231.4072
9074.0996
9735.1426
13717.5615
-11679.6992
9977.1689
7679.7769
8150.0029
12074.3945
9735.1426
6138.9326
12447.4258
7534.7524
6045.3066
3813.5583
8149.9785
7534.7524
7534.7524
8496.3750
7534.7524
7130.3271
6138.9326
9074.1309
8319.6279
6543.8169
8150.0029
8873.1055
6335.0122
7130.3271
9504.4697
6766.6265
7004.8989
10231.4072
8680.7012
-12016.6729
8319.6279
9504.4697
23119.1719
7679.7769
7534.7314
8319.6279
6653.3682
-13586.5215
8873.1055
53526.0430
9284.3691
-64448.0586
3813.5583
7004.8989
3601.3206
6334.9976
27878.3613
4916.1445
27878.3613
5954.4492
7004.8989
6045.3066
13266.5439
9284.3691
8319.6279
6653.3682
13717.5615
7004.8989
9977.1689
12074.3945
7830.4629
10780.4141
6883.7134
9977.1689
8319.6279
8149.9785
9735.1426
8496.3750
8496.3750
7004.8989
7830.4399
7004.8989
6335.0122
6653.3843
9977.1689
9074.1309
7987.0542
8496.3750
7534.7314
12844.0391
7679.7769
7130.3462
6335.0122
6543.8169
7395.0156
8680.7012
6335.0122
5461.1260
8319.6279
8319.6279
5954.4360
8496.3750
7679.7988
7987.0776
7130.3462
8680.7012
8496.3750
9284.3691
8319.6025
5386.5947
8496.3750
7830.4629
6766.6265
8319.6279
5314.0776
5314.0776
8150.0029
12074.3945
3776.5112
8680.7012
5954.4492
5314.0669
5954.4492
9504.4697
7534.7524
8496.3750
5107.5103
8496.3750
7830.4629
8319.6279
7395.0156
6543.8169
6334.9976
5537.6870
7534.7524
6138.9326
7004.8989
8319.6279
3108.3335
7830.4629
6335.0122
-14537.5615
8496.3477
6235.4556
4137.5317
6543.8169
5461.1260
5780.5625
6543.8008
6138.9326
5780.5498
7004.8989
7987.0776
6335.0122
5780.5498
7679.7988
6335.0122
7260.3022
3776.5112
7004.8989
6335.0122
7004.8989
5616.3853
7395.0156
8319.6279
6883.7310
6138.9185
6045.3066
5697.3115
7130.3271
7130.3462
6883.7310
5866.2393
8873.1055
6235.4414
6883.7310
6437.7324
5954.4492
10498.8057
5780.5625
6045.3066
5314.0566
6543.8169
6138.9185
5107.5103
5616.3853
6335.0122
6138.9326
-15632.7334
5386.6167
5461.1260
5866.2261
2142.1619
6138.9326
7260.3022
5954.4492
5243.4214
5954.4492
5866.2393
9284.3691
5954.4360
8496.3750
6766.6265
6235.4556
5314.0776
4855.4526
6335.0122
4468.4595
4051.6165
14717.5146
7534.7524
5780.5625
5780.5625
6335.0122
5174.5957
4468.4595
4916.1445
4418.0557
5386.6167
5243.4111
4681.8467
4519.9932
5042.1196
5697.3115
5314.0566
4137.5317
5866.2393
5243.4111
4978.3418
5461.1035
6045.3066
6335.0122
5243.4111
4468.4595
5866.2393
6138.9326
5866.2393
4051.6165
6437.7480
5042.1196
4273.3032
6045.3066
7395.0156
5042.1196
4181.8403
4468.4595
5866.2393
5042.1196
4738.3364
6235.4414
5461.1260
4273.3032
5314.0776
5866.2261
4181.8403
4855.4438
5314.0566
4626.6523
4468.4595
4855.4438
5780.5376
4738.3447
4796.1943
5616.3853
4368.7446
4796.1943
5174.5854
3969.1038
5537.6636
5314.0566
4227.0918
6335.0122
4009.9431
5537.6870
5042.1196
4978.3511
4418.0557
3929.0742
4009.9431
4978.3511
5107.5103
4320.5122
5243.4111
4916.1445
6045.2793
4181.8472
3535.5994
4855.4438
4009.9492
4978.3511
4626.6445
3889.8127
5042.1196
4320.5054
4009.9431
4738.3447
4681.8467
4137.5386
5461.1147
4273.2964
4572.7183
4520.0005
3472.1667
6883.7310
3929.0684
3813.5527
4094.1375
4009.9431
4520.0005
4572.7183
5107.5103
3813.5527
-300414.6875
4738.3364
5243.4111
3669.4565
4855.4438
3740.1587
3704.4817
4626.6523
3266.5908
4094.1311
4273.3032
4572.7183
3813.5583
3704.4817
885.2364
3503.5969
4468.4521
4227.0918
4009.9492
4320.5122
3635.0803
3929.0742
3410.9097
5042.1196
3503.6016
4468.4595
4320.5122
4009.9492
3969.1099
4368.7520
3813.5583
4137.5386
3813.5583
4738.3447
4572.7183
4368.7520
3851.3206
3294.4976
3969.1099
3568.1609
3568.1658
4320.5122
3568.1658
3568.1658
3776.5112
4572.7183
3601.3206
3472.1667
2750.9519
3535.5994
3669.4617
4051.6165
3410.9141
3929.0742
-22399.3809
3889.8186
3669.4617
3929.0742
3704.4817
3601.3206
3472.1667
4227.0918
3813.5583
4051.6165
3083.3926
3669.4617
3239.1394
2919.1033
3294.4976
3239.1394
3601.3206
3601.3157
3635.0803
4368.7588
3669.4617
4051.6165
3635.0803
3381.0645
3239.1394
3133.6685
3159.4065
3601.3206
3239.1394
3266.5908
3635.0803
3212.1277
2791.2090
2919.1001
3322.8667
3535.5994
3322.8708
3410.9141
3601.3108
3108.3335
3058.8364
3351.7224
3239.1394
3133.6646
3410.9141
3601.3206
2770.9363
3159.4065
2711.8005
2387.2974
3441.2710
3108.3335
3472.1714
3441.2710
1185.1638
3294.4976
2987.3862
2853.7725
3058.8364
3212.1318
3185.5576
2919.1033
3159.4065
3239.1394
3266.5908
2941.5239
3010.8398
3133.6685
3058.8364
3294.4976
2964.2869
2964.2869
3133.6685
2875.2329
2655.0488
3058.8364
2655.0461
3441.2800
2791.2090
4009.9492
2770.9392
2875.2329
3010.8398
3108.3335
3351.7224
3010.8435
3410.9097
2770.9363
2655.0461
2791.2090
3635.0803
2711.7976
2582.8477
3010.8435
3058.8328
2791.2090
2750.9519
2692.6252
2853.7725
2750.9519
2770.9392
2600.5430
3322.8708
2673.7100
3740.1587
3239.1394
3083.3926
2919.1033
3969.1099
2750.9519
2618.4705
2791.2090
2711.8005
2731.2410
2750.9519
2692.6226
2770.9392
2987.3896
2655.0488
2565.3882
2692.6252
2465.2041
2402.4998
3058.8364
2673.7100
2791.2090
2919.1033
2313.9875
2655.0488
2618.4678
2582.8477
2731.2410
2357.4468
2565.3882
2433.4641
2582.8503
2565.3831
2565.3882
2465.2041
2618.4705
2600.5430
2548.1467
29930.0996
2387.2996
2205.2722
2565.3831
2328.3022
2711.8005
2179.6047
2299.8406
2417.8867
2692.6226
2313.9854
2342.7876
2231.5227
2342.7854
2433.4641
2531.1318
2014.7910
2565.3831
2231.5208
2003.9257
2231.5227
2272.0386
2514.3342
1961.5555
2272.0366
2600.5430
2094.1079
2357.4468
1961.5555
2258.3777
2465.2041
2565.3882
2218.3232
2192.3677
2402.4998
2244.8713
2497.7498
2258.3777
2218.3232
2673.7100
2272.0386
2094.1062
2218.3232
2205.2705
2192.3677
2129.9521
2048.0708
2244.8733
2231.5227
2231.5227
2272.0386
2205.2722
1971.9865
2036.8617
2205.2705
2129.9521
2059.3979
2014.7910
1920.8611
2082.4146
1630.5039
2205.2722
2205.2722
2142.1619
2313.9875
2205.2722
2142.1619
2036.8584
1971.9865
2142.1599
1971.9865
2059.3979
2166.9868
1920.8611
1834.9231
2014.7877
1930.8833
2014.7893
1881.7408
1891.3793
1993.1683
1920.8611
1920.8611
1951.2290
2014.7910
1941.0040
1807.8785
1982.5236
1951.2290
4738.3447
1862.7439
1652.7230
1901.1105
1862.7452
2179.6064
2070.8452
1901.1105
1862.7452
1982.5236
1731.0986
1637.8467
1881.7422
1853.3827
1790.2650
1790.2650
1722.9473
1747.6219
1834.9218
1304.1461
1739.3232
1891.3793
1731.0986
1691.0538
1772.9738
1747.6207
1459.1908
2036.8617
1615.9996
1652.7253
1675.5237
1698.9230
1764.4463
1747.6219
1714.8682
1660.2583
1825.8235
1747.6219
1816.8091
1608.8389
1615.9996
1645.2554
1495.6434
1413.1014
1714.8682
1615.9996
1501.8853
1477.2056
1608.8389
1608.8389
1567.0974
1508.1760
1580.7825
1533.8414
1546.9836
1764.4463
1573.9130
1698.9230
1615.9996
1580.7825
1489.4501
1527.3485
1514.5165
1608.8389
1608.8389
1683.2555
1489.4501
1834.9231
635.6687
1441.5820
1441.5820
1630.5028
1616.0007
1459.1908
1546.9836
1407.5313
1891.3793
1514.5165
1313.8412
1418.7131
1501.8853
1471.1552
1465.1493
1359.1835
1385.6526
1430.0621
1495.6434
1323.6726
1374.9506
1546.9827
1333.6403
1380.2831
1275.8397
1424.3665
750.2265
1407.5313
1396.5111
1364.4016
1459.1899
1299.3479
1333.6410
1396.5111
1280.4785
1271.2333
1396.5111
1294.5824
1271.2333
1374.9506
1333.6410
1333.6410
1424.3665
1244.2262
1257.5948
1380.2831
1253.1096
1308.9774
1380.2822
1231.1178
1328.6394
1318.7402
1209.8286
1285.1472
1338.6777
1289.8484
1257.5955
1138.5209
1304.1461
1266.6570
1289.8491
1333.6403
1262.1112
1248.6526
1231.1178
1205.6519
1244.2262
1193.2814
1289.8491
1396.5111
1257.5955
1209.8293
1262.1112
1197.3794
1266.6570
1177.1476
1112.8431
1222.5199
1205.6531
1161.4114
1201.5021
1169.2307
1138.5204
1222.5199
1134.7864
1222.5199
1029.2303
1142.2776
1112.8436
1127.3844
1098.6428
1177.1476
1146.0576
1157.5371
1318.7402
1165.3090
1134.7864
1120.0707
1109.2621
1071.2169
1071.2174
1120.0702
1105.7012
1098.6433
1071.2174
1149.8613
1109.2621
1102.1621
1004.8566
1019.9652
1112.8436
1088.2095
1120.0707
1120.0707
1102.1616
1112.8436
1054.7037
1048.2281
1032.3524
1098.6433
1057.9698
978.6641
1026.1250
1035.4927
1601.7375
1054.7037
993.0602
1029.2303
1035.4927
1051.4568
1004.8562
959.1352
1123.7167
975.8299
1051.4568
1029.2303
1001.8837
975.8299
990.1503
981.5129
953.6843
993.0602
987.2554
984.3768
1019.9652
950.9804
956.4029
959.1348
929.8353
924.6815
1010.8509
924.6815
924.6815
975.8303
956.4029
937.6643
924.6815
917.0467
953.6847
922.1238
973.0113
1116.4464
871.2160
940.3008
892.3994
894.8102
932.4316
880.5183
882.8717
922.1238
932.4316
897.2324
919.5789
904.5719
873.5249
882.8717
904.5719
850.9188
885.2364
885.2361
814.8048
904.5719
897.2328
871.2163
1424.3665
829.3377
850.9188
823.0533
829.3377
796.7750
844.3395
831.4515
788.9875
831.4518
781.3344
823.0533
868.9183
812.7661
759.1454
1038.6500
800.7200
783.2356
783.2356
757.3467
829.3377
708.2723
820.9773
750.2265
814.8051
750.2265
804.6999
818.9103
816.8533
816.8533
731.2421
750.2265
746.7103
692.6271
804.6999
741.4908
736.3350
727.8810
721.2397
731.2421
691.0961
732.9328
726.2107
692.6271
706.6801
708.2723
706.6801
689.5705
721.2399
722.8902
744.9632
714.7045
685.0294
731.2418
722.8902
676.1027
722.8900
661.6674
691.0958
705.0941
663.0867
714.7043
650.5001
654.6492
661.6674
683.5276
671.7150
676.1027
716.3286
665.9413
640.9935
670.2634
685.0296
653.2611
638.3215
643.6849
623.9634
636.9927
653.2611
636.9927
647.7592
622.6855
639.6551
625.2454
617.6199
600.4356
616.3646
622.6857
654.6492
611.3867
631.7251
636.9927
606.4775
608.9236
588.6559
616.3644
601.6357
650.5001
598.0474
590.9801
585.1990
590.9801
573.9229
589.8162
572.8156
635.6687
569.5155
592.1480
596.8597
573.9229
579.5143
572.8156
573.9227
573.9229
570.6118
557.6874
557.6874
568.4225
593.3199
568.4227
576.1483
558.7454
560.8716
546.2697
541.2098
542.2155
550.3756
544.2361
549.3443
541.2098
640.9935
547.2912
535.2419
546.2697
531.3245
530.3527
528.4180
530.3527
520.7967
506.0952
507.8948
518.9202
506.9935
516.1265
520.7967
516.1265
504.3062
515.2009
510.6140
486.9820
507.8947
506.9936
519.8570
497.2554
499.8802
486.1418
483.6358
495.5182
496.3856
493.7911
482.8051
469.8291
486.9821
485.3042
471.4195
470.6232
456.6610
466.6750
469.0374
485.3042
469.8292
473.0186
495.5183
465.1109
452.9029
455.9053
464.3323
453.6504
459.7043
445.5373
449.9330
450.6725
444.8113
466.6750
441.9272
454.4001
444.8113
410.8301
439.0737
449.9329
444.8113
438.3649
436.9532
434.1516
430.0036
431.3791
436.2500
425.9195
417.9373
421.2335
422.5639
416.6303
331.2177
423.2316
414.0363
404.5363
412.7490
402.6783
410.8301
415.9793
407.0352
397.1855
405.7827
406.4081
401.4472
380.2751
405.7826
393.5899
393.5899
495.5182
395.9812
386.5522
390.6328
379.7124
389.4599
381.9709
376.3642
379.7125
380.2751
378.0325
390.6328
368.7305
375.2586
387.7111
373.0625
377.4752
363.9510
363.4259
359.7837
367.1264
367.6599
361.3376
359.7837
369.8060
367.1264
365.0046
362.3794
365.0046
355.6905
360.3005
356.1982
350.6754
380.8391
350.6754
347.2299
349.1922
350.1798
360.3005
349.6855
348.7000
342.3984
338.6076
335.8069
342.8767
339.5492
343.3563
333.5002
330.7640
336.2712
328.0623
329.8597
334.4200
330.7640
332.1279
327.6153
325.3943
329.4089
321.8882
319.2963
322.3233
318.0123
321.4540
323.1962
317.1606
318.8675
311.2947
312.5378
318.8675
314.6263
312.5378
302.4031
304.3900
300.4357
305.1903
305.9937
298.8755
295.4091
297.3273
294.2669
298.4872
292.3780
286.0890
289.7638
294.2670
289.3932
288.6541
295.0276
292.3781
289.7638
292.3781
280.7049
289.0233
282.1259
277.5459
282.4828
282.4828
277.8943
281.4140
271.7198
277.8943
272.3959
276.8510
275.8134
271.3827
270.7103
275.1249
270.0403
270.3749
267.0550
282.4828
261.5459
271.0462
260.2735
265.0916
261.5459
261.5459
261.5459
253.1279
250.1088
256.8204
252.8237
249.5112
258.0684
252.2168
245.3842
249.8098
243.6451
247.1409
242.7821
245.3841
242.2092
244.2228
246.8469
244.8025
243.0693
239.0922
242.4954
234.1122
236.5838
237.1380
236.0314
228.4839
236.8606
235.4808
232.4845
223.8085
232.7547
232.2148
231.6766
224.8360
224.8360
229.0118
226.1295
226.6498
223.0421
221.2681
219.2643
222.5333
224.0648
212.2054
217.5314
214.6040
218.5193
216.7945
215.8172
214.6040
212.6822
214.1214
210.0778
211.7301
208.6754
212.6822
207.7475
206.3661
205.6800
205.4520
204.0910
205.6800
202.2952
205.9084
201.4051
200.5204
200.3000
195.3189
196.1733
196.3877
197.6805
197.2483
194.4695
194.6814
194.2579
195.1061
191.5345
190.7067
187.8459
201.6271
187.8459
189.4737
187.8459
186.6369
188.2511
185.8367
185.2394
184.0522
180.5494
180.5494
179.5916
177.8840
179.9739
172.3398
176.7572
172.1588
177.8840
171.9780
172.3398
171.0778
172.5210
171.4372
169.2952
170.3619
172.3398
168.4126
169.4724
165.1109
164.0851
167.5358
162.8983
163.7449
163.5752
162.8983
161.8895
159.7301
160.0601
159.8950
157.4442
156.6374
157.6061
157.2824
156.1558
152.6785
154.7218
153.7746
152.6785
152.6785
151.4374
151.4374
150.2083
154.0896
145.7045
150.3613
146.1476
144.2390
144.0934
144.6768
143.8028
143.6577
142.3599
143.8028
144.3848
142.3599
138.5479
141.2177
139.2448
139.1050
139.6648
138.9655
138.1317
133.2488
134.9888
135.8007
135.1237
132.5864
133.3817
133.7814
132.5864
131.6653
130.1032
132.0592
129.7160
128.9454
128.4345
127.5460
125.2926
126.4137
125.0450
123.5706
123.9374
124.4283
121.9950
121.1557
121.1558
120.6790
120.4414
119.1438
118.5590
117.9773
119.0265
115.1146
117.1681
116.4792
115.0017
111.4491
113.6556
113.2106
112.7675
112.7675
114.4387
111.5583
110.3629
111.1221
110.3629
110.0392
110.2549
108.0120
106.8562
106.1273
104.7872
105.8165
104.4805
104.4805
103.5656
102.6589
99.6941
101.0668
100.8696
99.6941
99.2084
99.1115
98.9181
98.2440
97.4792
97.1939
96.1549
93.4673
95.4993
93.8336
95.9671
94.2935
94.4780
94.2013
93.9254
91.4772
91.7461
91.5667
89.7031
88.7413
89.8790
96.8148
88.0479
88.1343
86.6763
87.1883
87.4454
87.1883
90.4973
84.4066
83.3333
83.9923
83.4976
82.5162
82.4349
82.1914
81.0636
80.9836
80.4254
80.9836
81.6257
77.7624
79.7917
78.3819
77.1472
78.3042
76.9941
76.5363
75.0272
73.7646
76.0808
74.2081
73.3967
74.5795
73.6909
73.2500
72.6656
70.7220
71.4367
70.2252
70.7932
69.3803
68.8217
68.7521
68.5437
68.0595
67.5096
68.3359
67.7154
67.4411
66.2852
64.8129
65.2118
64.4158
64.6803
63.7583
61.4979
62.0091
63.0411
63.7583
60.2968
61.9450
61.6254
62.2659
60.6742
60.6111
59.6095
59.9837
58.5589
58.4975
58.4362
58.6203
57.7648
58.3749
56.5585
56.7382
56.0811
56.0811
55.5475
55.3115
55.0763
53.7949
54.7832
54.7832
52.8763
53.5067
54.2003
51.9122
52.3077
51.3507
51.8559
51.6871
51.2948
50.8489
50.6270
49.8553
50.2401
49.6363
49.3089
48.9830
49.6362
48.0672
48.0137
47.8000
47.5869
47.1097
47.0569
46.4783
46.5307
46.4259
46.3736
45.4378
46.4783
44.9744
44.8718
44.6671
44.4120
44.2086
43.2501
42.8503
42.7508
42.7508
43.2501
43.0999
42.8503
41.4685
42.2549
41.4686
41.5664
41.3709
41.3221
41.1273
41.0301
40.4978
40.4978
40.0653
40.3533
39.7307
40.6426
40.1612
39.8262
38.9249
38.5488
39.1137
39.4928
39.3978
40.2572
39.9217
39.3978
41.4197
41.6643
42.1068
42.2055
42.3043
42.1068
42.8005
44.1578
43.6521
43.6521
44.8718
44.9231
45.8522
46.3736
47.4275
46.6882
48.1207
48.1207
48.3354
49.1458
50.3505
50.5163
52.1379
50.6270
51.7433
52.8763
52.6483
53.2195
54.9589
54.6663
55.3705
56.1406
56.5585
56.3791
57.0990
58.9281
58.9898
60.2341
59.9837
61.1801
60.9267
61.4343
62.1374
63.5621
65.9483
65.2785
64.5479
65.9483
66.4880
66.4204
68.4744
69.1005
68.8913
69.9427
70.1545
71.2933
70.5798
71.5804
73.3233
73.6173
74.3565
75.4772
75.9295
76.0808
76.6124
77.8396
78.1491
79.0057
79.6339
80.6642
81.3041
81.8677
81.7063
83.8271
84.8228
84.6561
85.4925
87.1028
88.3940
88.1343
88.3940
87.7892
89.8790
90.6747
91.1197
92.4671
93.9254
92.8296
93.8336
95.5927
96.6258
97.6698
97.3840
97.9565
99.0148
98.3400
101.2645
101.4625
103.0609
102.7593
104.7872
105.1977
104.9923
105.3006
108.4355
108.3295
108.9673
109.2877
110.7960
112.6570
112.6570
113.7671
115.0017
114.8889
117.6297
117.6297
116.0224
118.6757
120.5602
121.9950
121.9950
120.9171
124.6746
123.8150
123.9374
125.0450
126.5389
127.5460
127.7991
129.0734
125.2926
130.8816
133.3817
133.2488
131.9277
132.8509
129.3300
135.2588
137.1663
136.7550
137.7170
140.3682
140.5094
142.6471
142.5034
143.0792
144.5307
146.8896
146.5922
145.4100
147.1876
148.5379
149.4462
150.3613
152.2117
152.8345
149.2944
152.9907
154.2473
156.1558
156.1558
157.2824
156.9595
161.2213
157.9306
162.5612
162.5612
165.4547
162.3929
164.0851
166.6647
164.9394
166.8385
166.8385
169.1182
168.0612
172.3398
171.9780
169.1182
176.7572
173.2484
177.3195
177.8840
178.8301
181.3203
182.0955
183.4624
181.7073
187.0388
186.6370
183.4624
186.2363
186.6370
187.6437
189.6785
190.7067
192.1585
188.2511
193.6249
194.8936
196.1734
197.2483
195.5321
195.7455
199.2029
199.4217
200.3000
200.3000
203.6401
207.5164
208.4429
205.2243
207.5164
207.7475
211.7301
211.2562
210.5481
208.4429
211.0198
212.4436
213.1604
214.8459
217.7778
217.0397
218.7673
224.5785
221.0163
223.8085
221.7730
223.2972
222.7875
223.2972
226.9105
226.1295
229.0118
229.2763
233.5678
232.2148
243.0693
234.6582
237.9727
232.2148
241.0691
237.1380
239.9366
241.3534
243.6451
241.3534
245.0931
243.0693
245.0931
246.8469
251.3103
247.7305
252.2168
254.9645
255.5810
252.2168
258.0684
255.2725
254.6571
260.9086
261.8654
260.5908
262.5061
263.7942
262.8272
258.3817
264.4418
264.7664
270.3749
267.3844
269.0398
271.7198
275.8135
284.2775
271.7198
276.1587
280.7049
277.8943
277.8943
279.6460
279.2944
285.0001
280.7049
288.6541
282.1259
289.7638
293.8877
292.0024
295.7912
291.2534
295.0276
298.8755
293.1314
302.4031
300.0445
293.1314
303.1955
303.1955
303.5929
302.4031
300.8276
312.5378
307.6102
309.2396
309.6490
299.2643
307.6102
311.7083
312.1226
318.4394
314.6263
321.4540
321.0207
324.0727
323.1962
319.2963
320.1567
327.6153
328.5102
330.3114
333.5002
340.4948
350.6754
333.9596
335.3437
341.4445
341.4445
342.8768
346.2552
341.9210
345.2846
361.3376
342.8768
341.4445
350.1798
356.1982
349.6855
351.1718
360.8185
367.1264
361.3376
362.9021
367.1264
367.6599
366.5941
368.7305
367.1264
371.9719
376.9191
362.3794
368.1945
366.0631
373.0625
375.8108
381.4043
384.2507
383.1081
378.0325
387.7111
413.3918
388.8756
383.6787
342.8768
386.5522
396.5825
392.9955
397.7899
399.0031
400.8340
391.2213
403.2961
402.0620
403.9155
412.1078
413.3917
404.5363
410.8301
411.4681
474.6268
423.9010
418.5931
429.3185
417.9372
417.9372
424.5721
423.2316
423.2316
417.9372
432.7617
432.0695
430.0036
430.0036
439.0737
434.1516
438.3649
441.2111
447.7263
436.2501
444.8113
444.0874
448.4599
451.4140
455.1517
452.1575
463.5555
446.9946
456.6610
458.1785
452.1575
467.4603
449.1953
455.9053
468.2477
456.6610
458.1785
459.7043
485.3042
471.4195
469.8292
489.5172
474.6268
487.8247
478.6872
481.1510
477.0560
491.2194
487.8246
498.1277
495.5183
508.7984
491.2194
489.5172
497.2554
487.8247
507.8947
492.0741
492.9315
505.1993
504.3064
545.2513
519.8570
520.7967
517.0549
523.6329
520.7967
505.1995
538.2120
539.2081
536.2287
551.4099
542.2155
548.3160
555.5816
716.3284
559.8068
546.2697
530.3527
521.7393
566.2477
558.7454
546.2697
587.5001
535.2419
565.1655
553.4893
580.6437
564.0868
585.1992
567.3334
599.2396
622.6857
589.8162
555.5816
575.0338
568.4225
573.9229
582.9139
586.3475
594.4961
593.3201
595.6755
604.0483
600.4356
596.8594
589.8163
601.6357
593.3199
593.3201
616.3646
587.4999
592.1484
581.7767
634.3495
630.4200
599.2396
703.5139
661.6674
621.4126
640.9935
629.1194
636.9927
634.3495
656.0425
638.3215
654.6492
668.8173
639.6551
677.5764
653.2609
656.0425
654.6492
658.8445
665.9411
680.5406
653.2611
673.1721
671.7150
670.2634
703.5144
685.0296
700.3730
677.5764
697.2565
686.5374
671.7150
691.0958
688.0510
695.7074
713.0869
700.3735
697.2565
698.8117
700.3732
716.3286
724.5471
709.8708
726.2107
732.9328
727.8810
724.5471
721.2399
746.7105
722.8900
724.5471
1123.7167
757.3467
722.8902
746.7103
746.7105
744.9634
750.2265
736.3350
750.2265
798.7432
726.2104
792.8644
753.7717
751.9954
808.7150
783.2356
785.1447
812.7661
835.7083
800.7200
825.1386
783.2353
798.7432
948.2892
779.4417
820.9773
770.0986
818.9106
823.0533
727.8810
827.2334
829.3377
840.0040
846.5228
842.1671
871.2163
850.9188
859.8339
844.3401
890.0002
814.8051
866.6312
721.2399
848.7157
1051.4573
837.8512
873.5253
835.7079
897.2328
855.3557
885.2364
907.0427
904.5719
892.3994
914.5270
894.8102
897.2328
857.5897
922.1238
885.2364
917.0467
935.0412
917.0467
899.6672
880.5179
919.5789
929.8353
912.0198
912.0198
978.6641
948.2892
904.5719
924.6815
922.1238
850.9181
897.2328
909.5249
978.6641
948.2900
942.9503
945.6125
961.8816
967.4175
1010.8509
973.0113
953.6843
978.6641
967.4175
964.6419
1013.8725
975.8299
1071.2174
1013.8725
1064.5555
1007.8456
1007.8456
1001.8833
1013.8725
1045.0176
973.0113
1013.8725
1064.5560
1084.7717
1026.1250
1048.2281
1035.4923
1038.6500
1067.8772
1035.4923
1038.6500
1077.9556
1054.7037
1084.7717
1013.8720
1091.6671
1081.3538
1045.0172
1084.7717
1029.2308
1054.7037
1064.5551
1067.8772
1016.9105
1109.2616
1134.7864
638.3215
1157.5377
1081.3538
1127.3844
1177.1476
1161.4114
1134.7864
1116.4464
1105.7012
1169.2307
1131.0737
1138.5209
1112.8431
1134.7864
1123.7167
1193.2820
1218.2625
1123.7167
1051.4568
1205.6531
1138.5209
1201.5021
1177.1470
1275.8403
1226.8048
1244.2262
1218.2625
1214.0311
1169.2301
1231.1178
1244.2262
1244.2262
1275.8403
1266.6570
1285.1479
1201.5021
1173.1769
1193.2814
1318.7402
1304.1461
1222.5199
1308.9774
1294.5824
1289.8491
1313.8419
1248.6533
1407.5295
1413.1014
1235.4587
1248.6533
1280.4785
1248.6533
1262.1112
1222.5199
1338.6777
1271.2333
1257.5948
1289.8484
1323.6726
1294.5824
1318.7402
1318.7402
1369.6571
1396.5111
1323.6726
1328.6394
1280.4778
1374.9506
1333.6410
1157.5377
1413.1014
1074.5764
1430.0613
1343.7499
1441.5820
5537.6870
1402.0018
1424.3665
1447.4072
1501.8853
1304.1454
1430.0621
1359.1827
1489.4501
1385.6526
1418.7123
1453.2766
1453.2766
1413.1014
1430.0621
1477.2056
1533.8414
1608.8389
1418.7131
1471.1552
1244.2262
1465.1493
1453.2766
1520.9071
1546.9827
1489.4501
1546.9836
1514.5165
1424.3656
2048.0708
1637.8467
1471.1552
1477.2065
1501.8853
1514.5165
1781.5797
1514.5165
1652.7230
1514.5156
1527.3485
1553.6344
1601.7375
1652.7230
1623.2207
1418.7131
1608.8389
1608.8389
1540.3853
1608.8389
1573.9130
1645.2543
1514.5165
1652.7253
1698.9230
1587.7117
1691.0551
1608.8389
1722.9473
1645.2554
1615.9985
1714.8682
1645.2532
1799.0310
1706.8605
1594.6951
1755.9948
1799.0310
1637.8467
1660.2594
1881.7422
1675.5226
1764.4463
1424.3665
1747.6207
1714.8682
1891.3793
1731.0986
1816.8091
1706.8593
1790.2650
1594.6951
1799.0310
1872.1980
1660.2572
1714.8682
1951.2290
1418.7131
1772.9738
1601.7365
1816.8091
1675.5226
1706.8593
1807.8785
1790.2638
1971.9865
1920.8611
1930.8833
1853.3827
1747.6207
1872.1980
1755.9960
1755.9960
1891.3793
1834.9231
1951.2290
1790.2650
1799.0297
1872.1980
1799.0310
1862.7452
1853.3827
1961.5570
1982.5236
2059.3979
1755.9960
1930.8833
1891.3778
1891.3793
1910.9374
2082.4146
2036.8600
1862.7452
2231.5208
2003.9225
2059.3979
1881.7422
2244.8733
1941.0055
2205.2722
2357.4490
1901.1105
1891.3793
2770.9392
1930.8833
2003.9257
1881.7422
2025.7690
2082.4146
2036.8617
2179.6064
1982.5236
2014.7877
2117.8745
1413.1014
2094.1079
1993.1699
1971.9865
2059.3979
1971.9865
2036.8617
2179.6047
2205.2722
2142.1619
2218.3232
2218.3232
2166.9868
2272.0386
2218.3232
2179.6047
2142.1599
2179.6064
2117.8745
2313.9875
2342.7876
2618.4705
2231.5227
2117.8745
2205.2722
2231.5227
1790.2650
2105.9272
2328.3022
2600.5430
2402.4998
2433.4617
2272.0386
2272.0386
2258.3777
2218.3232
2481.3745
2731.2410
2244.8733
2299.8406
2231.5227
2372.2832
2514.3342
2328.3022
2372.2832
2387.2996
2218.3232
2402.4998
2218.3232
2481.3745
2531.1318
2433.4641
2449.2354
2402.4973
2465.2041
2497.7498
2481.3745
2387.2996
2692.6252
2548.1467
2655.0488
2272.0386
3212.1318
2433.4617
2770.9392
2673.7100
2433.4641
2919.1033
2565.3882
2897.0076
6045.3066
2299.8386
2618.4705
2565.3855
2582.8503
2357.4468
2750.9519
2618.4705
2565.3855
2565.3831
2582.8503
2791.2090
2811.7668
2811.7668
2711.8005
2244.8713
2449.2329
2449.2354
2897.0044
2600.5430
2731.2410
2832.6191
2964.2869
2919.1033
3381.0645
2832.6191
2636.6375
2750.9519
2832.6191
2770.9392
2673.7100
2750.9519
2897.0076
3351.7224
3010.8435
2711.8005
2548.1492
2582.8477
2600.5430
2791.2090
3294.4976
3503.6062
2875.2329
2791.2061
2731.2410
2941.5273
2618.4678
3212.1318
3010.8398
2731.2410
2731.2410
3083.3926
2987.3862
3212.1318
3010.8398
3212.1318
2875.2329
3889.8186
2582.8503
3266.5908
3568.1609
3635.0803
3441.2710
3568.1658
1781.5797
2941.5273
2711.7976
3410.9141
2832.6162
2465.2041
3108.3298
3010.8398
3108.3298
3133.6685
3441.2800
2919.1033
2811.7668
3185.5576
3669.4617
2750.9519
3034.6526
3108.3335
2791.2061
3889.8186
3441.2710
2875.2329
3381.0688
3813.5583
3410.9097
2832.6191
2655.0461
2875.2329
3381.0645
3133.6685
3381.0688
3441.2800
3239.1394
3740.1587
3410.9141
3058.8364
3108.3335
3058.8364
3740.1587
3322.8708
2875.2329
3969.1099
2582.8477
3704.4817
3185.5576
3322.8708
3351.7224
3472.1667
3601.3206
3635.0803
3212.1318
3889.8186
3568.1658
3351.7224
3851.3206
3704.4766
3601.3206
3851.3206
3851.3206
3410.9141
3472.1714
3381.0645
3266.5869
3669.4617
4227.0918
-11361.2598
3239.1394
3322.8708
4137.5386
4227.0850
3568.1609
3704.4817
3568.1658
3813.5583
4051.6165
3776.5056
3851.3206
4009.9492
3889.8186
3851.3206
4009.9431
4094.1311
4681.8467
3813.5583
3351.7224
5174.5854
4009.9431
4227.0918
4137.5386
3704.4817
3669.4617
4738.3364
3740.1587
4320.5122
4320.5122
3969.1099
4094.1375
4009.9431
4978.3511
3635.0803
3969.1099
3669.4617
3669.4565
3776.5112
3776.5112
4681.8384
3535.5994
4051.6165
4468.4595
4094.1375
5042.1104
3851.3206
4094.1375
3669.4617
4137.5386
3503.6016
3635.0803
4227.0918
4227.0918
4273.3032
4137.5386
4273.3032
3929.0742
4468.4595
4916.1445
4468.4595
6045.3066
4137.5386
4227.0918
4181.8472
4181.8472
4738.3447
4320.5122
4094.1375
4181.8403
3239.1394
4227.0918
4796.1943
4368.7520
4796.1943
4227.0918
4181.8472
4273.3032
4368.7520
4227.0918
4320.5122
4320.5122
4320.5122
4273.3032
4273.3032
4009.9492
4796.1855
2231.5227
4626.6523
4009.9492
4855.4438
4738.3364
4681.8467
4855.4438
4273.3032
3929.0742
5107.5103
5174.5854
4681.8467
5174.5854
4368.7520
6138.9326
4418.0557
38400.0820
4796.1943
5042.1196
5042.1196
5866.2393
5174.5854
5314.0776
4572.7104
5386.6167
4681.8467
5314.0566
5314.0566
4626.6445
4227.0918
4796.1943
5042.1196
4626.6523
4418.0557
5780.5376
5107.5103
4855.4346
5243.4111
5243.4111
5461.1035
5174.5854
5461.1035
4418.0557
5042.1104
4572.7183
4227.0918
2673.7100
5107.5103
4009.9492
4978.3511
5107.5103
5537.6870
3083.3926
4855.4438
4738.3447
5537.6870
5461.1035
5107.5103
6653.3843
6235.4556
5174.5854
5042.1196
4855.4438
4916.1445
5243.4111
5107.5103
4181.8403
5107.5103
5107.5103
5042.1196
3704.4817
5461.1260
5780.5498
5954.4492
4978.3511
3034.6563
5954.4492
5697.3115
5780.5498
9735.1426
4796.1855
5107.5200
8150.0029
5954.4492
5616.3853
5243.4316
6653.3843
5461.1260
6335.0122
4681.8467
5386.6167
6653.3843
6138.9326
7395.0156
5866.2393
6235.4414
5314.0566
6045.3066
4681.8384
5243.4111
5537.6753
5697.2993
5174.5854
6045.3066
5314.0669
6543.8169
5386.5947
5954.4492
5243.4111
5042.1196
6437.7480
5780.5625
4916.1445
6653.3843
5107.5103
6766.6265
5616.3853
4916.1353
7395.0156
4855.4346
6335.0122
6766.6265
8680.7012
6437.7480
7395.0156
8680.7012
6883.7310
5616.3853
8150.0029
8150.0029
4978.3511
4796.1943
6334.9976
7534.7524
5697.3115
7395.0156
8496.3750
6883.7310
8680.7012
6543.8169
7987.0776
8319.6279
5243.4316
3704.4817
7004.8989
7395.0156
7987.0776
7260.3022
7395.0156
6235.4556
6543.8169
8319.6279
6235.4556
6653.3843
7534.7524
6235.4414
6334.9976
5954.4360
6235.4414
7987.0542
5780.5498
7830.4629
7534.7524
9074.1309
4855.4526
-12753.0908
8680.7012
6543.8169
7260.3022
7679.7988
7260.2827
9074.1309
6543.8169
7130.3462
11077.3955
8150.0029
4978.3511
8149.9785
6543.8169
7679.7988
9504.4697
6653.3682
6653.3843
5616.3730
7534.7524
17225.0879
6766.6265
7987.0542
8319.6279
6543.8169
7004.8989
9284.3691
5866.2393
8496.3750
7987.0542
8680.7012
-10774.1836
10780.4141
7679.7988
7130.3462
8319.6279
8873.1055
7987.0776
8496.3750
9284.3691
10231.4072
8873.1055
9735.1426
8150.0029
6653.3682
7260.3022
7534.7524
6335.0122
8496.3750
14717.4355
32306.5723
6543.8169
2941.5273
6766.6094
8319.6279
7395.0156
9735.1426
8150.0029
8149.9785
6335.0122
3472.1667
8680.7012
7679.7988
8150.0029
7830.4399
9504.4697
9074.1309
9504.4697
12074.3945
13717.5615
7004.8989
8150.0029
9074.1309
8496.3750
9504.4697
-12753.0908
8873.1055
11722.8525
7987.0776
8496.3750
11077.3955
8496.3750
13266.5439
9735.1426
7130.3271
8319.6279
9074.0996
11722.9033
8496.3750
8319.6025
8150.0029
8873.1055
7260.3022
9284.3691
9735.1426
7260.2827
9284.3691
7534.7314
8150.0029
8680.7012
14200.0781
7004.8809
9735.1426
7130.3462
7987.0542
12844.0391
9504.4365
14200.0781
11077.3955
8496.3750
12074.3945
8496.3750
10780.4141
9284.3691
12844.0391
12074.2871
12074.3945
7830.4629
12844.0391
11077.3955
10780.4141
8319.6279
12844.0391
9284.3691
8873.1055
13266.5439
6235.4556
8496.3750
14200.0781
9284.3691
12844.0391
11391.1387
7830.4399
10231.3691
10498.8057
7679.7769
8319.6279
7830.4399
17225.0879
8873.1055
11722.8027
10231.4072
11077.4404
11077.3955
11722.9033
9977.1689
10780.4141
8680.6729
9735.1426
7394.9956
10780.4141
9735.1084
9284.3369
12447.4258
19743.7051
10231.4453
9284.3691
9284.3691
9735.1426
8319.6279
9977.1689
10231.4453
26089.0547
12844.0391
9977.1689
11391.1387
8680.7012
11722.9033
11077.3955
14200.0781
20754.2617
8319.6279
13266.4150
16521.7578
19743.7051
-11679.6992
38400.6172
9504.4697
8873.0762
10498.8467
12447.4258
12844.0391
24514.8535
11722.9033
19743.5645
10231.4072
18826.5625
35091.4961
10231.4072
8496.3750
15273.8018
21873.2676
10498.8057
8873.1055
26089.0547
3740.1587
15273.7168
19743.5645
12844.0391
16521.8574
13717.4922
11391.0908
27878.3613
17225.0879
5954.4492
10780.4141
15273.8018
13266.5439
11391.0439
13266.5439
13717.5615
15873.4883
155225.4219
14200.0781
9735.1084
9074.1309
14200.0781
16521.8574
23119.1719
20754.2617
12074.3945
47315.8320
14717.5146
-121840.8438
8873.1348
6653.3843
12844.0391
27878.3613
9735.1426
12447.4258
8680.7012
35091.4961
11077.3955
9504.4697
16521.8574
9504.4697
9735.1426
11722.9033
12447.3115
8150.0029
11077.3955
8680.7012
12844.0391
12844.0391
19743.7051
6766.6094
6766.6265
9735.1426
8150.0029
24514.8535
7004.8989
12844.0391
61605.4141
14200.0049
27878.3613
12447.3115
8319.6279
19743.7051
5954.4492
32306.5723
72553.0391
8680.7012
8496.3750
7830.4399
38400.0820
35091.4961
9074.0996
7830.4399
27878.3613
9504.4697
9074.1309
6653.3843
9735.1426
11722.9033
9977.1689
14200.0049
8149.9785
12074.3408
9504.4697
-1126408.3750
14200.0781
12844.0391
8150.0029
7679.7988
8680.6729
8680.7012
8150.0029
9074.1309
12844.0391
9735.1084
13266.5439
8150.0029
8680.7012
9284.3691
9504.4697
15873.4883
8873.1055
12447.4258
9504.4697
6045.2930
17225.0879
11722.8525
3851.3206
5107.5103
4137.5386
5314.0566
7260.3022
9284.3691
7987.0776
5042.1196
32306.5723
27878.3613
9284.3691
2673.7100
14717.5146
10780.4141
20754.2617
8496.3750
10780.4141
11077.4854
12447.4258
6138.9326
9284.3691
13717.5615
9284.3369
5042.1196
9504.4697
7679.7769
7987.0776
8150.0029
12844.0391
6883.7134
9977.1318
8319.6279
6437.7480
8319.6279
6235.4414
10498.8057
9504.4697
6437.7480
12447.4258
7679.7988
8496.3750
7130.3462
9977.1689
8496.3750
4916.1445
9504.4697
-13156.5195
9735.1426
8150.0029
9977.1689
11391.0439
12844.0391
6437.7480
9074.1309
7394.9956
7004.8989
8319.6279
13266.5439
8150.0029
6883.7310
6437.7480
10780.4141
9504.4697
21873.2676
8150.0029
8150.0029
7260.3022
8319.6279
7987.0776
5954.4492
8680.7012
8496.3750
8873.0762
7987.0776
6883.7310
6138.9326
5616.3853
8496.3750
6235.4414
6766.6265
9977.1689
6543.8169
7395.0156
7130.3462
6766.6094
9504.4697
3266.5869
7004.8989
4978.3604
8319.6279
6437.7324
6766.6265
7260.3022
5780.5625
6335.0122
6335.0122
5866.2393
6235.4556
6543.8008
6335.0122
4916.1353
5314.0566
5461.1260
6335.0122
1244.2262
5616.3853
6766.6265
4418.0557
5537.6870
7679.7988
6138.9326
5954.4360
6138.9326
5386.6060
9504.5029
6334.9976
7395.0156
7395.0156
6437.7480
7395.0156
6653.3843
7395.0156
5461.1260
5616.3853
3503.6062
14717.5146
6766.6265
4796.1943
5461.1260
4468.4595
5107.5103
14200.0781
6766.6265
5243.4111
5866.2393
7004.8989
5954.4360
6235.4414
5697.3115
6045.2930
5537.6870
5314.0776
5174.5957
5954.4492
4738.3364
5174.5854
4227.0850
5314.0776
4796.1943
6138.9326
5386.5947
5174.5854
5697.2993
5243.4111
7534.7524
5537.6870
4137.5317
4916.1445
4418.0483
4855.4438
4681.8467
6653.3843
1262.1112
5174.5854
5386.5947
6883.7310
5042.1196
6766.6265
4978.3511
5386.6167
7987.0542
6543.8169
4418.0483
5314.0566
6766.6265
5697.3115
5314.0669
5107.5103
5461.1035
5461.1260
5954.4492
4572.7104
4855.4438
13266.5439
-10774.1836
4368.7520
4916.1445
5042.1196
7987.0776
4468.4595
4796.1943
5386.6060
5461.1147
4978.3511
4368.7520
2832.6191
4273.3032
5042.1196
5174.5854
6138.9326
6045.2930
3969.1038
6543.8169
5107.5103
4051.6165
5461.1035
5107.5103
5107.5103
5243.4111
4572.7104
4137.5386
4916.1445
-30742.5371
5042.1196
4009.9492
4796.1943
1930.8818
5537.6636
4572.7183
4468.4595
4181.8472
4051.6104
5042.1196
4626.6523
4368.7446
4273.3032
5954.4360
4626.6523
4273.2964
13266.5439
3568.1658
4181.8472
4227.0850
4051.6104
5042.1196
5042.1196
4519.9932
5042.1196
3851.3206
4916.1445
4368.7520
3813.5527
4227.0918
4273.2964
4181.8472
3133.6685
4978.3511
3969.1038
4572.7183
3704.4766
3969.1099
4681.8467
4681.8467
4227.0918
4273.3032
3535.5994
4094.1311
4468.4595
4273.2964
3889.8127
4368.7520
3503.6062
4681.8467
4051.6165
3568.1658
3441.2756
4418.0557
3635.0803
5107.5103
4137.5317
5107.5103
4468.4595
4009.9492
4273.3032
3740.1533
3535.5947
5461.1260
4418.0483
5107.5103
3669.4617
3568.1658
4368.7520
3740.1587
4418.0557
4273.3032
4094.1375
3740.1587
3740.1533
4181.8472
5042.1196
4009.9492
4227.0850
3740.1587
3159.4065
4418.0557
3669.4617
3889.8186
3929.0742
3535.5994
3813.5583
3635.0803
3351.7224
3381.0645
4273.3032
3704.4817
3535.5994
4009.9492
2711.7976
3535.5994
3503.6062
3294.4976
3410.9097
3601.3206
4009.9492
3266.5908
3503.6062
3535.5947
3669.4565
3889.8186
3472.1667
3010.8435
3441.2710
3133.6685
3239.1394
2832.6191
4051.6165
3010.8435
3034.6563
3601.3206
3185.5576
2711.8005
3472.1714
2875.2329
2875.2329
3083.3926
2919.1033
2941.5273
3381.0645
3472.1714
2636.6375
3441.2710
3083.3926
3010.8435
3185.5576
3381.0645
3410.9097
3322.8708
3034.6526
2941.5239
3851.3206
3535.5994
2514.3367
3083.3926
3159.4065
3083.3926
1941.0055
2964.2869
2231.5227
3034.6563
3108.3335
2897.0044
3010.8435
2791.2090
2987.3896
3381.0645
3058.8364
2750.9519
3133.6685
42395.3516
2987.3896
2987.3896
2853.7693
2711.8005
2941.5239
2750.9490
3294.4976
2897.0076
2731.2410
2770.9363
2770.9392
2618.4678
2897.0076
3083.3889
3034.6563
2875.2329
2770.9392
3266.5908
2791.2061
2673.7100
4137.5386
2497.7498
2770.9392
2750.9519
2313.9854
2497.7498
2875.2329
2750.9519
2692.6252
2750.9519
3185.5537
2811.7639
2750.9519
2272.0366
2811.7668
2692.6226
2770.9392
2655.0488
2433.4641
2897.0076
2811.7668
2897.0076
2514.3342
2433.4641
2832.6191
2750.9519
2531.1367
2600.5430
2600.5430
2465.2041
2565.3831
2673.7100
3740.1587
2692.6226
2449.2354
2531.1318
2497.7498
2417.8843
2673.7100
3239.1394
2548.1516
2514.3367
2565.3882
2731.2410
2750.9519
2600.5430
2244.8733
2387.2974
2731.2410
2673.7070
2433.4641
2299.8386
2272.0386
2272.0386
2548.1516
2082.4128
2258.3777
2433.4641
2531.1367
2285.8586
2328.3022
2299.8406
2285.8586
2231.5227
2357.4468
2313.9875
2313.9875
2299.8406
2313.9875
2166.9868
2179.6047
2244.8733
2218.3232
2166.9868
2417.8867
2258.3757
2272.0386
2342.7876
2402.4998
2357.4446
2117.8728
2105.9272
2192.3677
2179.6064
2003.9257
2192.3677
2048.0708
2166.9849
1465.1493
2082.4146
2036.8617
2313.9875
2117.8745
2673.7100
2231.5227
2218.3232
2272.0386
1951.2306
2166.9868
2003.9225
2059.3979
1993.1683
2025.7690
2192.3677
2231.5227
2179.6064
1881.7422
2082.4146
3185.5576
1645.2532
2094.1079
2082.4146
2082.4128
1951.2290
1891.3793
1872.1980
1951.2306
1982.5251
2094.1079
1862.7452
2285.8586
1951.2290
1891.3793
1891.3793
1891.3793
1781.5797
1891.3778
1862.7452
1872.1980
1881.7422
1920.8611
1881.7422
1853.3827
1807.8785
2025.7690
1941.0055
1816.8077
1872.1980
1645.2543
1739.3220
1862.7452
1891.3793
1772.9725
1825.8235
1652.7241
1630.5028
1816.8091
1706.8605
1731.0986
1816.8091
1747.6219
1652.7241
1799.0310
1623.2218
1790.2650
1714.8682
1739.3220
1683.2544
1825.8235
1714.8682
1714.8671
1667.8563
1601.7375
1807.8785
1533.8405
1580.7834
1601.7365
1616.0007
1764.4463
1567.0984
1580.7825
1630.5028
1698.9207
1615.9996
1645.2532
1667.8586
1667.8574
1608.8389
1637.8467
1714.8682
1471.1543
1816.8091
1540.3862
1675.5214
1465.1501
1630.5028
1489.4501
1508.1760
1608.8389
1527.3485
1660.2572
1508.1760
1483.3037
1489.4492
1343.7491
1453.2758
1533.8414
1489.4492
1323.6719
1391.0630
1396.5120
1380.2822
1424.3656
1447.4072
1418.7131
1520.9071
2299.8386
1508.1752
1418.7123
1299.3472
1430.0613
1343.7491
1391.0621
1435.8004
1235.4581
1424.3665
1407.5313
1081.3538
1248.6533
1413.1014
1149.8613
1343.7499
1402.0018
1418.7114
1380.2831
1359.1835
1354.0024
1391.0630
1459.1908
1294.5824
1318.7402
1318.7402
1304.1461
1508.1760
1294.5824
1453.2766
1318.7402
1348.8580
1318.7402
1280.4785
1354.0024
1253.1096
1328.6394
1289.8491
1318.7402
1244.2262
1275.8403
1333.6410
1275.8403
1280.4785
1275.8403
1289.8491
1209.8293
1257.5955
1226.8048
1253.1096
1280.4785
1146.0576
922.1238
1294.5824
1222.5199
1280.4785
1248.6533
1142.2781
1226.8048
1181.1426
1244.2256
1181.1426
1142.2781
1222.5199
1177.1476
1169.2307
1161.4114
1127.3844
661.6674
1116.4464
1161.4108
1131.0742
1123.7167
1127.3844
1253.1090
1149.8607
1189.2092
1209.8280
1116.4464
1197.3788
1123.7167
1064.5560
1084.7717
1084.7712
1116.4464
1077.9556
987.2554
1112.8436
1102.1621
1010.8509
1067.8767
1465.1493
1010.8509
1035.4923
1131.0742
1112.8436
1045.0176
1041.8250
1074.5769
1514.5165
1041.8250
1074.5769
1088.2095
1081.3538
1045.0172
1048.2286
1074.5769
975.8303
1038.6495
1001.8833
833.5751
984.3763
1010.8505
1016.9105
1019.9652
1032.3529
984.3768
1045.0176
967.4175
1007.8456
1016.9105
1013.8725
981.5129
984.3768
1001.8837
1013.8725
885.2364
961.8812
961.8816
948.2900
975.8303
924.6815
961.8816
922.1238
959.1352
953.6843
942.9495
922.1238
956.4025
953.6843
917.0463
929.8353
907.0423
848.7157
902.1132
850.9188
882.8717
897.2328
917.0467
899.6672
857.5894
887.6125
912.0198
882.8717
885.2364
882.8717
902.1135
892.3994
1127.3844
859.8342
864.3549
902.1135
887.6125
850.9181
857.5897
873.5253
868.9183
798.7429
837.8512
833.5751
850.9188
818.9106
818.9106
829.3377
859.8342
842.1667
831.4515
850.9188
882.8717
827.2334
840.0040
855.3557
806.7027
757.3467
816.8533
753.7717
717.9589
798.7432
833.5751
827.2334
808.7150
794.8154
701.9404
731.2421
746.7105
755.5555
716.3286
790.9219
741.4905
818.9106
759.1454
734.6304
848.7157
734.6304
743.2235
748.4646
746.7103
695.7074
670.2634
724.5471
727.8810
738.0466
729.5581
714.7043
700.3730
709.8708
697.2568
700.3730
694.1642
714.7045
685.0296
685.0296
698.8117
695.7074
677.5762
679.0557
683.5273
668.8173
698.8117
688.0510
680.5406
692.6271
671.7150
638.3215
668.8171
656.0423
676.1027
647.7590
658.8443
630.4200
635.6687
646.3963
631.7251
656.0425
639.6553
647.7588
635.6687
653.2609
627.8235
634.3495
623.9632
539.2081
623.9634
658.8445
630.4200
640.9939
757.3467
604.0482
615.1134
613.8670
625.2454
594.4959
634.3495
604.0483
604.0483
611.3865
586.3475
585.1992
588.6562
569.5155
589.8162
585.1992
592.1480
582.9137
571.7120
563.0116
576.1481
567.3334
579.5143
594.4957
560.8716
564.0868
559.8068
564.0868
557.6874
553.4891
554.5338
543.2243
553.4891
499.0025
549.3440
556.6328
550.3753
543.2243
545.2513
549.3442
544.2362
538.2118
539.2081
538.2120
542.2155
552.4479
539.2081
541.2100
523.6329
544.2362
530.3527
507.8947
524.5841
520.7967
527.4551
518.9202
526.4952
517.0549
497.2554
511.5258
541.2100
508.7984
493.7912
500.7602
496.3856
496.3856
492.0742
490.3670
487.8247
484.4688
487.8247
492.0742
487.8247
490.3670
492.0742
485.3040
482.8051
484.4688
496.3856
474.6268
493.7912
475.4343
469.0374
464.3323
483.6358
469.0374
469.8292
465.8920
455.9053
461.2385
455.1517
455.1517
461.2385
454.4001
444.0875
455.1517
449.1954
450.6724
448.4599
450.6725
434.1515
436.9531
445.5370
435.5487
431.3791
441.2111
429.3185
430.0036
423.9010
422.5639
423.9010
428.6351
413.3918
421.2336
414.0362
423.9010
405.7827
418.5931
414.0363
408.9256
409.5588
419.9099
407.6637
408.9256
408.2939
400.8339
405.7827
402.0620
399.6119
392.9955
397.7899
390.0456
391.2213
394.1854
395.9812
381.4043
388.2927
384.8239
383.1081
383.1081
384.2507
383.1081
388.2926
371.4287
381.9709
367.1264
368.7304
376.3643
370.8864
381.4043
372.5166
364.4772
369.2676
355.6904
365.0046
366.0631
366.0631
365.0046
356.1981
359.7837
352.6682
365.5333
356.1982
350.1798
356.1982
351.1720
350.1799
355.6905
342.3984
346.7419
342.8768
342.3984
338.6076
337.6701
339.5492
334.8813
334.8813
343.3563
324.0727
332.5843
331.2177
333.5002
331.2177
336.2712
328.9591
326.7242
319.2963
327.6153
327.1693
325.3942
322.3233
324.0727
318.8675
312.1226
323.6340
318.4395
312.1226
311.2947
310.0592
305.9937
348.2089
305.9937
303.1955
304.7898
306.3966
302.0081
306.3966
302.7989
296.5578
310.8820
300.4357
292.3780
300.4357
302.4031
295.7912
292.0024
287.1842
287.9177
290.8799
290.8799
282.8404
282.8404
284.6384
281.0591
274.4389
278.9434
283.9172
276.5045
274.4389
285.0001
280.3513
278.2433
266.7264
271.7198
270.7103
274.0969
276.1587
268.3759
270.3749
266.3983
266.0707
263.1490
257.1316
260.5908
260.2736
260.5908
254.9645
257.7556
260.5908
252.2168
254.9645
256.8203
254.0439
255.5810
254.9645
251.0091
249.5112
251.6119
242.7821
244.5125
244.5124
243.3569
242.4954
238.8116
238.5315
243.9337
241.0691
236.5838
235.7559
229.2763
233.5678
239.0922
234.9320
235.4808
233.8398
233.8398
232.7547
228.7477
229.0118
217.2853
233.2963
225.6109
225.0939
227.6954
224.0647
219.5134
224.5784
221.2681
222.0260
221.0163
218.0246
219.0156
216.5495
215.3308
214.1213
211.9676
215.3308
210.3127
213.6401
209.8432
214.3625
202.2952
203.8654
206.1371
211.7301
202.5185
207.9790
206.8252
208.6754
202.2952
202.9661
204.0910
199.8602
202.9661
197.6805
198.7664
195.7456
197.8970
196.1734
191.7422
197.0327
194.0466
194.6814
190.7067
190.2945
189.6785
192.1585
189.0650
187.0388
189.6785
184.8425
185.6373
185.0408
182.8749
184.2494
181.5137
180.3573
180.1655
180.5494
180.5493
176.3836
172.7025
172.3398
179.4008
172.8842
169.2952
172.3398
172.3398
171.9780
170.1835
171.7975
169.8275
170.5405
167.0125
166.4912
166.1448
165.4546
166.4911
164.4262
165.9719
165.9719
164.2555
162.2249
162.5612
160.2253
159.8950
160.5565
159.4011
155.3571
156.3161
156.4767
153.7746
154.2473
158.0932
153.9320
153.3037
150.9751
150.2083
150.0555
148.9912
151.9013
149.9029
147.7859
147.9359
146.1476
146.5922
145.4100
143.3681
144.2390
152.8345
143.2235
139.9457
139.5246
139.2448
139.2448
136.7550
138.4090
134.9888
137.3038
134.1825
134.7194
134.1825
139.3846
133.6480
134.5849
132.1907
132.0592
131.4035
131.1423
132.4543
128.9454
128.1799
127.4196
126.9155
127.0413
126.1636
125.6650
124.9214
125.2926
124.9214
121.3949
121.7546
119.9678
121.0364
120.7980
119.4962
119.0265
117.7455
117.9773
116.8231
116.4792
116.4792
116.2506
114.4387
112.6570
113.2106
113.9905
111.1220
113.8787
110.5792
109.7165
110.0392
109.5019
108.0120
108.0120
107.9064
109.0740
111.3400
105.6098
106.6474
104.4805
102.3585
104.5826
102.6589
101.5617
102.6589
100.4762
100.2801
101.6609
100.9681
98.5323
98.4361
98.6286
98.7250
97.0042
95.5927
95.4993
96.6258
98.3400
93.5588
94.0173
92.1961
91.9259
92.7389
92.7389
90.3203
91.2089
90.6747
89.6153
88.3074
88.6544
88.4807
86.7615
86.5913
84.9062
85.9136
85.6607
85.4925
86.1671
84.6561
84.7394
84.1578
82.1104
79.9497
81.3844
81.4648
80.8237
80.7439
80.1080
79.5551
82.1104
78.4597
78.9275
77.9942
77.4543
76.4602
76.5363
75.7031
75.7785
74.2823
71.0786
74.0600
74.8031
72.7384
72.9573
72.2299
71.9406
70.8645
70.4378
71.2217
70.5088
70.7932
69.3803
69.2403
68.6131
68.7521
68.0595
67.5096
67.4411
66.3528
66.3528
65.0786
63.3012
65.3452
64.9456
64.3498
63.4968
62.0091
63.8894
60.8635
60.9900
61.8810
61.6892
60.8004
60.6742
60.2968
60.0462
56.9786
58.7433
58.8049
58.8049
57.8864
58.1914
56.9786
57.4009
56.1406
56.9184
55.4884
55.8435
55.0763
54.5495
54.2584
54.0843
53.8527
53.3917
53.3342
52.5915
52.8192
53.1049
50.6824
51.0715
51.7996
48.2280
50.9602
50.6824
50.6270
50.1300
50.3505
48.7665
49.5270
48.6045
48.2817
48.8205
46.7407
47.8533
47.7467
46.8986
46.5307
47.3745
46.3736
47.1097
45.6965
44.6160
44.7694
44.8206
44.8718
43.9551
43.6521
44.2086
44.1071
43.5011
43.1500
43.3003
43.0000
42.8005
41.6153
41.7133
41.3221
41.2733
41.8606
41.5174
42.0575
41.4686
40.9330
40.4015
40.1132
39.8262
39.6354
39.8739
39.8739
38.4552
39.4928
39.3029
38.6427
38.5957
38.3149
38.0351
