29.8501
30.3461
31.4338
31.3074
33.5775
33.9708
34.8532
36.5165
36.6532
37.0190
37.7565
39.2556
40.2092
41.8606
41.8115
42.5024
43.2000
45.1286
44.9231
46.7933
46.8460
47.5337
49.1458
49.2001
51.1273
52.7053
52.6483
57.2196
55.4884
57.2800
57.2800
58.6203
58.5589
59.1134
60.2968
60.9267
64.2180
63.9550
65.8139
64.7465
67.0995
68.2667
69.7313
70.8645
71.5085
72.2299
72.6656
75.4772
75.6277
77.0706
78.3042
77.8396
80.5049
80.4254
81.7870
84.4897
84.6561
86.5063
85.9980
86.7615
88.1343
90.0553
89.0899
91.6564
92.6482
92.2863
96.1548
98.8215
97.2889
98.6286
98.9181
98.7250
106.7517
104.8897
106.2311
106.1273
107.9064
108.4355
110.0392
108.8608
111.9964
112.3262
112.5466
113.9905
116.1365
115.7948
116.3649
119.3786
119.8497
123.2050
122.3566
125.6650
125.0450
127.1673
127.4196
127.2934
130.4917
131.5343
132.3225
132.5864
133.5148
134.7194
136.0725
136.8919
140.7922
140.6507
140.0863
143.0792
142.9350
144.3848
144.6768
145.8520
148.6888
147.9359
150.3613
153.9320
152.3671
154.0896
155.3571
155.9957
156.3161
160.7224
157.6061
162.2249
162.3930
161.5550
162.3930
165.7992
164.2555
167.3611
166.8385
168.7649
169.6498
170.5405
169.6498
173.0662
173.2484
179.0201
178.2617
179.2103
179.4008
181.5137
184.4468
185.8366
184.6445
188.2511
189.6785
188.6575
191.9502
188.4542
194.2579
191.9502
196.3877
198.9845
198.3310
197.6805
198.3310
201.6272
202.7421
202.9661
207.0552
199.2029
207.2857
208.4429
209.8432
213.1604
209.8432
213.4001
213.4001
215.8172
217.2854
221.5203
221.5203
219.5134
218.5193
219.7629
225.3522
220.7648
225.6109
241.0691
233.2963
226.6497
241.9235
242.4954
233.5678
234.1121
233.8398
237.1380
236.3073
236.5838
239.3732
240.2190
245.6757
241.9235
246.2603
244.5124
247.1409
248.6186
251.6119
250.7085
256.1996
256.8203
252.8237
253.4327
253.7380
261.8654
261.8654
261.5459
263.1490
264.7664
268.3759
267.7143
268.3759
269.7061
269.3727
270.3750
274.4389
272.7348
277.8943
277.5459
276.8510
277.1982
273.0744
277.8943
283.5575
282.8404
286.4534
288.6541
289.0233
283.5575
290.1351
288.6541
296.9422
289.0233
298.0998
294.2670
302.7990
294.6469
302.7990
303.9911
303.5929
307.2049
304.7898
305.1903
314.2068
312.1226
308.8310
310.4702
321.0207
328.0623
326.7242
303.5929
321.8882
323.1961
321.8882
327.1693
328.5103
326.2799
333.9596
328.9591
331.2177
337.6701
334.8813
335.3437
339.5492
343.8369
338.1384
342.3984
335.3437
342.3984
340.9692
347.7189
345.2847
349.1922
357.2169
349.6855
354.1743
354.1743
353.1691
357.7279
361.8579
363.9510
362.3794
354.1743
355.6904
371.4285
369.2676
361.3376
376.9191
373.6096
376.9191
381.9709
369.8060
369.2676
376.9191
379.1512
385.3987
384.8240
387.1310
385.3987
405.7827
394.7824
394.7824
385.3987
395.9810
402.6783
394.7824
397.1855
403.9155
405.7827
405.1587
405.7827
403.2961
405.1587
402.6783
403.9155
406.4081
447.7261
424.5721
412.7490
412.7490
414.0363
404.5363
427.2739
423.9010
425.9195
393.5897
427.2739
425.2450
422.5639
339.0779
429.3185
426.5958
437.6581
452.1575
445.5370
438.3650
430.6904
440.4967
430.0035
449.1954
458.1785
441.9273
458.9404
451.4140
488.6697
437.6581
458.1785
452.1575
447.7263
465.8920
447.7261
462.7811
460.4704
470.6232
462.7811
455.9053
458.1785
481.1510
480.3274
486.9821
467.4603
474.6269
473.8216
468.2477
481.9769
499.0027
491.2194
496.3856
500.7602
504.3064
503.4159
499.0027
511.5258
513.3577
505.1995
528.4180
517.0549
525.5382
536.2288
522.6846
546.2697
539.2081
530.3525
526.4951
541.2100
546.2697
546.2697
549.3440
556.6328
536.2288
535.2419
563.0116
561.9399
565.1655
563.0116
558.7454
544.2362
557.6874
568.4227
586.3477
580.6437
572.8156
577.2666
611.3867
549.3440
581.7769
599.2396
572.8156
589.8162
588.6561
590.9801
593.3199
615.1136
586.3477
596.8597
616.3646
576.1483
607.6985
607.6985
595.6759
629.1194
635.6687
621.4126
647.7588
635.6687
631.7251
633.0350
635.6687
646.3959
634.3495
656.0425
634.3495
654.6492
661.6674
634.3495
629.1194
671.7150
658.8445
668.8173
679.0557
661.6674
650.5001
650.4999
680.5406
670.2634
653.2611
676.1027
719.5963
680.5406
663.0867
709.8708
679.0555
695.7074
682.0312
688.0510
709.8708
686.5374
685.0298
717.9592
750.2265
736.3350
692.6271
750.2265
734.6302
711.4756
713.0869
731.2421
731.2421
708.2723
755.5555
748.4648
751.9954
760.9517
741.4908
738.0466
734.6304
757.3467
760.9517
800.7200
741.4905
757.3467
753.7717
741.4908
759.1454
757.3467
814.8051
808.7150
794.8154
787.0621
808.7150
790.9219
820.9773
790.9219
787.0621
794.8154
857.5897
804.6999
790.9219
902.1139
827.2334
798.7432
812.7661
853.1320
806.7030
820.9773
829.3377
864.3549
825.1386
855.3557
842.1667
855.3557
816.8533
814.8048
842.1667
827.2334
855.3557
857.5897
859.8342
862.0892
816.8533
848.7157
880.5183
929.8353
864.3549
875.8452
892.3994
862.0889
882.8713
914.5270
914.5270
1239.8281
927.2519
937.6639
887.6125
922.1238
953.6847
981.5129
909.5249
940.3000
935.0412
970.2071
935.0412
953.6847
948.2900
935.0412
948.2892
945.6125
981.5129
970.2071
1007.8456
950.9804
929.8353
990.1503
967.4175
935.0412
1013.8725
993.0602
940.3004
1013.8725
975.8303
964.6423
1023.0366
1004.8566
998.9268
961.8816
1029.2303
1004.8566
970.2071
1007.8456
1004.8562
1054.7037
1032.3529
981.5129
1091.6671
1057.9689
1038.6500
1074.5769
1035.4927
1041.8250
1054.7037
1088.2095
1081.3528
1023.0366
1067.8772
1081.3528
1035.4927
1105.7017
1064.5551
1045.0176
1116.4464
1116.4464
1142.2781
1095.1450
1064.5551
1109.2621
967.4175
1077.9556
1048.2281
1181.1432
1123.7167
1051.4573
1061.2535
1134.7864
1116.4464
1218.2625
1123.7167
1146.0582
1138.5209
1131.0742
1109.2621
1112.8431
1222.5186
1218.2612
1214.0311
1173.1769
1185.1638
1209.8280
1222.5199
1218.2625
1077.9551
1266.6570
1231.1178
1257.5955
1226.8036
1201.5021
1275.8403
1209.8280
1262.1112
1275.8403
1231.1178
1244.2262
1226.8042
1354.0024
1197.3788
1205.6519
1285.1479
1294.5824
1313.8419
1354.0024
1239.8281
1343.7499
1218.2612
1323.6726
1338.6777
1385.6526
1323.6726
1424.3665
1328.6394
1343.7499
1385.6526
1418.7114
1354.0024
1385.6526
1396.5111
1343.7499
1369.6571
1343.7499
1364.4016
1359.1835
1343.7499
1453.2766
1430.0621
1299.3479
1348.8580
1226.8048
1587.7106
1271.2333
1447.4072
1413.1014
1441.5820
1424.3665
1354.0024
1418.7131
1489.4501
1483.3047
1391.0621
1495.6434
1508.1760
1441.5820
1424.3665
1489.4501
1527.3485
1453.2766
1453.2766
1396.5111
1580.7834
1413.1014
1441.5820
2811.7668
1489.4501
1608.8389
1483.3047
1527.3485
1447.4072
1567.0984
1477.2065
1630.5028
1637.8467
1514.5165
1553.6344
1580.7834
1508.1760
1637.8467
1527.3485
1514.5165
1489.4501
1418.7131
1527.3485
1587.7106
1489.4501
1435.7996
1580.7834
1533.8414
1608.8389
1533.8414
1623.2207
1615.9996
1630.5028
1533.8414
1483.3047
1623.2207
1007.8456
1391.0621
1501.8853
1683.2532
1413.1014
1608.8389
1667.8574
1587.7106
1587.7106
1501.8853
1608.8389
1691.0551
1453.2766
1637.8467
1527.3485
1731.0986
1706.8605
1553.6344
1560.3391
1706.8605
1630.5028
1755.9960
1601.7375
1580.7834
1714.8682
1652.7253
1652.7230
1660.2572
1527.3485
1739.3232
1477.2065
1501.8853
1594.6951
1477.2065
1489.4492
1747.6219
1465.1501
1560.3381
1514.5165
1483.3047
1630.5028
1495.6434
1483.3047
1540.3862
1508.1760
1465.1493
1424.3665
1465.1501
1424.3665
1615.9996
1520.9071
1675.5237
1430.0613
1608.8389
1540.3862
1430.0621
1441.5820
1369.6580
1447.4072
1508.1760
1343.7499
2770.9392
1447.4072
1430.0621
1441.5820
1546.9836
1435.8004
1402.0001
1424.3665
1435.8004
1407.5313
1441.5820
1424.3665
1435.8004
1477.2065
1430.0621
1971.9865
1380.2822
1872.1980
1396.5111
1328.6394
1418.7131
1435.8004
1459.1908
1495.6434
1483.3047
1402.0018
1308.9774
1374.9506
1343.7499
1447.4072
1441.5820
1333.6410
1369.6571
1380.2822
1424.3665
1471.1552
1338.6777
1285.1472
1402.0018
1338.6777
1280.4785
1630.5028
1308.9774
1289.8491
1266.6570
1244.2262
1418.7131
1343.7499
1257.5955
1244.2262
1294.5824
1253.1096
1418.7131
1304.1461
1369.6571
1257.5955
1333.6410
1235.4587
1248.6533
1364.4016
1231.1178
1262.1112
1333.6410
1214.0311
1218.2618
1244.2262
1244.2262
1226.8048
1323.6726
1257.5955
1209.8293
1308.9774
1189.2104
1209.8280
1275.8403
1294.5824
1231.1178
1248.6533
1348.8580
1235.4587
1308.9774
1189.2098
1177.1476
1248.6533
1181.1432
1142.2781
1231.1178
1173.1763
1197.3788
1226.8048
1138.5204
1173.1769
1262.1112
1161.4114
1131.0742
1181.1432
1161.4114
1120.0707
1157.5377
1157.5377
1102.1616
1173.1769
995.9852
1177.1476
1142.2781
1165.3090
1146.0582
1127.3844
1091.6671
1038.6500
1120.0707
1120.0707
1123.7167
1205.6519
1131.0742
1051.4568
1045.0176
1045.0181
1226.8048
1105.7012
1064.5551
1054.7037
1048.2281
1131.0742
1088.2095
1064.5560
1102.1621
1369.6571
1057.9689
1041.8250
998.9268
1057.9698
1084.7717
1048.2281
1029.2303
993.0602
1023.0366
1019.9652
1023.0366
1029.2303
932.4316
1019.9652
967.4175
1019.9652
1010.8509
1051.4568
987.2559
929.8353
961.8816
1029.2303
1013.8725
1013.8725
973.0113
1032.3529
953.6847
961.8816
987.2554
932.4316
1004.8566
961.8816
924.6815
922.1238
899.6672
935.0412
948.2900
935.0412
932.4316
932.4316
935.0412
929.8353
927.2519
897.2328
907.0419
899.6672
864.3549
924.6815
892.3990
907.0423
855.3557
892.3994
897.2324
873.5253
871.2163
894.8102
873.5253
855.3557
857.5897
882.8717
864.3549
729.5579
837.8512
790.9219
825.1386
848.7157
818.9106
818.9106
794.8154
804.6999
810.7360
823.0533
808.7150
787.0621
823.0533
798.7432
792.8644
820.9773
816.8533
762.7656
812.7661
743.2233
818.9106
760.9517
794.8154
755.5555
771.9510
788.9878
757.3467
750.2265
757.3467
748.4648
744.9634
757.3467
753.7717
717.9592
722.8902
722.8902
716.3286
736.3350
716.3286
698.8117
694.1644
691.0958
694.1642
698.8117
713.0869
716.3286
716.3286
617.6199
677.5764
727.8810
682.0312
706.6801
668.8173
673.1721
665.9413
676.1027
682.0312
660.2533
664.5114
688.0510
653.2611
676.1027
631.7251
630.4200
635.6687
663.0867
640.9935
626.5323
643.6849
610.1531
612.6247
629.1194
631.7251
594.4957
618.8797
600.4356
593.3199
610.1531
604.0483
584.0546
623.9634
580.6437
590.9801
580.6437
579.5143
593.3199
584.0546
590.9801
590.9801
558.7454
578.3885
586.3477
580.6437
552.4481
552.4479
556.6328
558.7454
570.6119
534.2580
556.6328
551.4102
551.4099
521.7393
527.4551
528.4180
527.4551
532.2993
555.5816
526.4952
546.2697
523.6329
524.5841
510.6143
512.4404
523.6329
492.9315
522.6846
485.3042
502.5281
500.7602
492.9315
497.2554
486.9821
486.9821
498.1277
473.8216
485.3042
484.4688
477.0560
470.6232
473.0186
480.3274
468.2477
459.7043
426.5958
447.7261
469.8292
467.4603
461.2385
472.2180
447.7261
465.1111
448.4599
456.6610
458.9404
441.9273
440.4967
437.6581
423.9010
435.5487
436.9532
437.6581
421.8977
425.9195
424.5721
424.5721
410.1937
417.2829
419.2507
421.8977
414.6823
425.2450
421.2334
417.2829
410.1937
409.5588
406.4081
400.2222
397.1855
396.5824
391.2213
388.8756
405.7827
384.2507
387.7111
403.2961
376.9191
386.5522
376.9191
381.4043
379.1512
379.7125
380.8391
371.9719
376.9191
363.4259
379.7125
364.4772
364.4772
361.3376
368.1945
361.3376
368.7305
351.1719
362.3794
350.1798
351.6695
349.1922
352.1682
340.9692
348.2089
340.4948
341.9210
345.2847
334.4200
330.7640
337.2028
334.4200
332.5842
326.7242
327.1693
326.7242
321.8882
321.8882
318.4395
324.5123
323.1962
317.1606
312.9538
318.8675
309.6490
308.0163
308.0163
305.5916
310.8820
300.4357
296.9422
297.7132
311.7083
293.8877
294.2670
283.9171
292.3781
290.5072
283.9171
286.8184
282.1259
278.5930
282.1259
282.4828
282.8404
272.3959
273.7554
271.0461
268.0448
270.3749
269.7061
268.0448
267.0551
263.7942
261.8654
258.0684
257.1315
256.1996
258.3818
252.8237
254.6571
254.3502
252.2168
251.6119
247.4355
242.7821
242.7821
246.5534
241.6382
247.1409
243.3569
240.5019
240.2190
236.3073
233.5678
240.7853
232.7547
228.7477
230.0726
227.4333
231.9455
232.2148
224.8360
225.6109
221.0163
219.5134
222.0260
217.5314
214.8459
219.2643
214.8459
212.9211
212.6822
213.4001
203.6401
212.9211
206.1371
209.1415
206.1371
205.6800
206.3661
199.4217
201.4052
200.7411
192.7852
200.0800
194.8936
197.2482
190.9132
194.8936
189.4737
186.0363
192.3671
187.8459
183.2663
186.4365
184.6445
182.2899
182.6797
181.9013
181.5137
181.3203
173.0662
172.5210
172.3398
169.2951
170.0054
167.7107
170.1835
168.7649
167.7107
164.4262
168.4126
165.1109
165.2827
162.5612
161.3880
159.4011
159.0729
158.5821
154.7218
155.3571
151.5918
154.2473
151.9014
148.9912
150.2083
150.9750
148.5379
149.2944
147.4864
153.1471
144.6768
143.5128
144.5307
140.5094
139.9457
139.9457
141.5023
140.0863
139.8051
136.7550
136.2087
133.7814
132.4543
129.9740
130.3621
131.0118
126.5389
129.3300
126.1636
125.1687
128.0529
125.9140
123.5706
120.9171
121.9950
120.2043
119.3786
117.7455
117.6297
115.6811
115.5676
117.3987
113.7671
112.5466
112.1062
111.2310
111.2310
109.2877
109.0740
107.1701
106.5432
106.5432
105.7131
102.9603
101.1656
102.0589
101.1656
101.2645
98.3400
98.8215
98.3400
96.9094
97.3840
95.5927
94.0173
92.9205
93.1935
91.4772
91.5667
90.4973
89.0026
88.7413
87.1883
87.7031
86.4214
84.2407
85.0733
84.5728
82.3537
81.7063
82.3537
81.9485
80.0288
79.5552
79.7128
77.1472
77.0706
76.9941
74.4308
73.8384
72.8113
73.1035
70.7932
72.3749
71.3650
71.2217
69.3103
69.5908
68.9610
67.7154
66.6235
66.6235
65.5458
64.8792
64.2839
61.9450
62.3302
62.0091
62.1374
61.7531
59.6095
59.7964
59.1134
59.2371
57.8864
58.0083
56.7382
56.6183
55.2526
54.0843
53.5067
54.4329
53.0477
52.9334
52.0814
50.7379
51.1831
50.6824
49.3633
49.9650
48.8205
48.6585
47.7467
47.9067
45.3862
46.3736
46.0603
45.9042
44.3102
44.7182
44.0564
42.5024
43.3003
42.8005
41.9590
41.0786
40.9815
40.1612
40.3052
39.1137
39.2556
38.7836
38.5488
37.8493
37.2486
38.4084
36.9732
36.6532
35.8373
36.2440
35.5226
34.8088
34.3224
34.1024
34.2783
32.9271
33.5775
32.2830
32.4541
32.0271
31.0553
30.2632
30.9714
30.0976
30.2217
29.5215
30.1390
29.7267
28.5054
28.8694
28.1435
28.9099
28.0233
26.1305
27.6641
27.5448
27.5845
27.0305
26.7945
27.7437
27.7039
28.2237
28.4248
28.2237
28.9912
30.0563
30.6372
30.5539
31.5605
32.0697
32.5399
34.2783
33.8394
34.2783
36.1534
36.4711
38.2215
38.1749
38.4552
38.9249
39.5879
41.0301
42.1068
43.3003
43.4508
43.6018
45.1800
44.9231
46.6882
47.0041
47.6401
48.3891
49.4179
50.2953
52.0250
51.8559
52.8763
53.5642
57.5220
55.4294
56.7982
56.9786
58.7433
59.2371
59.8588
61.6892
62.2659
62.2016
64.2180
65.5458
65.0786
66.6913
68.3359
68.0595
71.0786
70.0132
72.0851
72.5201
74.4308
75.0272
78.3042
77.1472
77.5312
77.9942
78.6933
80.4254
82.1104
81.6257
84.9062
85.6607
85.5766
86.5063
88.2208
88.9155
90.7636
90.6747
92.4671
93.2847
94.2935
93.9254
95.8734
97.6698
99.7915
99.0147
101.1656
101.2645
105.0949
104.5826
105.5066
106.9607
107.9064
109.7165
111.2310
111.1221
110.6876
111.9964
114.2144
115.2277
115.7948
117.2833
117.3987
119.4962
121.0364
122.9619
122.9619
125.0450
127.0413
126.9155
128.3071
128.3071
131.0118
132.1907
132.8509
134.0486
132.4543
136.7550
136.7550
137.9933
139.5246
135.1237
139.6648
144.3848
142.7909
146.2956
147.4864
148.6888
149.2944
149.1427
151.7465
150.6678
153.3037
154.2473
157.4441
159.4011
156.7984
160.8885
162.0571
161.0548
161.8895
164.7681
166.1447
167.1867
164.7681
166.4912
168.5887
170.1835
171.9780
171.6172
171.9780
172.3398
179.9739
179.2103
181.7073
180.5494
181.7073
185.8367
185.2394
188.6575
189.2692
187.4418
190.5005
191.7422
179.5916
195.9592
196.3877
198.3310
196.1733
197.8970
202.0722
201.8495
198.7664
203.4151
206.3661
207.9790
206.1371
211.0198
209.8432
210.5481
213.1604
215.8172
214.8459
215.8172
217.5314
216.7945
218.5193
222.0260
212.9211
223.0421
226.6498
228.4839
230.0726
231.4082
230.8726
233.2963
234.9319
236.0314
240.7853
247.4355
235.4807
238.2519
238.2519
243.6451
240.5019
241.9235
244.8025
246.2603
244.2228
255.5810
243.3569
252.2168
252.8237
252.5200
258.0684
256.8203
260.9086
260.9086
257.4432
265.0916
264.7664
266.7264
268.0448
266.7264
270.7102
269.3727
274.4389
277.5459
276.5045
279.2944
279.6460
279.9983
284.6383
282.8404
287.1842
285.3624
285.7253
286.4534
289.3932
290.8799
295.4091
300.0445
296.1741
298.4872
303.5929
305.9937
320.5883
304.7898
308.8310
300.0444
299.2644
313.3706
308.8310
314.2068
314.6263
314.6263
319.2963
325.3943
322.3233
320.5883
325.8366
324.0727
328.9591
330.7640
333.5002
339.5492
335.8069
335.8069
340.9692
342.8768
346.2552
334.8813
348.2089
338.6076
349.1922
348.7000
354.6786
352.6682
373.6094
355.6905
342.3984
352.6680
361.8579
365.0046
369.2676
369.2676
374.7076
381.9709
378.5912
369.2676
378.0325
384.2507
384.2507
380.8391
380.2751
375.8107
378.5912
385.9747
386.5522
390.0456
394.1854
388.2927
390.0457
397.1855
402.0620
392.9955
400.8340
394.7824
399.0031
399.6119
405.1586
421.2334
412.7490
406.4081
399.6119
418.5933
419.9099
425.2450
426.5958
433.4557
428.6352
424.5720
444.0874
367.1264
439.0737
444.8113
434.1516
441.2111
453.6505
459.7043
446.9945
443.3654
446.9945
432.0694
460.4704
459.7043
445.5370
441.2111
456.6610
469.0374
469.0374
473.8216
471.4195
438.3650
477.8706
470.6232
492.9315
486.9821
481.9769
492.9315
492.9315
478.6871
481.1510
492.0742
486.1419
498.1277
504.3064
512.4407
508.7984
513.3577
512.4407
502.5281
517.0548
505.1995
513.3580
548.3160
532.2993
520.7966
540.2075
534.2580
529.3839
560.8716
531.3245
553.4893
554.5334
507.8947
554.5334
551.4099
565.1655
571.7120
564.0868
567.3334
584.0548
559.8068
553.4890
575.0338
585.1992
581.7769
567.3334
581.7769
579.5143
589.8162
588.6561
604.0483
594.4957
604.0483
592.1480
695.7074
606.4775
607.6985
605.2609
623.9634
610.1531
608.9236
622.6857
615.1136
613.8670
592.1480
622.6857
638.3215
620.1439
642.3367
650.5001
660.2533
636.9927
532.2993
625.2454
623.9634
674.6346
657.4409
660.2533
642.3372
646.3959
657.4409
650.4999
674.6346
679.0557
651.8781
650.5001
677.5764
691.0958
685.0296
667.3766
680.5406
667.3766
664.5114
703.5144
694.1642
719.5963
697.2565
668.8171
717.9592
689.5705
706.6796
688.0508
714.7045
705.0941
734.6304
716.3286
719.5963
705.0939
727.8810
726.2107
741.4908
716.3286
739.7651
904.5719
732.9328
717.9589
759.1454
790.9219
731.2421
757.3467
792.8644
802.7056
759.1454
788.9878
804.6999
796.7750
792.8644
792.8644
818.9106
746.7103
829.3377
787.0621
816.8530
862.0886
810.7360
810.7357
806.7030
846.5228
804.6996
857.5897
855.3557
833.5751
818.9103
850.9188
871.2163
823.0533
846.5222
842.1667
850.9188
862.0892
885.2364
840.0040
927.2519
897.2328
875.8452
842.1671
907.0427
862.0892
855.3557
1004.8566
894.8102
1061.2526
871.2160
1023.0366
868.9183
924.6815
1023.0366
912.0198
924.6815
897.2328
890.0002
945.6133
948.2892
932.4316
909.5249
970.2071
978.6641
1095.1450
810.7360
950.9804
984.3768
961.8816
937.6639
1001.8837
978.6641
940.3000
1071.2174
959.1352
1013.8725
970.2067
981.5129
961.8816
935.0412
1067.8772
990.1503
995.9852
1032.3529
1001.8837
975.8303
1026.1250
1023.0366
973.0113
1026.1250
1045.0176
1023.0366
1029.2303
1067.8772
990.1503
755.5555
998.9268
1067.8767
1019.9652
1064.5560
1064.5551
1016.9105
1067.8762
1035.4927
1112.8436
1116.4464
1088.2095
1134.7864
751.9954
857.5897
1064.5560
1088.2095
1001.8837
1023.0362
1226.8048
1064.5560
1074.5769
1120.0707
1088.2095
1105.7017
1077.9556
1134.7864
1134.7864
1112.8436
1109.2621
1173.1769
1149.8613
1123.7167
1127.3844
1185.1638
1102.1621
1181.1432
1181.1432
1185.1638
1185.1638
1102.1621
1193.2814
1189.2098
1262.1112
1157.5377
1266.6570
1189.2098
1146.0582
1177.1476
1185.1638
1181.1432
1173.1769
1201.5021
1218.2625
1205.6519
1201.5021
1262.1112
1248.6533
1214.0311
1218.2625
1294.5824
1318.7402
1235.4587
1323.6726
1285.1479
1257.5955
1280.4785
1587.7106
1271.2333
1308.9774
1239.8281
1313.8419
1304.1461
1323.6726
1239.8281
1338.6777
1380.2822
1333.6410
1323.6726
1338.6777
1396.5128
1275.8403
1299.3479
1359.1835
1501.8853
1333.6410
1391.0621
1338.6777
1374.9506
1244.2262
1385.6526
1354.0024
1402.0001
1318.7402
1109.2621
1435.8004
1391.0621
1364.4016
1402.0001
1348.8580
1313.8419
1359.1835
1369.6571
1308.9767
1304.1461
1364.4016
1424.3665
1369.6571
1081.3538
1359.1835
1407.5313
1424.3665
1374.9506
1407.5295
1459.1908
1435.8004
1369.6571
1391.0621
1465.1501
1424.3665
1407.5313
1333.6410
1441.5820
1413.1014
1435.8004
1380.2822
1441.5820
1441.5820
1441.5820
1441.5820
1418.7131
1435.8004
1424.3665
1396.5111
1714.8682
1520.9071
1495.6434
1594.6940
1453.2766
1514.5165
1501.8853
1501.8853
987.2559
2014.7877
1608.8389
1623.2207
1489.4501
1459.1908
1514.5165
1489.4501
1447.4072
1418.7131
1508.1760
1601.7375
1489.4501
1546.9836
1471.1552
1533.8414
1459.1899
1722.9473
1495.6434
1546.9836
1623.2207
1477.2065
1667.8586
1587.7106
1418.7131
1714.8682
1660.2594
1601.7375
1645.2532
1608.8389
1739.3232
1594.6951
1623.2207
1667.8586
1520.9071
1667.8586
1608.8389
1799.0310
1675.5237
1731.0986
1567.0984
1630.5028
1691.0551
1615.9996
1675.5237
1731.0986
1608.8389
1608.8389
1630.5028
1645.2532
1594.6951
1615.9996
1645.2532
1891.3793
1722.9473
1739.3232
1691.0551
1587.7096
1540.3862
1594.6951
1533.8414
1623.2207
1520.9071
1477.2065
1601.7375
1608.8389
1567.0984
1580.7834
1567.0984
1731.0986
1514.5165
1630.5028
1683.2555
1691.0551
1501.8853
1514.5165
1540.3862
1546.9836
1501.8853
1459.1908
1667.8563
1514.5165
1580.7834
1601.7375
1580.7834
1407.5295
1495.6434
1615.9985
1514.5165
1533.8414
1495.6434
1402.0001
1471.1552
1323.6726
1652.7230
1508.1760
1637.8467
1533.8414
1465.1501
1430.0613
1601.7375
1084.7717
1430.0621
1553.6344
1483.3047
1413.1014
1453.2766
1424.3665
1471.1552
1731.0986
1214.0323
1441.5820
1413.1014
1285.1479
1396.5128
1374.9506
1413.1014
1424.3665
1413.1014
1471.1552
1465.1501
1385.6526
1364.4016
1294.5824
1338.6777
1402.0018
1318.7402
1441.5820
1587.7106
1169.2307
1418.7131
1354.0024
899.6672
1333.6410
1323.6726
1226.8048
1435.8004
1313.8419
1280.4785
1338.6777
1271.2333
1235.4587
1285.1479
1262.1112
1338.6777
1364.4016
1872.1967
1328.6394
1299.3472
1197.3794
1235.4587
1348.8580
1299.3479
1222.5186
1262.1112
1253.1096
1257.5955
1209.8293
1280.4785
1313.8419
1275.8403
1226.8048
1045.0172
1275.8403
1262.1112
1205.6519
1271.2333
1209.8280
1209.8293
1157.5377
1173.1769
1262.1112
1275.8403
1142.2781
1266.6570
1226.8048
1193.2814
1289.8491
1197.3788
1165.3090
1181.1432
1218.2625
1197.3788
1153.6877
1181.1432
909.5249
1153.6877
1116.4459
1169.2301
995.9856
1105.7017
1165.3090
1185.1638
1222.5199
1153.6877
1071.2174
1138.5209
1134.7864
1112.8436
1149.8613
1149.8613
1131.0737
1098.6433
1102.1621
1109.2621
1088.2095
1064.5560
1071.2169
1185.1638
1088.2095
1061.2526
1091.6671
1077.9556
1102.1621
1098.6428
1064.5560
1095.1450
1029.2303
1010.8509
1071.2164
1061.2526
1074.5769
1081.3538
1077.9556
1067.8762
981.5129
1067.8772
1074.5769
1032.3529
1045.0176
984.3763
1161.4114
1032.3529
961.8816
1061.2526
1004.8562
993.0602
1120.0707
1004.8566
1081.3538
1013.8725
973.0113
950.9804
945.6133
984.3768
981.5129
990.1503
950.9800
993.0602
956.4029
961.8816
932.4316
1016.9105
904.5719
919.5789
935.0412
917.0463
890.0002
935.0412
956.4029
924.6815
914.5270
956.4029
894.8102
945.6125
857.5897
878.1761
855.3557
981.5129
887.6125
1105.7017
902.1135
864.3549
894.8102
914.5270
859.8342
846.5225
857.5897
862.0892
738.0466
835.7083
842.1667
850.9188
850.9188
750.2265
840.0040
604.0483
864.3542
787.0621
751.9954
798.7432
620.1439
798.7432
783.2356
757.3467
844.3395
804.6999
790.9219
785.1447
751.9954
757.3467
810.7360
741.4908
755.5555
759.1454
743.2235
748.4648
823.0533
727.8810
711.4756
744.9634
679.0557
750.2265
726.2107
729.5581
759.1454
691.0961
743.2235
714.7045
734.6304
732.9328
727.8810
751.9954
711.4756
694.1642
698.8117
673.1718
663.0867
671.7150
658.8445
716.3286
682.0312
688.0510
694.1642
638.3215
682.0312
683.5276
653.2611
640.9935
584.0546
656.0425
635.6687
625.2455
683.5276
658.8445
592.1480
656.0425
640.9935
585.1992
608.9236
618.8797
580.6437
627.8235
634.3495
622.6857
595.6755
595.6759
623.9634
593.3199
585.1992
601.6357
585.1992
622.6857
579.5143
577.2666
593.3199
541.2100
554.5338
570.6119
594.4957
557.6874
566.2477
561.9399
563.0116
557.6874
572.8156
545.2515
549.3440
564.0868
549.3440
524.5840
538.2120
541.2100
538.2120
531.3245
518.9202
524.5841
527.4551
526.4952
511.5258
514.2778
512.4404
499.0027
516.1265
506.0952
498.1277
502.5281
512.4407
492.0742
507.8947
490.3670
482.8051
477.0563
486.1419
504.3064
495.5183
495.5183
481.1510
481.9767
521.7393
489.5172
473.8216
468.2477
459.7043
457.4187
470.6232
465.8920
455.1517
445.5370
458.9404
448.4599
454.4001
449.9330
441.2111
446.2648
434.1516
436.2499
432.7617
438.3650
432.0695
432.7617
425.9194
434.8492
418.5933
439.7842
422.5639
415.9793
415.3300
425.2450
415.3300
412.1078
415.3300
413.3918
414.6824
402.6783
418.5933
403.2961
410.1937
399.0031
388.8755
387.7111
386.5522
385.3987
383.1081
380.2751
378.5912
383.1081
379.7125
391.2213
374.7076
374.1580
379.7125
369.8060
360.3004
369.8060
363.9510
376.9191
363.4259
352.6682
349.1922
360.3005
354.6786
347.7189
350.6753
349.6855
351.1720
343.3563
373.0625
349.6855
340.9692
342.3984
333.9596
329.4089
327.1693
330.7640
330.3114
329.8597
329.8597
318.8675
323.1962
319.7261
310.0592
312.1226
323.1962
307.2049
308.0163
307.2049
303.1955
307.6102
298.0998
301.2203
298.8754
297.3273
286.0890
292.0024
294.6469
294.6469
298.8754
286.8184
285.0001
281.4140
263.4713
277.5459
280.7049
273.7554
277.5459
276.1587
276.8510
272.0576
270.3750
273.0744
265.4174
263.4713
265.4174
261.2270
260.9086
262.8272
259.6408
259.6407
259.3252
251.9141
251.9141
254.9645
250.7085
246.2603
248.0260
251.6119
245.6757
239.9366
242.4954
243.9337
237.9727
237.6940
236.5838
234.9320
235.7559
234.6582
231.9455
237.6940
230.6055
230.3388
230.0726
224.0647
226.3894
226.6498
225.3522
222.2794
219.0156
221.5203
221.7730
213.8805
216.7945
215.8172
214.6040
213.8805
210.5481
209.1415
207.0552
206.5955
207.2857
207.5164
205.9084
199.2029
201.4052
201.1835
199.4217
194.6814
195.9592
194.0466
196.1733
192.7852
194.0466
188.6575
193.4145
187.4418
187.8459
186.4365
181.1272
180.5493
181.1272
180.3573
178.8301
172.8842
178.8301
172.1588
172.8842
178.0727
185.4382
170.0054
167.3611
166.4912
166.1448
165.2827
165.4546
164.9394
162.2249
160.2253
159.4011
161.0548
161.0548
156.7984
157.2824
154.2473
154.7218
153.3037
154.2473
149.9029
149.7505
150.0555
147.0385
145.8520
145.2630
144.9696
144.5307
144.5307
143.3681
139.8052
138.9655
137.5791
139.3846
137.5791
138.2703
138.4090
136.2087
134.9888
132.3225
132.3225
131.7964
130.3621
129.8449
127.6725
127.1673
125.9140
124.7979
125.2926
123.3267
123.5706
122.3566
120.6790
120.2043
117.3987
119.0265
117.1681
116.3649
115.6811
115.5676
113.0996
110.7960
112.2161
111.1221
108.6479
109.0740
107.8009
106.2311
106.2311
105.1977
105.1977
103.1617
102.0589
100.5744
101.0668
100.0844
99.0148
96.9094
98.1481
96.6258
95.7797
95.7797
92.7389
92.3767
92.7389
92.6482
89.8790
89.3522
90.1435
87.2739
87.4454
87.2739
85.8292
84.4897
84.6561
84.3236
82.6791
81.7870
81.4648
84.4066
79.1624
79.0840
79.0057
78.1491
76.3842
75.5524
75.2519
74.5051
73.3967
73.9861
72.5201
72.5201
72.3749
71.3650
69.5206
68.4051
68.6826
67.7154
66.5557
66.3528
65.7468
66.1503
65.3452
63.9550
64.4818
62.2659
61.1801
62.1374
60.8635
60.5482
60.9267
59.1134
58.6203
57.0388
56.9184
56.0811
55.0175
54.9589
55.4294
53.6795
53.2769
52.5915
52.1379
51.7996
51.5187
50.9602
49.9101
49.5270
48.9288
49.8553
47.5337
46.7933
47.5869
47.1097
47.8533
46.0082
45.7484
43.5514
43.3002
43.5514
43.5011
42.3538
42.5520
41.7624
41.2246
40.7392
40.5460
41.7133
38.0351
40.3533
38.8778
40.5460
38.1748
37.2946
37.3868
37.2026
36.3801
35.8373
35.7922
35.6124
34.7644
34.4105
34.3224
33.3166
32.9702
33.4034
33.2732
31.9420
31.8570
31.6874
30.9714
30.8459
30.1390
30.3046
30.2217
29.3170
29.1132
28.8288
28.7883
28.8694
28.4248
27.1488
27.5448
27.2673
26.5202
28.0233
27.0305
27.1488
26.9517
26.5202
25.7432
26.2861
26.2472
26.9911
26.6376
26.3251
28.8694
29.1539
29.5215
30.0976
30.5123
30.8877
29.8913
33.2732
32.7117
33.4034
33.8394
34.5430
35.5675
35.8824
37.9421
37.0190
39.0664
38.7366
38.8307
39.7307
40.5460
41.2246
41.8115
44.1071
44.0058
45.1286
45.2830
46.1646
45.9042
48.3891
49.6910
49.6909
49.9101
50.4057
52.6483
53.2195
53.1622
54.4912
55.1938
55.6658
56.9184
57.5220
58.6818
59.4231
61.4343
61.8170
64.7465
62.0091
63.9550
65.3452
65.6797
67.1677
70.5088
69.9427
69.8017
70.8645
71.0786
73.0304
74.5051
74.5051
75.7785
76.7649
77.7624
78.8494
79.4765
80.6642
80.9836
82.5976
84.2407
85.9980
86.0825
86.6763
88.6544
89.4398
90.3203
90.4088
91.5667
91.8360
94.2013
95.8734
97.2889
96.4371
98.1481
98.8215
99.8891
101.1656
100.8696
94.2935
109.8239
105.9200
107.0654
107.8009
108.5417
112.5466
111.4491
112.7675
115.0017
113.7671
116.3649
116.3649
117.5141
120.5602
121.7545
122.8406
121.3949
124.7979
125.0450
126.1636
127.9259
128.0529
128.6897
130.4917
131.0118
132.3225
133.3817
135.9365
133.9149
138.1317
137.0291
138.5479
138.4090
140.7922
141.5023
144.6768
144.8231
146.4438
147.0385
150.2083
149.9029
151.1290
151.4373
152.0564
155.3571
158.0932
156.4767
159.8950
160.3908
159.0729
161.5550
163.9149
165.2827
164.7681
160.3908
163.7449
163.0672
169.4724
170.0054
170.3619
172.1588
168.9414
172.7025
172.1588
172.7025
181.9013
180.5493
181.9013
183.0705
184.2494
194.6814
186.4365
192.1585
183.6587
193.2045
192.7852
194.6814
198.7664
197.6805
197.4642
197.2483
198.3310
200.0800
198.9845
204.0910
204.3170
205.2243
204.7700
211.2562
212.4436
210.0778
217.0397
209.6089
214.8459
217.2854
220.0128
221.5203
220.5137
223.0421
224.5785
224.0648
224.5785
229.2763
227.4333
233.8398
230.0726
234.9320
233.0253
234.1121
233.8398
233.5678
237.9727
239.9366
237.1380
245.9677
244.2228
242.4954
247.1409
245.3841
245.0931
245.6757
248.9156
249.2132
253.1279
255.5810
260.9086
258.0683
259.3252
263.7942
261.2270
261.8654
270.3749
261.8654
262.8272
270.3749
268.3759
271.3827
273.7554
281.0591
272.0576
265.4173
279.9983
287.9177
283.5575
286.4534
289.0233
283.9171
284.6384
287.1841
290.5072
300.8276
291.2534
294.6469
297.3273
295.7913
298.0998
296.9422
300.0444
302.0081
302.4031
303.1955
306.8004
305.5916
308.8310
315.0465
313.3706
310.8820
308.4232
351.6695
322.3233
330.7640
327.1693
324.5123
327.6153
318.8675
333.9596
333.9596
333.9596
338.1384
345.2847
338.1384
333.9596
336.2712
344.8010
339.0779
349.1922
349.6855
348.2089
352.6680
358.2401
348.2089
366.0631
361.8579
363.9510
366.5941
367.6599
359.2680
374.7076
366.0631
375.2586
385.3987
374.7076
384.8240
379.1512
387.7111
373.0625
385.9748
376.9191
385.3987
392.4027
384.8240
394.1854
388.8756
403.2961
385.9747
393.5897
397.7899
401.4472
394.7824
412.1078
409.5588
405.1587
414.0363
418.5931
422.5639
425.2450
425.2450
416.6303
421.8977
426.5958
438.3650
433.4557
432.7617
425.2449
441.9273
438.3650
436.2500
444.8113
439.0737
446.2650
447.7261
444.8113
449.1954
444.0874
456.6610
458.1785
446.9947
454.4001
461.2385
450.6725
445.5370
456.6610
477.0560
473.8216
482.8051
467.4603
479.5061
469.0374
477.0560
481.9769
491.2194
494.6535
495.5183
497.2554
479.5061
516.1263
481.9769
505.1995
504.3064
492.0742
496.3856
515.2008
505.1995
527.4551
523.6329
508.7984
540.2075
515.2009
537.2189
536.2288
525.5382
535.2419
527.4551
553.4890
555.5816
528.4180
544.2362
557.6874
560.8716
568.4227
579.5143
571.7118
557.6874
569.5155
566.2477
566.2477
580.6437
569.5154
581.7769
623.9634
598.0476
625.2455
599.2396
584.0546
594.4957
613.8670
618.8797
608.9236
622.6857
616.3646
608.9236
618.8797
616.3646
605.2609
630.4200
615.1136
625.2455
631.7251
630.4200
649.1271
631.7251
633.0350
651.8781
639.6551
651.8781
639.6551
640.9935
633.0350
647.7592
671.7150
639.6551
657.4409
682.0312
668.8173
626.5323
640.9937
650.5001
676.1027
668.8173
663.0867
674.6346
685.0296
682.0312
701.9409
626.5323
689.5705
711.4756
729.5581
717.9592
722.8902
732.9328
729.5581
731.2421
736.3350
724.5471
727.8810
729.5581
750.2265
731.2421
727.8810
738.0466
850.9181
719.5960
739.7651
738.0466
748.4648
750.2265
734.6302
794.8152
794.8154
734.6304
755.5555
794.8154
755.5555
814.8051
825.1386
800.7200
751.9954
792.8644
764.5872
812.7661
814.8051
823.0533
794.8154
757.3467
792.8644
844.3395
808.7147
846.5222
800.7200
827.2334
796.7750
859.8342
816.8530
864.3549
853.1320
840.0040
842.1667
853.1320
837.8512
868.9183
878.1761
857.5897
831.4512
848.7157
880.5183
894.8102
892.3994
909.5249
904.5719
855.3557
902.1135
892.3994
890.0002
887.6125
885.2364
871.2163
882.8717
932.4316
899.6672
929.8353
927.2519
914.5270
919.5789
950.9804
987.2559
940.3000
927.2519
975.8303
961.8816
937.6639
984.3768
990.1503
973.0113
987.2559
967.4175
2655.0488
975.8303
935.0412
978.6641
1001.8837
964.6423
993.0602
998.9268
978.6641
1038.6500
1041.8250
1035.4927
987.2559
993.0602
1048.2281
1023.0366
935.0408
1048.2281
1077.9546
1023.0366
1026.1250
1029.2303
984.3768
1004.8566
1061.2526
1038.6500
1054.7037
1041.8250
1057.9694
1134.7864
1084.7717
1038.6500
1102.1621
1161.4114
1029.2303
1112.8436
1054.7037
1098.6433
1081.3538
1081.3538
1064.5551
1131.0742
1149.8613
897.2328
993.0597
1088.2095
1112.8436
1088.2095
1077.9556
1084.7717
1169.2307
1051.4568
1142.2781
1169.2307
1123.7167
1120.0702
1131.0742
1177.1476
1116.4464
1142.2781
1112.8436
1149.8613
1127.3844
1197.3788
1185.1638
1294.5824
1193.2814
1271.2333
1173.1763
1197.3788
1177.1476
1369.6571
1165.3090
1235.4587
1239.8281
1226.8048
1235.4587
1149.8613
1257.5955
1262.1112
1189.2098
1253.1096
1244.2262
1262.1112
1239.8281
1165.3090
1328.6394
1308.9774
1239.8281
1226.8048
1262.1112
1239.8281
1201.5021
1294.5824
1323.6726
1285.1479
1289.8491
1181.1432
1054.7037
1308.9774
1304.1461
1231.1178
1222.5199
1239.8281
1328.6394
1333.6410
1262.1112
1266.6570
1146.0582
1280.4785
1313.8419
1333.6410
1328.6394
1294.5824
1201.5021
1359.1835
1369.6571
1323.6726
1348.8573
1413.1014
1248.6533
1299.3472
1418.7123
1304.1461
1348.8580
1380.2822
1333.6410
1380.2822
1413.1014
1385.6526
1435.8004
1407.5313
1364.4016
1323.6719
1385.6526
1430.0621
1402.0001
1380.2822
1471.1552
1338.6777
1369.6571
1418.7131
1343.7499
1430.0621
1396.5111
1447.4072
1418.7123
1477.2065
1527.3485
1567.0984
1508.1760
1413.1014
1424.3665
1520.9071
1520.9071
1447.4072
1471.1552
1495.6434
1459.1908
1477.2065
1483.3047
1299.3479
1560.3391
1391.0621
1587.7106
1418.7131
1553.6344
1587.7117
3058.8364
1471.1552
1453.2766
1435.8004
1540.3862
1471.1552
1459.1908
1601.7375
1520.9071
1514.5165
1459.1908
1587.7106
1540.3862
1844.1091
1567.0984
1645.2532
1489.4492
1601.7375
1553.6344
1573.9130
1430.0621
2514.3342
1573.9130
1683.2555
1580.7834
1623.2207
1560.3391
1652.7230
1553.6344
1660.2572
1567.0984
1608.8389
1546.9836
1722.9473
1630.5028
1667.8586
1608.8389
1608.8389
1637.8467
1637.8467
1630.5028
2285.8586
1540.3853
1637.8467
1844.1091
1652.7230
1739.3232
1747.6219
1691.0551
1691.0551
1683.2555
1615.9996
1645.2532
1731.0986
1645.2532
1533.8414
1615.9996
1652.7230
1608.8389
1698.9219
1615.9996
1594.6951
1608.8389
1546.9827
1580.7834
1453.2766
1587.7106
1615.9996
1706.8605
1706.8605
1660.2572
1714.8682
1691.0551
1615.9996
1930.8833
1630.5028
1495.6434
1951.2290
1453.2766
1465.1501
1447.4072
1453.2766
1546.9836
1471.1552
1489.4501
1608.8389
1573.9130
1465.1501
1157.5377
1459.1908
1501.8853
1573.9130
1553.6344
1430.0613
1615.9996
1354.0024
1359.1835
1533.8414
1483.3047
1971.9865
1413.1014
1477.2056
1615.9996
1424.3665
1453.2766
1553.6344
1560.3391
1540.3862
1418.7131
1608.8389
1520.9071
1239.8281
1587.7106
1418.7131
1441.5820
1285.1479
1533.8414
1209.8293
1374.9506
1424.3665
1364.4016
1348.8580
1430.0621
1587.7106
1248.6526
1308.9774
1333.6410
1280.4785
1285.1479
1413.1014
1266.6570
1222.5199
1402.0018
1294.5824
1257.5955
1380.2822
1185.1638
1185.1632
1323.6726
1112.8436
1048.2281
1231.1178
1483.3037
1343.7499
1244.2262
1214.0311
1343.7499
1318.7402
1253.1096
1257.5955
1294.5824
1239.8275
1173.1769
1299.3479
1271.2333
1257.5955
1244.2262
1218.2625
1424.3665
1222.5199
1177.1470
1197.3788
1280.4785
1275.8403
1189.2098
1146.0582
1214.0323
1201.5021
1173.1769
1354.0024
1157.5377
1149.8613
1169.2301
1359.1835
1205.6519
1248.6533
1218.2625
1189.2098
1142.2781
1248.6533
1209.8293
1153.6877
1205.6519
1131.0742
1209.8280
1146.0582
1157.5377
1123.7167
1146.0582
1138.5209
1185.1638
1142.2781
1127.3844
1098.6433
1123.7167
1051.4568
970.2071
1061.2526
1142.2776
1123.7167
1123.7167
1071.2169
1057.9689
1120.0707
1026.1250
1134.7864
1116.4464
1057.9698
1369.6571
1074.5769
1088.2095
1084.7717
1041.8250
1123.7167
924.6815
1016.9105
961.8816
975.8303
1116.4464
1007.8456
950.9804
1041.8254
1045.0176
1026.1250
1007.8456
932.4316
967.4175
981.5125
1016.9105
1026.1250
953.6847
940.3000
1001.8837
995.9856
984.3763
751.9954
964.6419
967.4175
942.9495
914.5270
967.4175
927.2519
953.6847
975.8303
964.6419
970.2062
929.8353
981.5129
940.3000
932.4316
953.6847
932.4316
924.6815
937.6639
724.5471
937.6639
862.0892
850.9188
853.1320
924.6815
894.8102
823.0533
914.5266
840.0040
871.2163
871.2163
840.0043
844.3398
827.2334
835.7083
855.3557
820.9773
868.9183
835.7083
846.5222
823.0533
812.7657
1004.8562
859.8342
794.8154
739.7651
820.9773
792.8644
788.9875
808.7150
787.0621
829.3377
790.9219
736.3350
788.9878
785.1447
785.1447
792.8644
729.5581
783.2353
726.2107
739.7651
743.2235
760.9517
773.8116
746.7105
726.2107
726.2107
726.2107
731.2421
731.2421
753.7717
731.2421
727.8810
721.2399
731.2421
727.8810
697.2565
683.5273
705.0941
701.9404
713.0869
688.0510
649.1271
711.4756
708.2723
706.6801
682.0312
680.5406
658.8445
694.1642
674.6346
682.0312
654.6492
620.1437
657.4409
661.6674
654.6492
645.0379
647.7592
634.3495
667.3766
596.8597
642.3367
638.3215
640.9935
634.3495
623.9634
638.3215
615.1136
595.6759
618.8797
618.8797
607.6985
608.9236
582.9139
589.8163
587.4999
584.0546
596.8594
594.4957
553.4893
575.0338
581.7769
580.6437
568.4227
572.8156
558.7454
571.7120
571.7118
573.9229
563.0116
553.4893
545.2513
550.3753
538.2120
546.2697
526.4952
541.2100
531.3245
529.3839
526.4952
528.4180
534.2578
558.7454
541.2100
535.2419
516.1265
518.9202
504.3064
512.4404
511.5258
504.3064
512.4404
509.7049
423.9010
516.1265
498.1277
492.0742
489.5172
481.9769
498.1277
494.6535
492.0742
488.6697
473.8216
505.1996
469.8292
474.6268
473.0186
468.2477
455.1517
473.0186
476.2440
462.7811
459.7043
446.9945
447.7261
452.1575
444.8113
436.2500
444.0874
441.2111
436.2500
439.0737
422.5639
436.9532
427.2739
412.7490
420.5708
414.6823
417.9372
421.2336
425.2450
418.5931
412.1078
444.8113
417.2829
408.2939
407.0352
405.7827
404.5363
407.0352
399.0031
396.5826
394.1854
402.6783
385.9748
386.5522
384.8240
384.2507
387.7111
382.5389
374.7076
379.7125
372.5165
369.8060
367.1264
370.3456
371.9719
367.6599
368.1945
359.7837
365.5333
360.3005
353.6711
356.1982
352.6682
351.1718
364.4772
356.1982
350.1800
353.1691
340.4948
351.1718
323.1962
337.6701
340.0215
330.3115
340.9692
334.8813
329.8597
331.6722
323.6340
324.0727
324.5123
321.0207
314.2068
319.2963
317.5861
306.8004
312.1226
321.0207
305.1903
308.4232
309.2396
305.9937
299.6541
306.8004
294.2669
294.6469
297.7132
289.0233
288.2855
290.5072
285.7253
286.0890
289.7638
282.8404
276.1587
280.3512
277.5459
281.0591
278.5930
273.0744
274.0969
273.4146
277.1982
270.0402
267.7143
265.0916
262.8272
262.5061
267.0551
255.5810
256.1996
261.8654
252.8237
251.9141
251.0091
252.2168
252.5200
247.4355
247.7305
246.2603
242.4954
242.7821
246.8469
243.3569
241.9235
238.8116
235.7559
238.5315
233.5678
235.2062
234.3849
231.4082
230.0726
230.3388
225.6109
225.6109
223.0421
223.5526
221.2681
216.7945
221.0163
219.5134
217.5314
218.7673
216.0609
215.5738
211.7301
212.2054
212.2054
209.8432
209.6089
204.9970
200.3000
202.2952
204.7700
200.7411
198.7664
199.2029
195.3189
195.7455
196.8174
192.1585
195.9593
192.5760
191.7422
187.2401
188.6575
187.0388
186.4365
184.0522
184.2494
182.6797
182.0955
178.6404
180.1654
180.5493
173.4308
172.5210
173.0662
172.7025
172.7025
171.6172
161.3880
169.4724
156.3161
164.9394
166.8385
163.0672
158.9091
159.4011
159.2369
159.5655
159.5655
157.2824
157.9306
155.3571
156.6374
151.9014
150.8213
149.2944
143.9480
149.5983
147.6361
146.1476
146.8896
144.6768
144.8231
146.4438
140.5094
140.7922
141.0757
134.5849
138.2703
136.6182
135.1237
131.0118
132.4543
133.7814
133.5148
131.0118
133.2488
133.1160
129.4585
126.5389
127.1673
126.6643
123.9374
123.4486
120.4414
119.2611
121.6345
120.9171
121.1557
117.7455
117.8613
116.2506
116.7084
114.2144
115.9085
111.4491
112.2161
111.6677
111.7772
110.0392
108.8608
109.3948
107.6955
106.9607
105.7131
103.2625
103.0609
101.9593
101.0668
100.4762
100.4762
98.4361
97.8608
98.2440
95.4993
92.6482
93.0114
94.2013
93.5588
91.8360
93.2847
91.1197
88.9155
89.6153
89.0027
88.5675
87.1883
84.9897
85.7449
84.8228
83.9097
84.1578
82.5976
81.2239
81.5452
79.6339
79.5552
79.0840
78.0716
77.5312
76.0808
75.6277
75.7785
74.2823
75.1769
71.9406
73.2500
71.7963
70.7932
70.1545
70.6509
67.9217
68.3359
66.7592
66.8951
67.0313
65.0121
66.6235
63.8894
64.0207
63.3663
62.1374
61.2436
60.9900
60.7372
59.9212
61.1167
59.1752
58.5589
57.0990
55.8435
57.2196
57.4615
55.0763
54.8417
53.5642
53.5067
53.6219
52.9334
52.0814
45.2830
50.6270
49.9101
49.8553
48.1207
49.3633
48.0672
48.4429
47.2155
46.3736
46.7933
46.3736
44.8718
44.6671
44.1578
44.3102
42.5024
43.0500
41.7624
42.0082
41.0786
41.3709
41.1759
40.1612
39.2082
39.5403
39.5403
39.2082
38.0351
37.7102
37.5252
37.3868
36.1082
36.1987
36.1082
35.4778
34.8532
34.8976
33.7083
32.8408
34.1903
33.0567
32.5399
32.1549
31.9420
31.3495
31.5605
30.3461
30.3876
30.0563
29.6856
28.3041
29.6035
28.5054
29.2762
28.7074
28.2237
28.2639
28.0633
27.7437
27.3069
27.9833
27.0699
27.1883
26.8337
26.4812
26.0529
26.1305
25.0903
25.7046
