48.2817
51.5748
53.7949
56.3791
57.2196
59.1752
60.9900
62.7172
64.0864
64.6803
67.4411
69.4504
68.8217
71.4367
71.7963
73.9861
74.6539
76.4602
77.6082
79.2408
80.1080
81.7063
81.1437
82.8422
84.4897
85.2408
86.5913
87.2739
88.0479
90.2318
90.9415
92.1059
94.1093
96.0609
98.0522
96.5314
97.7653
98.1481
100.8696
101.4625
103.3634
103.8697
103.6669
104.0729
107.3800
108.7543
110.6876
111.8867
112.2161
112.3262
114.7761
117.5141
118.0933
119.7317
118.5590
120.9171
121.2752
122.9619
124.1825
125.2926
125.6650
128.0529
129.2016
129.5871
129.3300
131.9277
133.7814
134.1825
137.0290
137.7170
137.0290
138.9655
140.0863
142.0733
145.1162
143.2235
143.9480
148.3871
149.4462
149.4462
150.2083
152.0564
153.6175
153.3037
155.3571
157.2824
157.1208
161.7221
160.3908
162.7297
164.4262
166.6647
166.8385
169.1182
172.7025
170.5405
172.3398
175.4541
176.9444
173.9797
178.0727
175.2689
174.5307
178.8301
181.7073
181.7073
181.7073
189.0650
186.8377
188.0483
189.0650
192.1585
191.7422
192.1585
195.1061
199.2029
198.5485
200.0800
192.9947
200.5204
202.7421
198.1139
199.4217
202.2952
208.9083
207.7475
208.4429
211.7301
209.8432
209.8432
213.6401
212.4436
215.3307
223.0421
220.5137
221.0163
224.0647
225.3521
228.4839
230.0726
225.3522
226.9105
227.4333
229.8067
227.1717
232.2148
233.0253
233.0253
234.9319
237.9727
240.5019
245.9677
248.3219
247.7304
246.8468
245.0931
250.7085
245.0931
248.3220
254.9645
256.5097
255.2725
258.6956
257.4432
261.8654
264.7664
266.3983
263.7942
269.0398
259.3252
271.0461
266.3983
269.7061
274.0969
274.0969
271.3826
270.3750
280.3513
281.7696
279.9983
280.7049
278.9434
278.5930
288.2855
283.1986
283.5575
290.5072
293.5092
295.4091
291.6276
297.3273
297.7132
290.1351
301.6138
308.0163
307.2049
302.0081
304.3900
307.2049
310.4702
308.8310
303.9911
313.3706
312.5378
313.7883
295.7912
304.3900
300.0445
295.4091
283.5575
286.4534
296.9422
286.4534
285.3624
282.4828
281.0591
281.7696
271.3827
269.3727
274.7816
271.0461
275.1249
272.0576
277.1982
274.0969
268.3759
265.0916
261.2270
261.2270
266.7264
254.3502
260.5908
255.2725
258.6956
255.5810
252.8237
255.5810
250.7085
247.7304
247.1408
248.3219
246.8468
243.0693
236.3073
244.2228
238.5315
231.1402
237.9727
228.2207
240.7853
233.8398
229.2763
230.0726
229.5413
228.4839
224.5784
224.0647
222.2794
221.0163
221.2681
218.0246
219.0156
217.7778
216.7945
212.4436
212.9211
210.7838
211.4930
209.6089
203.1904
201.6272
203.4151
201.6272
198.7664
194.6814
197.2482
197.2483
192.3671
197.8970
191.9502
187.6437
197.6804
182.0954
181.3202
182.2899
188.8611
181.7073
178.6404
175.2689
178.2617
175.2689
170.0054
170.8985
168.9414
166.1448
166.3178
162.5612
163.0672
160.8884
161.8895
156.9595
157.1208
153.9320
155.8357
154.8803
150.9750
149.4462
148.2365
147.0385
145.4100
147.0385
143.0791
141.6448
139.3846
142.6470
139.8051
138.2703
134.4506
133.5148
134.4506
131.9277
131.9277
129.4585
128.4345
128.5620
127.1673
125.2926
120.2043
123.5706
120.3228
119.1438
117.3986
116.1364
115.2277
114.4387
111.6677
110.7960
110.2549
110.0392
104.4805
109.1808
104.4805
103.3634
101.4625
99.3053
100.2801
98.1481
96.8148
96.1548
95.3128
94.2935
92.1059
90.7636
91.7461
89.9671
87.3596
87.1883
83.0056
85.1570
82.3537
80.4254
84.5728
81.0636
79.3193
78.3042
77.9169
76.2324
75.9295
74.9524
73.4702
72.8843
71.0072
69.8722
68.6131
67.6467
69.1005
65.8139
65.4789
64.4818
62.5234
61.8170
61.3071
59.7340
59.4852
57.8864
57.1593
57.2196
55.6066
56.2598
53.4492
52.8763
51.8558
52.2511
50.7379
51.1831
49.4724
48.6045
47.6934
45.9562
46.0603
45.9562
43.5514
43.3504
42.0575
42.5024
40.9330
39.7784
39.9217
38.9720
38.6896
37.4329
36.3801
35.6573
35.3434
35.7922
37.5714
38.9249
40.5943
41.4685
43.0500
43.9551
45.9042
46.8986
51.3507
48.9288
50.9601
51.7996
53.3342
54.6663
56.5585
57.7648
58.4975
60.1088
61.6892
62.9114
64.0207
64.8129
66.6913
67.9217
68.4051
70.7220
71.3650
73.2500
73.8384
75.6277
76.5363
79.2408
79.1624
81.8677
82.7606
84.4066
86.9320
85.7449
87.6171
90.4088
90.4973
90.6748
92.5576
95.3128
95.6862
107.4850
97.9565
100.8696
101.1656
103.3634
104.7872
104.7872
106.5432
108.6479
109.2877
110.5792
111.1220
114.1024
115.5676
118.2096
117.6297
120.9171
121.3949
120.2043
124.0599
125.2926
126.6643
128.0528
131.0118
128.5620
129.8449
130.1032
134.5849
136.8919
137.5791
138.1317
142.0733
155.3571
142.0733
143.2235
145.5571
146.7408
146.8895
149.1427
150.0555
151.9013
157.1208
160.2253
156.7984
161.7221
159.2369
162.3929
163.2363
165.6268
165.2827
167.7107
169.8275
171.7975
170.7194
173.4308
172.5210
174.3468
176.7572
177.1318
177.3195
179.5916
181.5136
182.0954
182.0954
188.8611
190.2945
189.2692
192.7852
192.7852
194.8936
196.3877
198.9845
201.6272
198.7664
198.7664
201.8495
202.9661
205.9083
204.3170
207.9790
206.8251
207.2857
209.6089
211.2562
211.9676
210.5481
216.3051
213.1604
221.5203
219.0156
219.2643
222.0260
221.5203
227.1717
222.0260
227.4333
225.0938
229.0118
236.5837
235.4807
237.1380
236.0314
233.8398
235.2061
241.3534
241.6382
243.6451
246.8468
253.1279
246.8468
246.5533
249.8098
254.0439
253.1279
252.5200
257.7555
254.6571
259.9569
260.5908
258.0683
265.4174
260.9086
265.4174
271.3826
270.0402
264.1177
265.4174
269.0398
270.3749
277.8943
277.1982
269.7061
275.8135
279.2944
278.5930
281.4140
284.6384
286.0889
287.1842
286.0889
287.1842
284.2774
287.9177
287.1842
288.2855
285.7253
295.7912
294.6469
294.6469
292.7544
297.3273
305.5916
302.4031
301.6137
304.7898
307.6102
304.3900
309.2396
307.2049
312.1226
310.8820
308.0163
302.0081
298.8754
302.0081
295.4091
297.7132
292.7544
295.7912
293.1314
286.8183
287.1842
283.5575
281.7696
282.8404
282.4828
280.3513
277.8943
280.7049
280.7049
293.8877
271.3826
275.4689
267.7143
264.7664
270.7102
267.3844
265.4174
265.7437
263.1490
261.5459
259.0101
257.7555
255.5810
257.1315
255.2725
251.9141
245.9677
246.2603
249.8098
236.3073
245.6757
240.5019
241.0691
239.3732
237.6940
236.0313
235.2061
235.2061
233.2963
232.2148
226.9105
228.7477
223.5526
219.5134
219.2643
214.8459
223.8085
211.2562
214.1213
216.3051
216.3050
209.3750
212.2054
209.1415
208.4429
208.2107
203.4151
202.7421
203.1904
202.0722
198.3310
196.8173
194.8936
192.3671
193.6249
192.1585
188.0483
187.2401
182.2899
182.2899
181.1271
182.2899
176.3836
179.4008
173.9797
175.6395
173.4308
172.5210
169.6498
168.9414
166.1448
164.5970
160.2253
163.2363
162.2249
161.3880
158.7455
155.9957
155.1980
153.3037
153.3037
152.0564
150.5144
149.2944
149.5983
145.1162
145.4100
143.8027
141.5023
142.5034
140.2272
136.3450
137.5791
134.9888
134.4506
132.3225
128.0529
130.7515
128.4345
127.5460
125.4166
123.8150
121.6345
122.1154
118.7925
120.0860
117.9773
114.6636
115.0017
113.5441
112.9888
109.1808
110.6876
108.2236
105.9200
104.2765
102.4585
103.6669
101.4625
99.3053
98.1481
97.1939
97.6698
93.8336
92.5576
93.6503
92.5576
90.0553
89.6153
87.9616
87.4454
87.0174
84.6561
84.5728
82.5162
82.1914
80.7439
80.7439
78.6153
78.5375
76.9941
75.8540
75.1769
74.0601
73.4702
71.7243
70.6508
70.3669
68.3359
66.2852
66.5557
65.4789
64.2180
63.4315
62.3945
62.0732
59.5473
60.2968
59.2991
58.1914
56.2001
55.4884
55.1350
53.9105
53.1622
53.3342
51.9122
50.2401
49.7457
49.0914
48.7124
47.2155
47.8000
45.8003
44.9744
47.1097
43.8035
42.8503
41.8606
42.0575
41.6153
39.8262
39.0192
37.8029
37.9886
36.3347
36.4256
36.1082
35.3882
35.3434
35.6573
37.7565
37.5714
40.4015
41.2733
41.8606
43.0000
45.0258
46.8460
47.6401
49.0372
49.5270
51.1831
52.5915
53.6795
55.3704
58.8665
57.9473
59.6095
60.1714
61.3706
63.4315
64.1522
66.0829
66.5557
67.9906
69.0307
70.0132
72.3749
73.9122
74.9524
77.3006
76.9176
79.1624
80.5845
82.3537
84.4897
84.1578
87.1028
87.9616
89.7031
89.7031
89.5275
92.5576
92.4671
94.4780
97.4792
98.0522
100.2801
100.4762
101.8597
103.8697
104.2765
106.6474
106.7517
107.5902
109.1808
111.0133
112.7675
114.3265
115.0017
116.9380
119.0266
120.0860
121.1557
122.1154
126.2886
125.4166
127.7991
125.4166
131.2728
131.5343
127.9259
132.3225
133.6480
134.5849
138.1317
138.1317
140.3682
139.6648
142.9350
145.2630
146.7408
145.8520
149.4462
151.2831
152.0564
151.5918
152.9907
156.4767
157.4441
160.8884
159.5655
160.8885
162.5612
164.7681
167.3611
168.0612
169.4724
169.4724
171.4372
171.9780
175.8251
179.4008
179.4008
175.8251
179.9739
179.4008
179.2103
182.0954
182.2899
181.5136
189.6785
190.2945
190.7067
192.1585
192.1585
197.4641
196.1733
198.7664
200.3000
200.3000
201.1835
202.7421
205.4519
211.7301
206.8251
209.1415
203.4151
208.9083
212.6822
211.9676
212.6822
212.9211
214.6040
215.8171
220.5137
223.5526
222.0260
222.0260
221.5203
226.3893
229.8067
229.2763
233.8398
231.1402
233.5678
233.5678
237.9727
241.3534
233.5678
241.0691
243.0693
245.3841
244.5124
245.6757
248.0259
247.7305
247.4354
250.1088
250.4084
242.4954
255.5810
253.1279
256.5097
259.6408
258.3817
263.1490
261.8654
265.0916
264.4418
266.7264
265.7437
268.3759
272.0574
273.0744
269.0398
269.7061
277.8943
281.0591
279.6460
278.9434
282.4828
281.0591
278.5930
281.4140
280.3513
289.7638
286.0889
284.2774
289.3932
290.1351
286.0890
289.0233
293.8877
300.0444
293.8877
301.6137
294.6469
300.0444
298.8754
298.4872
302.4031
305.9937
305.9937
308.8310
308.4232
314.2068
308.0163
298.0998
300.4355
296.1741
298.0998
288.6541
289.7638
287.1842
286.4534
279.6460
284.6383
284.6383
285.0000
281.4140
274.7816
272.3959
270.7102
272.3959
278.9434
267.3844
270.0402
269.0398
268.0448
266.7264
256.1996
260.9086
259.3252
258.6956
267.3844
258.6956
251.9141
245.9677
254.0439
248.9156
250.7085
249.5112
242.7821
246.5533
239.9366
239.6547
237.9727
237.4158
236.0313
231.4082
233.5678
233.5678
229.0118
229.5413
224.3214
237.9727
220.7648
219.7629
221.2681
218.0246
216.3050
217.7778
210.7838
212.2054
211.9676
210.7838
210.0778
202.7421
204.9969
201.6272
200.7411
201.8495
195.9592
196.8173
195.5321
192.1585
189.2692
191.9502
181.9012
182.2899
182.2899
182.0954
182.2899
178.2617
177.1318
176.3836
177.5074
173.9797
174.1631
171.6172
171.0778
179.2103
171.0778
167.0125
165.7992
168.5887
164.4262
157.7682
159.0729
159.2369
156.1558
154.2473
154.4053
154.2473
152.6785
149.9029
148.2365
147.0385
142.5034
142.7909
141.6448
142.5034
140.3682
138.2703
137.1663
136.2087
134.4506
131.6653
132.1907
129.9740
128.9454
128.6897
126.6643
125.4166
124.4283
121.6345
120.6790
120.0860
118.4424
118.5590
115.3408
113.5441
113.8787
113.4328
111.1221
108.4355
108.2235
105.3006
104.3784
103.7682
102.1587
101.7603
98.8215
99.0148
97.2889
96.1548
94.5704
93.0114
90.0553
90.9415
89.4398
87.9616
87.7892
87.3596
86.5913
86.5063
83.8271
83.1693
83.0056
81.9485
79.2408
78.3042
79.6339
76.0808
77.1472
74.6539
73.3233
71.8684
70.7220
70.6508
68.8913
66.4880
66.6235
66.4880
65.7468
63.6929
63.2361
61.6892
61.3706
61.0533
59.4231
58.3749
56.4986
57.2800
54.8417
55.4294
53.4492
53.2768
52.3077
52.0814
51.6871
50.6270
49.8553
47.6401
46.9514
46.8986
46.5831
44.1578
44.8206
44.5650
43.5011
42.1068
39.1137
39.2556
40.7876
40.2572
39.3503
37.7565
36.8359
35.6124
35.6573
35.2987
35.3434
34.4988
33.9708
32.9271
33.8832
