28.5861
29.7678
29.8913
31.4760
31.7722
32.3685
32.7547
33.6647
34.3224
34.8088
36.5621
37.1108
37.3407
38.6896
38.8307
40.1132
41.0301
41.5664
42.5024
43.6521
44.2086
44.9231
46.0082
47.2684
47.9067
49.9101
50.1300
50.4057
51.9686
52.8192
53.8527
53.9684
55.3115
55.9028
56.7382
58.4362
59.3611
59.8588
61.7531
62.0732
61.8170
63.6929
68.1976
66.2852
66.4880
67.4411
68.7521
70.8645
71.0072
71.7243
72.0851
74.4308
74.0601
76.3842
76.9941
78.0716
78.5375
80.2665
81.9485
84.4066
83.4155
83.8271
85.7449
87.1028
88.0479
89.7910
92.5576
90.7636
91.2089
92.5576
94.8482
97.0990
95.9671
99.1115
99.4024
102.7593
99.8891
102.1587
100.8696
102.9603
105.3006
106.4390
107.3800
110.2549
110.3629
110.1469
112.7675
114.3265
117.2833
115.6811
116.0224
118.6757
120.3228
119.8497
121.0364
122.7194
123.5706
125.4166
125.6650
127.0413
126.5389
129.4585
130.3621
134.9888
132.1907
133.1160
135.6650
135.9365
138.8262
140.0863
136.0725
143.2236
141.7874
144.3848
144.0934
143.6577
144.9696
149.7505
150.0555
151.9014
154.0896
152.6785
151.5918
154.7218
153.4605
154.5634
161.2213
159.5656
161.8895
161.0548
161.8895
162.7297
162.5612
167.0125
166.6647
169.2952
172.7025
171.0778
172.8842
172.7025
178.2617
182.8749
179.2103
177.1318
179.2103
182.8749
182.4846
186.2363
184.0522
186.8377
189.2692
191.7422
192.9947
190.0889
194.6814
195.5321
195.3189
197.0327
200.0800
200.3000
201.1835
204.7699
205.6800
204.7700
206.5955
211.9676
207.9790
213.8805
199.8602
211.9676
211.9676
215.8172
214.1213
219.2643
223.2972
222.5333
221.7730
222.5333
224.0648
232.7547
229.0118
226.3894
228.4839
232.4845
233.8398
237.4158
234.1121
237.6940
237.1380
241.6382
241.3534
239.3732
242.4954
245.0931
247.4355
250.7085
248.0260
251.9141
245.0931
249.5112
255.2725
252.8237
254.0439
260.2736
264.1177
254.0439
261.5459
262.8272
266.3983
265.0916
264.1177
266.3983
277.8943
274.4389
272.7348
279.9983
276.8510
277.1982
265.0916
281.7696
286.0890
278.9434
286.4534
281.4140
288.6541
293.8877
288.6541
293.8877
295.0276
292.3781
291.2534
305.9937
296.9422
305.9937
298.8754
310.8820
305.9937
308.4232
308.0163
313.7883
312.9538
314.2068
321.8882
319.2963
322.7593
327.6153
333.9596
324.9528
332.5842
338.6076
335.8068
334.8813
334.8813
336.2712
344.3184
343.8369
340.9692
349.6855
343.3563
343.8368
351.6695
334.8813
348.7000
358.7535
352.1682
363.4259
352.1683
365.5333
357.2169
358.7535
367.6599
373.6096
374.1580
376.9191
366.0631
369.8060
374.7076
381.9709
378.0325
376.3643
384.2507
384.8240
394.7824
392.9955
385.9748
399.6119
399.0031
385.9748
397.7899
403.2961
387.1309
403.2961
406.4081
407.6637
412.1078
410.1937
402.0620
403.9155
406.4081
403.2961
408.2939
421.8977
417.9373
430.0036
392.9956
430.6904
444.8113
427.2739
431.3790
427.2739
438.3649
429.3184
448.4599
451.4140
455.9053
457.4187
462.7811
462.0088
455.9053
458.1785
446.9945
455.9053
468.2477
462.0087
468.2477
472.2180
453.6504
476.2440
473.8216
469.0374
478.6872
475.4343
477.8706
473.8216
503.4159
482.8051
477.0563
491.2194
496.3856
498.1277
474.6269
497.2552
501.6429
510.6140
507.8947
497.2554
517.9861
528.4180
518.9202
508.7984
512.4407
510.6140
535.2419
528.4180
525.5382
550.3756
536.2288
560.8716
565.1655
544.2362
559.8068
554.5338
537.2187
554.5338
534.2580
716.3286
568.4227
559.8068
570.6119
599.2392
565.1655
602.8399
559.8068
580.6437
559.8068
586.3477
589.8162
606.4775
596.8597
594.4961
593.3199
580.6437
584.0546
604.0483
595.6759
604.0483
598.0473
635.6687
636.9927
642.3367
736.3350
661.6674
620.1439
631.7251
633.0350
640.9935
643.6849
638.3215
667.3766
639.6551
664.5114
631.7251
638.3215
667.3764
634.3495
680.5406
676.1027
657.4409
653.2611
679.0557
685.0296
650.4999
658.8445
679.0557
680.5406
671.7150
685.0296
694.1642
713.0869
671.7150
703.5144
703.5144
691.0958
706.6801
751.9954
708.2723
727.8810
721.2399
722.8902
734.6304
709.8708
697.2565
731.2421
716.3286
732.9328
738.0466
760.9517
709.8708
741.4908
757.3467
726.2107
727.8810
816.8533
785.1447
753.7717
757.3467
796.7750
802.7056
748.4646
755.5555
853.1320
871.2163
788.9878
794.8154
806.7030
871.2160
753.7717
840.0040
792.8644
796.7750
796.7750
820.9773
810.7360
810.7357
850.9181
844.3395
853.1320
855.3557
864.3549
855.3557
1084.7717
816.8533
875.8452
902.1135
812.7661
866.6309
862.0892
859.8342
862.0892
885.2364
850.9181
875.8452
855.3557
878.1761
887.6125
880.5179
897.2328
873.5253
932.4316
914.5270
909.5249
875.8448
794.8154
937.6639
917.0463
948.2892
940.3004
917.0467
880.5183
935.0412
912.0198
964.6423
959.1352
998.9268
973.0113
927.2519
937.6639
973.0113
922.1238
1007.8456
956.4029
1019.9652
975.8303
909.5245
990.1503
964.6419
953.6847
1010.8509
1057.9689
967.4175
1026.1250
1032.3529
1045.0176
1048.2281
1064.5551
1051.4568
1048.2281
1218.2625
1007.8456
1077.9556
975.8303
1016.9105
1061.2526
1064.5560
932.4316
993.0602
1112.8436
1369.6571
973.0113
1045.0176
1029.2303
1116.4464
1109.2621
1061.2526
1007.8456
1061.2535
1010.8505
1105.7012
1067.8772
1112.8436
1041.8250
1134.7864
1105.7017
1112.8436
1165.3090
1098.6433
1308.9774
1120.0707
1109.2621
1061.2526
1112.8436
1123.7167
1153.6877
1185.1638
1173.1769
1169.2307
1131.0742
1165.3090
1214.0311
1134.7864
1120.0707
1214.0323
1201.5021
1181.1432
1157.5377
1142.2781
1222.5199
1248.6533
1131.0742
1244.2262
1189.2098
1205.6519
1205.6519
1231.1171
1201.5021
1181.1432
1294.5824
1239.8281
1218.2618
1218.2612
1222.5199
1248.6533
1169.2301
1248.6533
1328.6394
1328.6394
1266.6570
1209.8286
1285.1479
1197.3788
1275.8403
1201.5021
1231.1178
1359.1835
1248.6533
1209.8280
1218.2625
1262.1105
1280.4785
1333.6410
1235.4587
1253.1096
1407.5313
1253.1090
1266.6570
1244.2262
1354.0024
1308.9774
1739.3232
1354.0017
1391.0621
1244.2262
1343.7499
1280.4785
1338.6777
1364.4016
1961.5555
1343.7491
1323.6726
1424.3665
1333.6410
1343.7499
1280.4778
1369.6571
1402.0018
1402.0001
1391.0621
1271.2333
1540.3872
1348.8580
1299.3479
1338.6777
1338.6777
1396.5111
1447.4072
1407.5313
1385.6526
1465.1501
1348.8580
1391.0621
1396.5111
1495.6434
1323.6726
1407.5295
1364.4016
1477.2065
1430.0621
1318.7402
1459.1908
1453.2766
1527.3485
1374.9506
1447.4072
1430.0621
1465.1501
1441.5820
1453.2766
1430.0621
1396.5111
1508.1760
1343.7499
1418.7123
1508.1760
1540.3862
1385.6526
1430.0621
1683.2532
1385.6526
1407.5313
1587.7106
1580.7834
1465.1501
1514.5165
1430.0621
1533.8414
1483.3047
1453.2766
1181.1432
1652.7241
1441.5820
1477.2056
1385.6534
1546.9836
1667.8586
1465.1501
1459.1908
1594.6951
1587.7106
1608.8389
1489.4501
1533.8414
1533.8414
1675.5214
1623.2207
1546.9836
1573.9130
1683.2532
1652.7230
1580.7834
1553.6344
1601.7375
1608.8398
1667.8563
1660.2572
1587.7096
1764.4463
1615.9996
1540.3862
1447.4072
1615.9996
1465.1501
1608.8389
1698.9230
1731.0986
1533.8414
1731.0986
1807.8785
1667.8563
1567.0984
1660.2572
1587.7106
1660.2594
1675.5237
1706.8605
1630.5028
1691.0551
1834.9231
1615.9996
1608.8389
1764.4463
1615.9996
1714.8682
1714.8682
1816.8091
1615.9996
1667.8563
1872.1980
1739.3232
1901.1105
1747.6219
1891.3793
1807.8785
1816.8091
1872.1980
1930.8833
1862.7452
1920.8611
2014.7877
1881.7422
1764.4463
1930.8833
2142.1619
1714.8682
1781.5797
1645.2532
1872.1980
1747.6219
1781.5784
1844.1091
1667.8574
1891.3793
1764.4463
1755.9960
1993.1683
1891.3793
1993.1683
1825.8235
1930.8833
1755.9960
2117.8745
1920.8611
2003.9225
1891.3793
1941.0055
2036.8600
2014.7877
1920.8611
1862.7452
1844.1091
1799.0310
1862.7452
1834.9231
1961.5555
2272.0386
2048.0708
2117.8745
2025.7657
1993.1699
2014.7910
2048.0708
2514.3342
1844.1091
2059.3979
1910.9374
1951.2290
1930.8833
1951.2290
2014.7877
1941.0055
1951.2290
2070.8452
1872.1980
1971.9865
1755.9960
1982.5236
1910.9374
1834.9231
1881.7422
1910.9374
2117.8745
2048.0708
2192.3677
2154.5059
2059.3979
1930.8833
2342.7876
1971.9880
1910.9374
2129.9521
2129.9521
2313.9875
2272.0386
2218.3232
2357.4468
2105.9272
2231.5227
1222.5199
2231.5227
2179.6064
2070.8452
2565.3831
2105.9272
2142.1619
2272.0386
2154.5059
2449.2354
2272.0386
2218.3232
2328.3022
2003.9225
1993.1715
1764.4463
1971.9865
1951.2290
2313.9875
1930.8833
2218.3232
2313.9854
2417.8867
2231.5227
2129.9521
2964.2869
2531.1343
1881.7422
2129.9521
2192.3657
2205.2722
2875.2329
2285.8586
2402.4998
2372.2832
2205.2722
2313.9875
2548.1516
2328.3022
2272.0386
2231.5227
2514.3342
2372.2832
2244.8733
2731.2410
2449.2354
2449.2354
2105.9272
2372.2832
2328.3022
2328.3022
2449.2354
2357.4468
2387.2996
2449.2354
3669.4617
2770.9392
2094.1079
2433.4641
3381.0645
2285.8586
2313.9875
2129.9521
2357.4468
2673.7100
2154.5059
3010.8435
4273.3032
2673.7100
2105.9272
2433.4641
2342.7898
2285.8586
2531.1367
2811.7668
2531.1318
2402.4998
2941.5273
2692.6252
2750.9519
2003.9225
2941.5273
2465.2041
2750.9519
2481.3745
2692.6252
2897.0076
2811.7668
2673.7043
2531.1318
2582.8503
1872.1980
2636.6375
2731.2410
2711.8005
3212.1318
2636.6375
2417.8843
2497.7522
2897.0076
2711.8005
2465.2041
2600.5376
2711.8005
2465.2041
3034.6526
2636.6375
3669.4617
3266.5908
2655.0461
2811.7668
2731.2410
2673.7100
2711.8005
2964.2869
3351.7268
2919.1033
3034.6563
2941.5273
2791.2090
3010.8435
2417.8867
2372.2832
3472.1621
3010.8435
1807.8785
3535.5947
3034.6563
2811.7668
3108.3335
2481.3745
3034.6563
2548.1516
2897.0076
2919.1033
3185.5576
2655.0488
3108.3335
4916.1445
3212.1318
3159.4065
2692.6252
2811.7668
2673.7100
3472.1621
3212.1318
2711.8005
3322.8708
2711.8005
2548.1467
2964.2869
2897.0076
3010.8435
2791.2090
3159.4065
3381.0645
3108.3335
3058.8364
2636.6375
3535.5994
2832.6191
3212.1318
3212.1318
2941.5239
3441.2710
2711.7976
3159.4065
2987.3896
3294.4976
2791.2090
2791.2090
2791.2090
2711.8005
3185.5576
3083.3926
3266.5908
3058.8364
3159.4065
2618.4705
3535.5898
3266.5908
3929.0742
2919.1033
3108.3298
3601.3206
3185.5576
3441.2800
3266.5908
29930.0996
3239.1394
2964.2869
3568.1658
3159.4065
2618.4678
3601.3206
3410.9097
3503.5969
3635.0803
3133.6646
3635.0803
3010.8435
3503.6062
3635.0803
3635.0803
3568.1658
3635.0803
3568.1609
2673.7100
3635.0703
3503.6062
3669.4617
3601.3206
2987.3896
4009.9492
3410.9097
3568.1609
3083.3926
2692.6252
3704.4817
4094.1375
3813.5583
3568.1658
3635.0754
3381.0645
3472.1621
3704.4817
3266.5908
4227.0918
3568.1658
3503.6062
2941.5273
3740.1587
5386.5947
5107.5103
3568.1658
3294.4934
3929.0684
4137.5386
3133.6685
2514.3342
3294.4976
3503.5969
4181.8472
3322.8708
3472.1714
3813.5583
2919.1033
4181.8472
3568.1658
4137.5386
4051.6165
3568.1658
4681.8467
3669.4617
3969.1099
13266.5439
3969.1099
3503.6062
3740.1482
3929.0742
4094.1375
3929.0742
3266.5908
4520.0005
5461.1035
4181.8472
4051.6165
3601.3206
3813.5583
-64448.0586
4468.4595
3740.1587
3929.0742
3889.8127
5616.3853
3381.0645
4181.8472
4572.7183
4181.8472
4273.3032
4137.5386
3669.4617
3929.0684
6653.3843
4009.9492
4009.9492
4468.4595
3601.3206
3351.7224
3503.6062
3969.1099
4468.4595
5386.6167
2025.7690
4137.5386
3351.7268
4227.0918
3669.4617
4137.5386
4320.5122
1157.5377
3704.4766
3503.6062
4418.0557
3969.1099
3472.1667
3472.1714
3740.1587
3322.8708
4137.5386
3813.5583
3969.1099
3351.7224
3889.8186
3776.5112
3813.5583
4273.3032
3929.0742
9735.1426
3740.1587
3851.3206
3441.2710
10780.4141
3669.4617
3472.1667
3929.0742
3503.5969
3929.0684
3410.9097
4796.1943
4009.9492
3635.0754
4051.6165
3669.4617
3568.1658
3929.0742
3813.5583
3212.1318
3266.5908
3472.1714
3351.7224
3381.0645
3472.1667
3159.4026
2853.7725
3034.6563
4320.5122
3969.1099
4368.7520
4137.5386
3635.0803
3185.5576
3266.5908
3740.1587
4273.3032
3535.5994
2832.6191
3635.0803
3535.5994
3704.4817
3740.1587
3929.0742
3669.4617
3410.9141
3601.3108
3381.0645
3669.4617
4468.4595
3601.3206
3322.8708
3601.3206
3568.1658
4181.8472
4009.9492
3410.9097
3704.4817
3851.3206
3294.4934
4572.7183
3472.1621
3813.5583
3083.3889
3010.8398
2514.3342
3266.5908
3410.9097
3410.9097
3704.4817
3635.0803
4137.5386
3568.1658
3133.6646
3740.1587
3535.5994
3568.1658
3034.6563
3568.1658
2832.6191
3294.4976
3212.1318
-12753.0908
2964.2834
3083.3926
3740.1587
3669.4617
3381.0645
3083.3926
4094.1375
2832.6191
2791.2090
3410.9097
3294.4976
2987.3896
2853.7725
-22399.3809
3410.9097
2919.1033
4796.1943
3568.1658
3058.8328
3381.0645
2811.7668
2897.0076
3503.6062
3969.1099
3133.6685
3669.4617
3441.2756
3704.4817
2811.7639
3740.1587
3239.1394
3159.4065
3441.2710
3851.3206
4094.1375
3851.3206
2897.0076
3704.4817
3185.5576
3776.5112
3159.4065
2770.9392
3108.3335
3185.5537
3929.0742
3351.7224
2987.3896
3889.8186
3441.2710
2987.3896
2673.7100
2832.6191
3294.4976
2731.2410
2941.5273
2770.9363
2811.7668
2987.3896
2987.3862
2770.9392
3266.5908
2832.6191
2964.2869
3034.6563
2897.0076
2987.3862
2692.6252
2987.3896
2565.3882
2811.7668
3472.1714
2791.2090
2531.1318
2731.2410
3058.8364
3212.1318
2897.0076
2750.9519
3212.1318
3133.6685
2875.2329
2655.0488
2919.1033
2342.7854
2811.7668
2731.2410
2711.7976
2565.3855
1205.6519
3133.6685
18826.5625
2791.2090
2548.1516
2897.0076
2692.6226
3034.6563
2582.8503
2791.2090
2750.9519
2919.1033
2811.7668
2497.7498
2548.1516
2770.9392
2750.9519
2853.7725
2673.7100
2750.9519
2600.5376
2750.9519
2655.0488
2811.7668
2673.7100
2655.0488
2919.1033
2465.2041
2070.8452
2465.2041
2465.2041
2372.2832
2711.7976
2655.0488
3034.6563
2417.8867
2655.0488
2791.2090
2636.6375
2258.3777
2514.3342
2770.9392
2692.6252
2692.6226
2636.6321
2531.1318
2481.3770
2548.1492
3010.8435
2497.7498
2357.4446
2711.8005
2636.6375
2565.3882
2357.4446
2731.2410
2692.6252
2673.7100
2372.2832
2387.2996
2636.6375
2655.0488
2465.2041
2600.5430
2272.0386
2372.2832
2582.8503
2372.2832
2673.7100
2531.1318
2565.3882
2272.0386
2258.3777
2433.4617
2285.8564
2582.8452
2433.4641
2299.8406
2449.2354
2433.4641
2299.8406
2258.3777
2272.0386
2417.8867
2231.5227
2154.5059
2299.8406
2600.5430
2372.2832
3851.3206
2070.8452
1722.9473
2328.3022
2731.2410
2166.9868
2244.8733
2548.1467
6766.6094
2105.9255
2497.7498
2328.3022
2565.3882
2231.5227
1993.1683
2449.2354
2258.3777
2272.0386
2285.8586
2142.1619
2875.2329
2481.3745
2205.2722
-13156.5195
2179.6064
1961.5555
2342.7854
2059.3979
2244.8733
2218.3232
2082.4146
2244.8733
2014.7877
2142.1619
2258.3777
1881.7422
2129.9521
1862.7439
2003.9257
1971.9865
1862.7452
4273.3032
2003.9225
2372.2832
1930.8833
2094.1079
2179.6064
2059.3979
1930.8833
2014.7910
2129.9521
1941.0055
1993.1683
1872.1980
2048.0708
2094.1079
1825.8235
2070.8452
2003.9257
1790.2650
1872.1980
1844.1091
1825.8221
2048.0708
1755.9948
1881.7422
1982.5236
1872.1980
1772.9738
1853.3827
1739.3232
2117.8745
1764.4463
1930.8833
1706.8605
1755.9960
1993.1683
1910.9374
1881.7422
1881.7422
2070.8452
1799.0297
2003.9225
1739.3232
1601.7375
2025.7657
1834.9231
1706.8605
1739.3232
1764.4449
1667.8586
1731.0974
1881.7422
1825.8235
1714.8682
1739.3232
2402.4998
1825.8235
1853.3827
1881.7422
1781.5797
1891.3793
1781.5797
1891.3793
1667.8574
1645.2532
1772.9725
1853.3827
1772.9738
1652.7230
1691.0551
1683.2544
1637.8467
1652.7230
1971.9865
1645.2532
1601.7375
1675.5237
1601.7375
1645.2532
1739.3232
1630.5028
1683.2555
1495.6434
1601.7375
1580.7825
1722.9449
1560.3391
1580.7825
1527.3485
1489.4501
1553.6334
1477.2056
1520.9071
1637.8467
1567.0974
1520.9061
1471.1552
1447.4072
1418.7123
1601.7365
1587.7096
1652.7230
1553.6344
1520.9071
1567.0984
1553.6344
1424.3665
1354.0024
1424.3665
1459.1908
1453.2758
1359.1835
1527.3485
1453.2766
1495.6434
1257.5948
1430.0621
1369.6571
1489.4501
1514.5165
1553.6344
1495.6434
1594.6951
1553.6344
1495.6434
1348.8580
1413.1014
1244.2256
1424.3665
1580.7834
1328.6394
1385.6526
975.8303
1447.4072
1418.7114
1333.6403
1289.8491
1508.1752
1369.6571
1318.7395
1271.2333
1338.6777
1266.6570
1459.1891
1318.7402
1244.2262
1218.2612
1343.7499
1262.1112
1127.3844
1222.5199
1222.5186
1385.6526
1294.5824
1323.6726
1239.8281
1266.6570
1239.8275
1348.8580
1185.1638
1127.3844
1131.0742
1205.6519
1123.7167
1226.8048
1205.6531
1169.2307
1280.4785
1131.0742
1131.0742
1235.4587
1239.8281
1138.5209
1116.4464
1131.0742
1142.2781
1105.7017
1149.8613
1098.6433
1209.8280
1138.5209
1088.2089
1146.0582
1138.5209
1157.5377
1105.7017
1095.1450
1067.8762
1077.9556
1051.4568
1077.9556
1057.9689
1185.1638
1116.4464
1120.0707
1064.5560
1064.5555
1051.4568
1023.0366
1048.2281
1045.0176
1013.8725
1067.8772
1067.8762
984.3768
1112.8431
1016.9105
1019.9648
1023.0366
1257.5955
993.0602
1077.9556
1016.9105
1032.3524
993.0597
961.8816
950.9804
1041.8250
1010.8509
987.2559
975.8303
1435.8004
956.4029
995.9856
970.2067
935.0412
1001.8837
950.9800
940.3000
929.8353
932.4316
961.8816
987.2559
909.5249
956.4021
889.9998
880.5183
894.8102
945.6133
1074.5769
831.4518
846.5225
924.6815
902.1135
894.8102
871.2163
846.5228
882.8717
878.1761
897.2328
848.7150
857.5897
846.5228
846.5228
848.7154
878.1761
846.5222
823.0533
779.4417
823.0533
835.7083
796.7750
857.5897
818.9106
837.8512
837.8512
873.5253
818.9103
792.8644
757.3467
820.9773
788.9878
840.0040
792.8644
812.7661
800.7200
802.7056
753.7717
775.6805
726.2107
741.4908
729.5581
792.8644
727.8810
727.8810
700.3730
741.4908
753.7717
731.2421
755.5555
734.6304
724.5471
695.7074
701.9409
759.1454
701.9409
700.3732
705.0937
703.5139
697.2565
738.0466
714.7045
724.5471
676.1027
670.2634
665.9413
676.1027
670.2634
732.9328
691.0958
653.2611
643.6851
657.4409
700.3735
657.4409
657.4409
670.2634
607.6985
651.8781
645.0383
647.7592
615.1136
643.6849
599.2396
610.1531
658.8445
615.1136
616.3646
607.6985
618.8795
607.6985
612.6247
585.1992
573.9229
588.6561
585.1992
596.8594
599.2396
566.2477
571.7120
582.9139
575.0338
553.4891
570.6118
576.1483
580.6437
576.1483
557.6874
540.2075
564.0868
544.2362
541.2100
548.3163
540.2075
526.4952
539.2081
547.2912
536.2288
530.3527
532.2993
529.3839
516.1265
524.5841
519.8570
523.6329
522.6846
511.5261
512.4407
502.5281
500.7602
522.6846
514.2778
497.2554
499.0027
502.5281
499.0027
496.3856
481.9769
495.5183
479.5061
474.6268
495.5183
477.8704
482.8051
466.6750
470.6232
458.9404
447.7263
477.0560
449.1954
453.6504
445.5373
459.7043
457.4187
449.9328
446.9945
446.9945
432.7617
421.2335
435.5487
453.6504
423.9010
419.9101
421.2336
424.5721
428.6352
425.2450
415.9792
417.9372
402.6783
380.2751
419.9101
404.5363
405.1587
403.9155
389.4599
401.4472
396.5826
400.2222
390.6328
393.5897
384.2507
384.2507
393.5897
387.1309
386.5522
394.1854
389.4599
377.4751
380.2751
411.4681
372.5165
378.0325
370.8864
371.9719
359.2680
360.3005
362.3794
354.6786
355.1839
357.7279
356.1982
350.6753
356.7069
360.3005
351.6695
343.3563
347.2299
342.3984
344.8010
342.3984
336.2712
338.6076
335.8069
337.2028
336.7365
338.1384
330.7640
321.8882
321.8882
328.9592
318.8674
318.0122
314.2068
310.4702
313.7883
308.4232
304.3900
307.2049
306.3966
301.2203
299.6541
292.7543
292.3781
298.8754
297.7132
295.0276
300.0445
295.7912
293.5092
286.0890
289.0233
280.7049
282.4828
277.8943
283.1986
273.0744
274.4389
272.0575
272.7348
274.7816
326.7242
276.5045
269.3727
270.0402
267.7143
265.7437
263.1490
266.7264
263.7942
271.0462
260.2735
257.1316
252.5200
252.5200
256.8204
251.9140
251.9141
248.0260
249.5112
249.2132
247.1409
243.3569
243.3569
240.5019
240.2190
236.0313
237.4158
230.3388
228.4839
232.2148
235.7558
231.1402
227.9578
228.7477
229.8067
229.2763
225.8699
221.0162
221.0163
220.2631
220.5137
214.1214
217.5314
216.7945
209.8431
214.6040
211.4930
213.4001
212.2054
212.4436
209.1415
205.9084
200.7411
199.2029
201.4052
196.8174
208.4429
200.5204
201.8495
196.6024
197.4642
199.6408
191.9502
192.7852
190.0889
187.6437
189.0650
187.0388
184.0522
187.2401
187.6437
184.2494
182.8749
180.1654
172.7025
179.7826
179.9739
169.4724
170.5405
173.0662
170.3619
171.7975
169.4724
167.0125
168.0612
166.6647
164.4262
164.5970
162.0571
163.7449
161.8895
159.4011
154.7218
159.7301
156.1558
155.8358
155.9957
154.2473
151.7465
150.6678
148.5378
151.2831
147.0385
150.0555
149.4462
145.2630
146.4438
143.2236
143.6577
147.3369
141.5023
139.9457
138.2703
140.6507
139.6648
138.9655
140.5094
135.5294
133.3817
133.1160
132.8509
131.1422
131.0118
131.0118
130.4917
129.0734
127.2934
126.7899
124.7979
124.5514
122.3566
123.3267
121.0364
122.9619
118.6757
117.3987
121.0364
118.5590
115.2277
117.3987
115.3409
112.3262
114.1024
114.3265
110.3629
110.6876
110.2549
111.1221
108.2236
107.3800
105.3006
107.1701
106.1273
106.6474
104.7872
102.2586
101.8597
99.8891
101.5617
99.7915
98.0522
97.8608
96.7202
95.3128
94.4780
94.4780
93.2847
93.1024
91.6564
89.9671
90.2318
89.4398
90.3203
88.3940
89.0026
85.9980
85.9980
84.8228
84.5728
83.7446
84.4897
83.1693
83.1693
81.2239
80.9836
80.4254
79.8706
77.9169
77.3006
75.8540
74.4308
77.2239
75.1020
72.4475
75.4772
73.1035
71.8684
72.1575
72.8113
68.8217
69.8722
68.3359
68.0595
66.8951
65.4789
64.8129
66.4880
65.1452
66.4204
62.0091
62.1374
60.6111
61.4979
61.2436
59.7341
59.9837
58.6818
59.1134
62.1374
58.3137
57.4009
55.9622
56.2001
54.7247
54.4329
55.0175
53.7372
54.4329
52.5915
53.1622
51.7433
51.5187
50.6270
50.1300
49.6910
48.5506
48.0137
48.2280
48.2817
47.1626
46.3213
45.6447
46.1124
45.0771
44.3611
44.7694
44.6160
43.3003
43.0500
42.2055
42.8503
42.0082
41.5174
40.6426
40.4978
40.1132
38.9249
39.7784
38.5020
38.8307
38.5020
37.9421
37.5252
37.0190
36.6988
36.1987
35.9726
35.4778
34.4105
34.4547
34.1024
34.2343
32.8408
33.9708
33.4034
32.2403
31.4760
31.9845
31.4338
31.3074
30.9714
30.8041
30.2217
29.4397
29.7678
29.1946
29.0725
29.0318
29.0318
28.3443
28.5861
28.0233
27.6243
27.3465
27.6243
27.3069
26.8337
26.2861
26.3251
26.4031
26.2083
25.8592
26.4812
28.2237
26.0917
27.0305
26.4812
27.4257
27.2278
27.6243
28.2639
28.7074
29.2354
29.9325
30.2632
30.9714
28.5861
32.7978
32.7547
32.6257
33.7083
34.2783
35.7022
36.2894
36.0178
37.1108
37.7565
37.9886
40.0653
40.1612
41.9098
41.5174
41.7624
43.0999
43.6521
43.7025
45.0771
45.7484
46.8460
47.9602
48.0137
48.5506
49.8005
50.7379
52.0814
51.9686
52.7053
54.0843
55.3705
55.4294
56.5585
57.8864
58.2525
57.6433
59.2371
61.0533
61.6892
62.2659
62.3302
65.3452
64.9456
65.6127
66.6235
67.6467
70.0132
69.2403
69.6610
72.2299
72.9573
73.1767
74.2823
76.0052
75.4021
76.8412
78.3042
79.9497
78.9275
79.0840
81.8677
82.1104
84.9897
85.1570
84.8228
87.1028
88.3940
90.4973
89.5275
91.3877
93.8336
93.3760
92.9205
94.9409
95.5927
97.5745
98.7250
98.8215
99.5968
100.0844
102.7593
103.0609
105.5066
106.1273
106.4391
108.1177
112.6570
110.9046
111.6677
112.3262
111.8867
115.5676
116.2506
116.5937
118.3259
119.0265
121.2752
121.9950
122.9619
122.7194
125.2926
126.9155
127.5460
128.5620
127.5460
128.6897
129.8449
133.5148
134.1825
135.3940
135.1237
136.2087
137.9933
139.9457
139.6648
142.0733
142.6471
144.0934
145.8520
148.3871
149.2944
149.4462
147.4864
151.2831
156.7984
150.8213
153.7747
155.1980
159.0729
159.8950
154.8803
159.8950
161.8895
163.2363
164.5970
164.9394
167.1867
166.8385
170.0054
170.8985
172.3398
171.2574
169.6498
172.3398
178.0727
176.9444
171.9780
181.3202
183.4624
184.6445
183.4624
187.4418
185.0408
188.4542
189.0650
190.7067
190.9132
194.6814
191.9502
191.3271
200.0800
196.8174
198.9845
201.8495
201.1835
204.5433
202.2952
206.5955
208.4429
207.2857
205.9084
209.3750
212.6822
213.8805
205.2243
211.9676
210.0778
218.7672
222.2794
219.5134
219.5134
223.5527
223.0421
222.2794
228.2207
229.8067
227.6954
227.1717
233.8398
233.8398
235.2062
236.5838
233.8398
236.3073
242.4954
243.0693
242.2092
246.2603
241.9235
248.6186
248.3220
252.5200
253.1279
247.7305
255.5810
252.8237
254.3502
256.1996
267.7142
263.4713
260.9086
261.5459
269.3727
266.7264
271.3827
271.3827
277.1982
270.7102
270.7103
273.4146
277.5459
279.2944
278.5930
283.5575
277.8943
283.1987
286.8184
289.7638
294.2670
289.0233
287.5506
294.6469
298.4872
305.5916
297.7132
297.7132
301.2203
303.9911
305.1903
307.6102
308.4232
308.4232
317.1606
318.0123
326.7242
318.0123
319.2963
327.1693
319.7261
329.4089
332.5844
334.8813
321.4540
332.5842
328.5103
331.2177
341.4445
334.8813
333.9596
342.3984
351.1718
348.2089
344.8010
349.1922
350.6753
347.7188
347.7189
348.2089
357.2169
356.7069
356.7069
361.8579
346.2552
357.2169
365.0046
360.3005
363.4259
367.1264
378.0325
367.6598
376.3643
377.4752
376.3643
384.8240
387.1310
390.0457
395.3812
383.6787
413.3918
395.3811
399.0031
391.2213
407.6637
391.8113
412.1078
413.3918
409.5588
414.6823
401.4472
416.6303
423.9010
417.9373
423.2316
424.5721
422.5639
427.9536
429.3185
421.8979
435.5487
437.6581
432.7617
441.9273
441.9273
450.6725
440.4967
450.6724
458.9404
456.6610
456.6610
459.7043
448.4599
469.0374
468.2477
449.9330
467.4603
468.2477
493.7912
470.6232
477.0563
490.3670
488.6697
497.2554
499.0027
486.9821
510.6140
497.2554
502.5281
505.1995
505.1995
510.6140
504.3064
506.9936
509.7049
513.3577
508.7984
516.1265
521.7393
518.9202
541.2100
524.5841
527.4551
532.2993
546.2697
540.2075
526.4952
535.2417
528.4180
553.4893
545.2513
564.0868
577.2666
573.9229
564.0868
592.1480
556.6328
572.8156
579.5143
582.9139
589.8162
576.1483
579.5143
611.3867
599.2394
600.4356
599.2396
587.4999
606.4775
593.3203
593.3203
635.6687
606.4775
608.9236
629.1194
617.6199
595.6755
635.6687
623.9634
615.1136
639.6551
612.6245
633.0350
626.5323
661.6674
639.6551
670.2634
639.6551
668.8173
647.7592
656.0425
630.4200
661.6674
650.5001
679.0557
688.0510
679.0557
638.3215
664.5114
649.1270
679.0557
688.0510
708.2719
670.2632
722.8902
680.5406
685.0296
703.5139
674.6346
682.0312
719.5963
731.2421
705.0941
736.3350
743.2235
732.9328
711.4756
721.2399
724.5471
732.9328
727.8810
751.9954
751.9954
750.2265
701.9406
788.9878
736.3348
753.7717
759.1454
759.1454
794.8154
790.9219
757.3467
798.7432
785.1447
739.7651
814.8051
873.5253
818.9106
855.3550
818.9106
798.7432
892.3994
806.7030
823.0533
816.8533
909.5249
808.7150
862.0892
820.9773
837.8516
859.8342
868.9183
919.5786
909.5249
829.3377
855.3557
800.7200
892.3994
902.1135
897.2328
837.8512
907.0423
922.1238
909.5249
904.5715
914.5270
892.3994
887.6125
880.5179
927.2519
897.2328
897.2328
927.2519
937.6639
917.0463
984.3768
917.0463
909.5249
924.6810
967.4175
959.1352
973.0113
961.8812
998.9268
973.0113
1067.8772
1013.8725
948.2892
975.8303
984.3768
987.2554
970.2071
1057.9689
1026.1250
1054.7037
1084.7717
1029.2303
1023.0366
1023.0366
1013.8725
1016.9101
1038.6500
1064.5551
1054.7037
1029.2303
1041.8250
1098.6433
1081.3538
1112.8436
1023.0366
1016.9105
1193.2814
1071.2164
970.2071
1102.1621
1105.7017
1149.8613
1120.0707
1120.0702
1088.2095
1205.6519
1169.2307
1177.1476
1120.0707
1142.2781
1127.3844
1127.3844
1134.7864
1161.4114
1189.2098
1077.9556
1142.2781
1134.7864
1146.0582
1131.0742
1193.2814
1205.6531
1253.1096
1193.2814
1248.6533
1138.5209
1214.0323
1239.8281
1623.2207
1185.1632
1116.4459
1226.8048
1275.8403
1226.8048
1235.4587
1280.4785
1244.2262
1313.8419
1231.1178
1189.2098
1205.6519
1218.2612
1266.6564
1271.2333
1313.8419
1294.5824
1540.3862
1299.3479
1333.6410
1369.6571
1413.1014
1289.8484
1354.0024
1453.2766
1354.0024
1271.2333
1380.2822
1348.8580
1447.4072
1289.8491
1477.2065
1289.8491
1088.2089
1385.6526
1364.4009
1407.5313
1323.6726
1369.6564
1369.6571
1418.7131
1514.5165
1407.5313
1435.8004
1441.5820
1407.5313
1615.9996
1580.7834
1483.3047
1424.3665
1385.6526
1407.5313
1424.3665
1508.1760
1477.2065
1941.0055
1413.1014
1508.1760
1453.2766
1567.0984
1910.9374
1418.7131
1540.3862
1430.0621
1580.7834
1424.3665
2357.4468
1580.7834
1471.1552
1520.9071
1520.9071
1453.2758
1630.5028
1660.2572
1380.2822
1573.9130
1447.4072
1477.2065
1601.7375
1573.9130
1424.3647
1862.7452
1435.8004
1514.5165
1533.8414
1615.9996
1764.4463
1540.3862
1652.7253
1567.0984
1652.7253
1645.2532
1722.9473
1714.8682
1739.3232
1706.8593
1608.8389
1781.5797
1660.2572
1601.7375
1790.2650
1608.8389
1714.8682
1772.9738
1714.8682
1691.0551
1380.2822
1594.6951
1623.2218
1706.8593
1652.7230
1645.2532
1910.9374
1698.9230
1714.8682
1675.5226
1567.0974
1630.5028
1714.8671
1755.9960
1844.1091
1853.3827
1755.9960
1731.0986
2655.0488
1982.5236
1971.9865
1807.8785
1891.3793
1825.8235
1844.1091
1901.1105
1941.0055
1971.9865
1910.9374
1881.7422
1901.1105
1891.3793
2117.8728
1891.3793
1844.1091
1853.3827
1881.7422
1993.1683
1844.1091
1961.5555
2070.8452
2059.3979
1971.9865
1881.7422
1872.1980
1881.7422
1891.3793
2192.3677
1881.7422
2218.3232
1982.5236
3239.1394
1930.8833
1747.6219
2003.9225
1862.7452
1941.0055
2129.9521
1920.8611
1910.9374
1891.3793
2014.7877
2192.3677
1961.5555
2192.3677
1993.1699
1971.9865
2105.9272
2082.4146
2094.1062
2025.7690
2166.9868
2205.2722
2025.7690
1901.1105
2059.3979
2003.9225
2673.7043
2433.4641
2205.2722
2059.3979
1982.5236
2070.8452
2244.8733
2094.1079
2285.8586
2154.5059
2328.3022
2048.0708
1407.5295
2218.3232
2285.8586
2014.7877
2272.0386
2244.8733
2328.3022
2231.5227
2272.0386
2964.2834
2117.8728
2372.2832
2299.8406
2244.8733
2328.3022
1982.5251
2231.5227
2205.2705
2402.4998
2433.4641
2218.3232
2372.2832
2770.9392
2328.3022
2481.3745
2328.3022
4796.1943
2192.3677
2218.3232
2750.9519
2313.9875
2481.3745
2497.7498
2129.9502
2417.8867
2497.7522
2059.3979
2497.7498
2166.9868
2285.8586
2497.7498
2357.4468
2531.1318
2417.8867
2372.2832
2025.7690
2244.8733
2692.6226
2357.4446
2417.8843
2402.4998
2582.8503
2655.0488
2770.9392
2402.4973
2244.8733
2299.8406
2711.8005
2791.2090
2272.0386
2497.7498
2832.6191
2285.8586
2548.1467
3212.1318
1453.2766
2770.9392
2465.2041
2582.8452
2514.3342
2285.8586
2770.9392
2465.2041
2514.3342
2711.8005
2897.0076
2600.5430
3159.4065
2299.8406
2673.7100
3266.5908
2179.6047
2582.8503
2497.7498
2811.7668
2465.2041
2618.4705
2692.6252
2897.0044
3535.5994
2514.3342
2655.0488
2811.7668
2964.2869
3159.4065
3266.5908
2655.0488
2897.0076
2636.6348
3058.8364
2853.7725
3010.8435
2673.7100
2919.1033
2655.0488
2919.1033
2853.7725
2750.9519
3108.3335
2919.1033
3159.4065
3212.1318
3266.5869
3083.3926
3058.8364
2711.7976
3133.6646
3381.0645
2919.1033
3034.6563
2897.0076
3294.4976
3034.6563
2692.6226
3635.0703
5386.6167
2655.0488
3185.5576
2811.7668
3108.3335
3322.8708
2875.2329
2770.9392
3133.6646
3108.3335
3266.5908
3159.4065
3010.8435
3322.8708
3058.8364
3212.1318
3776.5002
3266.5908
2875.2329
3239.1394
2875.2329
3441.2710
3133.6685
3472.1621
2811.7668
3669.4617
2919.1033
3381.0645
2673.7070
3083.3926
3159.4065
2770.9392
3010.8435
2811.7668
3239.1394
3034.6526
3776.5112
3535.5994
3503.5969
3381.0645
3472.1667
3535.5994
3568.1658
3381.0645
3294.4976
3740.1587
3159.4026
3503.6016
3410.9141
3704.4817
3294.4976
3503.6016
3740.1587
3851.3206
3635.0803
3381.0645
3601.3206
3266.5908
3472.1621
3568.1609
3568.1658
3159.4065
3851.3206
3058.8364
2941.5273
3535.5994
3058.8328
3108.3335
3410.9141
3704.4817
3441.2710
3133.6685
3266.5950
3929.0742
3058.8364
3851.3206
3472.1621
3185.5576
3704.4817
3851.3206
3133.6685
3813.5583
3635.0803
2897.0076
3212.1318
1435.8004
3503.6062
3568.1658
3740.1587
3441.2756
3669.4617
3813.5583
3535.5994
3535.5898
1731.0986
4273.3032
3472.1621
3601.3206
3185.5576
3535.5994
3776.5112
3704.4817
3322.8667
3322.8708
3410.9097
3704.4817
4626.6523
4273.3032
2897.0076
3889.8186
3239.1394
3601.3206
3740.1587
3322.8708
3212.1318
3929.0742
3669.4617
3813.5583
3568.1658
3410.9141
5537.6870
3740.1587
3010.8435
3410.9097
4227.0918
3776.5112
4320.5122
3740.1587
3441.2710
3503.6016
4009.9492
3568.1658
3776.5112
3568.1658
3851.3206
3740.1587
3704.4817
3601.3206
4094.1375
3929.0742
3601.3206
3669.4617
3601.3206
4796.1943
2600.5376
3929.0742
3133.6685
3441.2710
3381.0645
3568.1658
4273.3032
3568.1658
4626.6523
4796.1943
3601.3206
3503.5969
3929.0742
4368.7520
3441.2756
3503.6062
3294.5017
3410.9097
4320.5122
4796.1855
3776.5112
3889.8186
3669.4617
4796.1855
5107.5103
3601.3157
4181.8472
4227.0850
4468.4595
4572.7183
3929.0742
4051.6104
3704.4817
3381.0645
5107.5103
4738.3447
4368.7520
5314.0566
4916.1445
3212.1318
3851.3206
4009.9492
3929.0742
3969.1038
4273.3032
5314.0566
3503.6016
3669.4617
4855.4438
4051.6165
4520.0005
4626.6445
3108.3298
4181.8472
4855.4438
5243.4111
4738.3447
4572.7183
4181.8403
3813.5583
3441.2710
4009.9492
3322.8708
4181.8472
5174.5854
4468.4595
4137.5386
3410.9097
4320.5122
4418.0483
4681.8467
3058.8364
3635.0803
4468.4595
3704.4817
4796.1855
5537.6870
5780.5625
3441.2800
4273.3032
6335.0122
4181.8472
4738.3364
3740.1587
3889.8186
4320.5122
4094.1375
4738.3447
4368.7446
4368.7520
5780.5625
5243.4111
3969.1099
4572.7104
3635.0803
3969.1099
4796.1943
3740.1587
3133.6685
5243.4111
5461.1260
3601.3206
3704.4817
4273.3032
3929.0742
3568.1658
2465.2041
4681.8467
3601.3206
3929.0684
3410.9141
5780.5625
8150.0029
3813.5583
3351.7180
3635.0803
5461.1035
4009.9492
4468.4595
7679.7988
2987.3896
5107.5103
4137.5386
3322.8667
4227.0918
4320.5122
4916.1445
5107.5103
3601.3206
4320.5122
4626.6523
3568.1609
3704.4817
4009.9492
3601.3206
4009.9492
3351.7268
5616.3613
4796.1943
3568.1658
4520.0005
3776.5112
4320.5054
3776.5112
3851.3206
3740.1587
4368.7520
3851.3206
3929.0742
4181.8472
4520.0005
3813.5583
3503.6062
3669.4617
4051.6165
4320.5122
3351.7224
4320.5122
3441.2800
3813.5583
2987.3862
3851.3149
3294.4976
3813.5583
3159.4026
3568.1658
4137.5386
3568.1658
3410.9141
3601.3206
3776.5056
42395.3516
3294.4976
3929.0742
3776.5112
3503.6062
3851.3206
3601.3206
2231.5227
3969.1099
3503.6016
5314.0776
4051.6165
3669.4617
4273.3032
3740.1533
3322.8708
3083.3926
47315.0195
3669.4617
4094.1375
4368.7520
3740.1587
2811.7639
4320.5122
3381.0645
3669.4617
4320.5122
4137.5317
4181.8472
4009.9431
3929.0742
3704.4817
3410.9097
3635.0803
3635.0803
3929.0742
3472.1621
3410.9141
3503.5969
3851.3206
2811.7639
3535.5898
3929.0742
4181.8472
3740.1587
3704.4817
3266.5908
3568.1560
2514.3342
2791.2061
3159.4026
3635.0803
3929.0742
6883.7310
3969.1099
3185.5576
2875.2329
3813.5583
3351.7224
3776.5112
3441.2756
4051.6165
2875.2329
4273.3032
3851.3206
3472.1714
3969.1099
3969.1099
3535.5994
3740.1587
3503.5969
3535.5994
3381.0645
3083.3926
3381.0645
1540.3862
3704.4817
3133.6685
3294.4976
3185.5576
3472.1621
2791.2090
3381.0645
2875.2297
3010.8435
3441.2710
3669.4617
4009.9492
3568.1658
3010.8435
3704.4817
3601.3206
2875.2297
3185.5576
3472.1621
3159.4065
2673.7100
2964.2869
3034.6526
3058.8328
3185.5576
2770.9392
2964.2869
2192.3677
2811.7668
2919.1033
3381.0645
3472.1621
2875.2329
3058.8364
2875.2297
3034.6563
3351.7224
2811.7639
2832.6191
3441.2710
3133.6685
2853.7725
2673.7100
3212.1318
2636.6375
3133.6685
2919.1033
3185.5576
2941.5239
2791.2090
3185.5576
3266.5908
3083.3926
3776.5112
3058.8328
2811.7668
3239.1394
3294.4976
2964.2869
2449.2354
2811.7668
3381.0645
2449.2329
2811.7668
3159.4065
2673.7100
2258.3757
3159.4065
2750.9519
3266.5908
2750.9490
2692.6226
2853.7725
2285.8586
2711.8005
2731.2410
2565.3831
16521.8574
2941.5273
2636.6375
2791.2090
2313.9875
2897.0076
2731.2410
2402.4998
2770.9333
2514.3342
3322.8708
3133.6685
2449.2354
2582.8503
2770.9392
2548.1516
2692.6252
2750.9519
2433.4617
2853.7725
2919.1033
2964.2869
2811.7668
2417.8867
2673.7100
2832.6191
2750.9519
2244.8733
2731.2410
2673.7100
2636.6375
2481.3745
2600.5430
2357.4468
2272.0386
2731.2410
2731.2410
2497.7498
2094.1062
2618.4705
2531.1367
2465.2019
2582.8452
2433.4617
2750.9519
2417.8867
3472.1621
2497.7498
2449.2354
2711.8005
2070.8435
2636.6375
2244.8733
2565.3831
2094.1079
2731.2410
2465.2041
2497.7498
2465.2041
2258.3777
2919.1001
2941.5273
2218.3232
2244.8733
1941.0055
2244.8733
2258.3777
1834.9218
2166.9849
2357.4468
2048.0708
2272.0386
2272.0386
2231.5227
2433.4641
2285.8586
2192.3677
2205.2722
2082.4146
1951.2275
2244.8733
2299.8406
2357.4468
2105.9272
2154.5059
2711.8005
2025.7690
2070.8435
2117.8728
2025.7657
2258.3777
2070.8452
2372.2832
2433.4641
3669.4617
2025.7657
2192.3677
2036.8617
2205.2722
1920.8611
2299.8406
2465.2041
2231.5227
2094.1079
2014.7910
1930.8833
2142.1619
1951.2290
1910.9374
2117.8745
2105.9272
1881.7422
2231.5227
2048.0708
1930.8833
2082.4146
1901.1105
1853.3827
2059.3979
1881.7422
2142.1619
1587.7106
2205.2722
1971.9865
1941.0040
1993.1699
1901.1105
1930.8833
1608.8389
2179.6064
1961.5555
1901.1105
2036.8617
2070.8452
2025.7690
1910.9374
1764.4463
2036.8617
2105.9272
2059.3945
1587.7096
1834.9231
1872.1980
2082.4146
1747.6207
1920.8611
1615.9996
1722.9473
1853.3827
1747.6219
1714.8671
1790.2650
1825.8235
1706.8593
1862.7452
1608.8389
1739.3232
1660.2572
1739.3232
1527.3477
1799.0310
1508.1752
1660.2594
1807.8785
1739.3232
1546.9836
2129.9502
1683.2555
1781.5797
1790.2638
1580.7834
1714.8682
1587.7106
1652.7230
1667.8563
1501.8843
1706.8605
1560.3381
1608.8389
1722.9473
1601.7375
1698.9230
1772.9725
1637.8467
1747.6219
1637.8467
1834.9231
1683.2555
1645.2532
1608.8389
1675.5214
1594.6951
1465.1501
1533.8405
1587.7096
1630.5039
1514.5165
1540.3862
1691.0551
1343.7491
1630.5028
1546.9836
1637.8467
1630.5028
1667.8586
1501.8853
1637.8467
1567.0984
1441.5820
1477.2065
1465.1501
1424.3665
1453.2766
1527.3485
1447.4064
1435.8004
1501.8853
1385.6534
1402.0018
1489.4501
1413.1014
1453.2766
1396.5111
1799.0297
1447.4072
1424.3665
1407.5313
1343.7491
1520.9071
1407.5295
1483.3047
1313.8419
1333.6410
1385.6526
1323.6726
1262.1105
1244.2262
1328.6394
1338.6777
1359.1835
1253.1096
1338.6777
1081.3538
1471.1552
1262.1112
1231.1178
1318.7402
1248.6533
1348.8580
1323.6726
1262.1112
1275.8403
1262.1112
1323.6726
1323.6726
1146.0582
1354.0024
1348.8580
1189.2098
1323.6726
1231.1178
1239.8281
1201.5021
1289.8491
1244.2262
1235.4587
1091.6671
1123.7161
1239.8281
1157.5377
1131.0742
1231.1171
1088.2089
1201.5021
1197.3788
1026.1250
1131.0742
1109.2616
1131.0742
1064.5555
1074.5764
1116.4464
1116.4464
1051.4568
1045.0176
1041.8245
1177.1476
1051.4568
1105.7017
1048.2281
1016.9105
1131.0742
1105.7012
1054.7037
1074.5769
1084.7717
1051.4568
1038.6500
995.9856
1045.0176
1054.7037
990.1498
1019.9652
1048.2281
1029.2303
984.3768
1029.2303
1067.8762
984.3768
1045.0176
1091.6671
993.0602
990.1498
1004.8566
945.6125
1029.2303
1004.8566
1016.9105
967.4175
998.9268
932.4316
935.0412
956.4029
978.6641
961.8816
890.0002
924.6815
950.9804
967.4171
904.5719
964.6423
948.2892
922.1238
948.2900
937.6639
945.6125
880.5179
909.5249
924.6815
894.8102
897.2328
800.7200
753.7717
937.6639
829.3373
882.8717
902.1135
899.6672
875.8452
875.8448
857.5890
850.9181
823.0533
866.6312
739.7649
894.8102
798.7432
840.0040
794.8154
825.1386
842.1667
814.8051
831.4515
804.6999
785.1447
796.7750
823.0533
792.8644
792.8644
748.4646
831.4515
777.5570
794.8154
751.9954
796.7750
748.4648
757.3467
755.5555
722.8902
781.3347
646.3961
736.3350
722.8902
721.2397
753.7717
726.2107
658.8445
685.0294
685.0294
676.1027
686.5372
701.9409
673.1721
697.2565
691.0958
682.0312
664.5114
658.8445
686.5374
697.2565
657.4407
658.8445
692.6271
663.0867
683.5276
645.0379
656.0425
656.0425
633.0350
654.6488
686.5374
629.1193
621.4126
640.9935
640.9935
623.9634
611.3867
633.0350
673.1718
607.6985
598.0476
606.4775
613.8670
578.3885
584.0544
604.0483
589.8162
570.6118
580.6435
566.2477
576.1483
605.2609
547.2912
561.9399
549.3442
514.2781
564.0868
582.9139
548.3160
558.7454
537.2187
539.2081
559.8068
544.2362
559.8068
540.2075
535.2417
547.2912
526.4952
527.4551
506.0954
559.8068
540.2075
545.2513
530.3527
542.2155
516.1265
478.6872
511.5260
526.4952
520.7967
507.8947
500.7602
507.8947
499.8802
486.9821
494.6535
477.8706
486.1419
486.1419
477.8704
487.8247
473.8216
465.8918
452.1575
472.2180
480.3274
480.3274
465.1111
471.4195
440.4967
460.4704
447.7263
456.6610
449.9330
444.8113
442.6453
443.3654
455.1517
439.7843
427.2739
440.4967
434.8492
444.0873
425.9195
421.8979
423.9009
430.0036
419.9099
419.2509
423.9010
414.6823
421.2336
411.4681
408.9255
410.1937
413.3918
390.6328
406.4081
395.9812
396.5826
365.0046
394.7826
381.4043
400.2222
390.6328
390.6328
383.6787
383.6787
370.8864
383.6787
381.9709
373.0623
373.6096
363.9509
370.8864
342.3984
365.0046
371.9719
358.2401
356.1982
367.1264
360.3004
361.3376
354.6786
352.6682
345.2847
348.2089
345.2847
349.6855
357.2169
339.5492
332.1277
328.9591
340.0215
335.3437
333.9596
324.5122
323.1962
328.5103
319.2963
320.1567
320.5883
318.0123
321.0207
318.0122
321.0207
311.2947
312.1226
312.1226
308.0163
308.8310
301.2203
305.9937
299.6539
300.4356
305.1903
294.6469
292.0024
291.2534
296.1741
289.0233
289.0233
311.7083
292.3781
285.0001
288.6541
286.4533
283.1986
283.1986
281.4140
280.7049
275.1249
274.7816
268.7076
274.4389
262.1855
269.7061
268.7075
264.7664
269.3727
256.5097
261.5459
260.5908
252.8237
255.5810
255.5810
252.5200
254.3502
250.4084
254.9645
251.9141
245.0931
248.6186
245.3842
240.5019
241.3534
244.2228
243.9337
237.4157
242.2092
238.2519
233.5678
233.0253
234.9320
234.6583
230.6055
228.4839
234.1121
228.7477
221.5203
225.0939
226.1295
225.0939
216.3051
218.0246
217.5314
231.4082
217.7778
215.0882
213.4001
208.9083
211.2562
211.7301
210.7838
209.6089
207.7475
205.6800
202.2952
205.6800
204.3170
198.1138
202.5185
198.7664
196.3877
191.5345
195.1061
195.1061
193.4145
191.3271
184.4468
189.6785
186.4365
187.6437
181.7073
182.8749
185.4382
181.1272
178.8301
177.8840
179.2103
172.7025
177.1318
172.3398
172.1588
168.5886
173.0662
168.4126
170.0054
166.6647
164.4262
167.3611
164.9394
162.5612
163.5752
161.7222
158.9091
162.0571
158.7455
156.4767
155.9957
158.4189
153.9320
153.7746
153.7746
154.4053
152.3671
148.2365
148.6888
147.1876
148.2365
148.0862
147.0385
144.3848
143.5128
140.9339
141.0757
139.2447
135.6650
139.1050
139.2447
138.1317
136.4815
135.2588
134.5849
132.7185
134.3165
130.2325
131.4035
131.4035
128.3071
129.3300
127.2934
124.7979
125.6650
125.0450
123.4486
121.1557
121.0364
122.8406
121.1557
121.1557
119.3786
118.4424
117.5141
116.5937
115.1146
113.6556
113.6556
114.8888
110.6876
111.9964
110.1469
108.6479
108.0120
107.4850
106.4391
105.9200
103.2625
105.3006
103.0609
103.2625
102.0589
99.7915
99.5968
100.5744
99.0148
97.2889
97.5745
95.6862
93.3760
94.2935
93.0114
91.5667
91.0305
90.5860
89.6153
88.2208
89.0899
87.8754
85.4085
89.4398
86.7615
85.5766
84.4066
81.7063
83.4155
83.9097
84.2407
81.3844
81.2239
81.3844
79.2408
79.2408
76.6124
77.9169
75.9295
75.7785
75.9295
75.7785
73.9122
74.4308
71.2933
71.5804
71.6523
69.9427
70.0838
69.6610
68.8217
69.2403
68.0595
66.9632
65.3452
65.2118
64.2180
64.3498
63.8894
64.4158
62.0091
61.1801
60.8635
61.2436
60.3596
59.0516
58.9281
57.3405
57.7040
57.0990
55.7250
56.9184
55.4884
54.7832
54.3747
53.2769
52.8192
53.0477
52.4211
50.0200
51.6309
50.2953
45.7484
50.5163
49.9101
49.3633
48.8746
48.7124
46.8460
46.6882
46.7933
46.1646
45.3862
44.9744
44.7182
44.0564
45.0771
42.9002
43.2501
43.1500
42.0575
41.4197
41.8115
41.1273
40.9330
40.1132
39.2556
39.2556
38.6427
38.5488
38.0817
37.8029
37.0190
36.9732
36.6532
35.2540
35.6573
34.8088
35.7472
34.7201
33.9708
33.7520
34.0146
32.5399
33.2298
32.6257
32.6687
31.4760
31.8570
31.2232
30.8459
31.4760
30.2632
30.3876
30.1390
29.2354
29.4397
28.5054
28.7883
27.9033
28.2639
28.6669
27.8235
26.9123
27.1883
27.0699
27.6243
26.9123
26.0917
25.7046
26.0141
25.4735
25.6275
25.8979
25.5120
25.5505
26.1305
25.6661
24.6713
26.2861
26.8337
27.4654
26.9911
26.9123
28.2237
29.4397
28.8288
29.8501
29.9325
30.1803
31.5183
31.4760
32.4970
32.8839
33.4469
33.9708
34.0146
36.4256
36.2440
37.1108
37.1567
38.0351
38.8778
38.8307
39.2556
41.3221
40.7876
42.5024
43.4508
44.1578
41.9590
44.3611
46.4259
46.5307
47.3745
46.2690
48.5506
48.9830
50.7379
51.5748
51.3507
51.0158
52.7622
53.9106
54.8417
54.9003
57.2196
56.3791
58.1914
58.1914
59.9212
60.2968
61.4343
62.1374
62.2016
63.6274
66.0829
64.6803
65.9483
67.9217
67.7841
69.0307
70.7220
70.1545
72.8113
72.5201
74.2081
74.2823
76.7649
77.8396
77.8396
79.0840
80.5845
79.3978
82.0294
82.4349
82.8422
85.2408
87.3596
87.7031
86.5063
87.7031
89.9671
90.4088
91.3877
92.2863
92.4671
92.3767
94.7555
95.5927
96.6258
98.6286
99.7915
101.6609
100.1822
101.5617
104.0729
106.7517
106.9607
108.4355
108.9673
109.8239
110.2549
111.6677
112.1062
113.8787
115.2277
117.5141
115.7948
118.0934
119.3786
121.8747
120.9171
121.1557
121.7546
124.1826
124.5513
125.1687
127.4196
130.2326
130.1032
132.8509
129.4585
133.2488
133.9150
135.1237
137.7170
137.4414
137.4414
139.2447
139.9457
143.9480
141.7874
142.6471
146.5922
147.0385
148.9912
152.3671
149.4462
151.4374
150.5144
153.3037
158.5821
158.4189
154.2473
159.8950
156.9595
162.2249
162.2249
164.0851
163.4057
164.0851
159.0729
169.8275
172.1588
171.7975
171.0778
171.0778
172.7025
172.8842
172.1588
177.1318
179.0201
177.5074
182.2899
182.2899
184.2494
172.1588
183.6587
187.4418
186.6370
189.6785
190.5005
189.0650
192.7852
197.4642
192.9946
195.7455
201.1835
201.1835
202.9661
199.8602
205.2243
207.0552
208.9083
206.3661
207.0552
212.2054
210.3128
215.0882
215.5738
216.3051
215.8172
217.5314
221.2681
215.5738
222.7875
224.8360
223.8085
217.5314
224.8360
227.6953
230.8726
231.4082
229.8067
236.3073
235.2062
238.8116
237.9727
236.0313
241.0691
240.7853
241.6382
241.9235
247.4355
254.0439
246.8469
248.9156
250.4084
256.8203
254.6571
262.8272
257.1315
260.9086
260.9086
266.7264
266.7264
260.2735
264.4418
268.0448
269.0398
271.3827
272.3959
272.7348
273.7554
276.1587
274.4389
275.1249
282.4828
283.5576
281.0592
287.5506
283.9172
285.0001
287.9177
296.1741
293.5092
293.5092
293.5092
298.0998
298.0998
301.2203
304.3900
298.4872
301.6138
302.7989
299.6539
318.8675
308.4232
309.2395
312.1226
319.7261
320.5883
321.0207
322.3233
323.1962
327.1693
326.7242
330.7640
336.7365
335.3437
335.3437
328.9591
343.3563
333.9596
340.4948
339.5492
351.6696
340.9692
349.1922
384.2507
351.1720
358.7535
346.7419
356.7069
351.1720
358.2401
365.0046
359.2680
350.6754
368.1945
358.2401
372.5165
367.6599
366.5941
381.9709
371.4287
376.9191
380.8391
386.5522
377.4752
384.8240
370.8866
376.3643
381.4043
394.1855
387.7111
402.0620
392.4028
402.6783
405.1587
412.7490
406.4081
403.9154
418.5931
406.4081
428.6352
420.5709
433.4557
425.2450
432.7617
423.9010
425.9195
433.4557
443.3654
429.3185
492.0742
435.5487
449.1954
434.1516
457.4187
432.0695
451.4140
444.0874
458.9404
464.3323
455.1516
449.1954
458.9404
473.0186
465.8920
463.5556
472.2180
469.0374
458.9404
500.7602
469.0374
489.5172
481.9769
482.8051
506.9935
496.3856
487.8247
496.3856
493.7912
509.7049
510.6140
492.9313
506.9936
509.7049
523.6329
488.6697
512.4404
522.6845
540.2075
521.7393
524.5841
531.3245
525.5382
559.8068
548.3160
584.0546
549.3443
531.3243
558.7454
546.2698
542.2155
557.6874
569.5155
552.4481
564.0868
564.0868
575.0338
579.5143
564.0866
569.5155
608.9236
566.2476
622.6857
585.1992
594.4961
579.5143
571.7118
606.4775
595.6755
612.6247
611.3867
621.4126
595.6757
604.0483
613.8670
596.8596
592.1480
620.1439
621.4124
643.6852
631.7251
643.6849
623.9634
612.6247
631.7251
639.6551
661.6674
634.3495
654.6492
643.6849
656.0425
716.3286
585.1992
670.2634
668.8173
686.5374
653.2611
639.6551
656.0425
682.0312
679.0557
674.6346
700.3730
689.5705
709.8708
676.1027
698.8120
677.5764
732.9328
706.6801
680.5406
783.2356
726.2107
716.3286
744.9634
748.4648
708.2719
736.3350
732.9328
757.3467
787.0621
734.6304
750.2265
746.7105
750.2265
729.5581
804.6999
800.7200
788.9878
810.7360
783.2356
825.1386
816.8533
794.8154
802.7056
790.9219
800.7200
853.1320
804.6999
748.4648
783.2356
806.7027
812.7661
812.7661
848.7150
829.3373
840.0040
842.1667
835.7079
873.5253
871.2163
825.1389
880.5183
882.8717
857.5894
862.0892
850.9181
859.8342
894.8102
909.5249
864.3549
940.3000
857.5897
882.8717
912.0198
894.8102
880.5179
892.3994
875.8452
1029.2303
894.8102
894.8102
892.3994
932.4316
1004.8566
967.4175
956.4029
929.8353
1001.8837
973.0113
961.8816
967.4175
984.3768
978.6641
973.0113
1910.9374
950.9796
1004.8566
1048.2281
1026.1245
964.6423
1045.0176
1004.8566
1010.8509
1013.8725
1067.8762
987.2559
1023.0366
1081.3538
1112.8436
1051.4568
1084.7717
1071.2169
1041.8250
1051.4568
1105.7017
1001.8833
1061.2526
1081.3538
1054.7037
1061.2526
1064.5560
1088.2095
1081.3538
1112.8436
1138.5209
1116.4464
1127.3844
1067.8767
1071.2174
1071.2164
1299.3479
1161.4114
1435.8004
1084.7717
1105.7017
1181.1432
1105.7017
1214.0317
1185.1638
1112.8436
1173.1769
1185.1638
1127.3839
1142.2781
1185.1638
1061.2535
1214.0323
1134.7864
1197.3788
1134.7864
1266.6570
1231.1178
1209.8293
1248.6533
1262.1112
1253.1096
1285.1479
1244.2262
1120.0707
1231.1178
1299.3479
1222.5199
1304.1461
1231.1171
1285.1479
1374.9506
1380.2822
1280.4785
1323.6726
1116.4464
1380.2822
1262.1112
1385.6526
1313.8419
1299.3479
1364.4016
1253.1096
1262.1112
1354.0024
1257.5955
1218.2625
1413.1014
1280.4785
1601.7375
1407.5313
1328.6394
1396.5111
1313.8419
1418.7131
1359.1835
1407.5295
1435.8004
1364.4009
1413.1014
1424.3665
1424.3665
1489.4501
1501.8853
1540.3862
1374.9506
1294.5824
1483.3047
1402.0001
1407.5313
1396.5128
1435.8004
1527.3485
1501.8843
1483.3047
1495.6434
1615.9996
1508.1760
1580.7834
1623.2207
1477.2065
1483.3047
1501.8853
1435.8004
1441.5820
1623.2207
1714.8658
1675.5237
1623.2207
1630.5028
1615.9996
1418.7131
1567.0984
1652.7253
1441.5820
1418.7131
1435.8004
1540.3853
1520.9071
1675.5237
1608.8389
1514.5165
1615.9996
1675.5237
1731.0986
1645.2532
1601.7375
1573.9130
1623.2207
1616.0007
1567.0984
1407.5313
1862.7452
1764.4463
1772.9738
1608.8389
1872.1980
1825.8235
1722.9473
1825.8235
1772.9738
1807.8785
1601.7375
2272.0386
1781.5797
1706.8605
2082.4146
1764.4463
1608.8378
1739.3232
1637.8478
1722.9473
1853.3827
1825.8235
1901.1105
1910.9374
1772.9738
1706.8605
2094.1079
1881.7422
1816.8091
1901.1105
1862.7452
1660.2583
1652.7241
2036.8617
2205.2722
1834.9218
1816.8091
2070.8452
1706.8593
1910.9374
1910.9374
1834.9218
1514.5165
1920.8596
1971.9865
1853.3827
1993.1683
1910.9374
1527.3485
2003.9225
2014.7877
1731.0986
1825.8221
1982.5236
1807.8773
1308.9774
2014.7910
1790.2650
2166.9868
2285.8586
1941.0040
2154.5042
2258.3777
1304.1461
1844.1077
2014.7877
2272.0386
2129.9521
2014.7877
2082.4146
2231.5227
2285.8586
1834.9218
2166.9849
2218.3232
2231.5208
2036.8617
2154.5042
2105.9272
2025.7690
2402.4998
2142.1619
2094.1062
2205.2722
2299.8406
2299.8386
2231.5227
1920.8611
2244.8733
2205.2722
2036.8600
2328.3022
1930.8833
2205.2722
2258.3777
2433.4641
2285.8586
2025.7690
2082.4146
2070.8435
3635.0803
2036.8600
2082.4146
2166.9868
2205.2722
2179.6064
2179.6064
2313.9875
2514.3342
2465.2041
2328.3022
2231.5227
2205.2705
2342.7854
2218.3232
2179.6064
1862.7439
2299.8406
2192.3677
2258.3777
2218.3232
2548.1467
2313.9854
2313.9875
2166.9849
2082.4146
2036.8600
2142.1599
2342.7876
2272.0386
2655.0488
2285.8586
2465.2041
2548.1467
2449.2354
2449.2329
2285.8586
2192.3677
1731.0986
2328.3022
2548.1516
2402.4998
2449.2354
2481.3745
2673.7100
2372.2832
2481.3745
2750.9519
2655.0488
2497.7498
2770.9392
2433.4641
2731.2410
2417.8867
2231.5227
2465.2041
2514.3342
3010.8435
2272.0386
2372.2832
2791.2090
2342.7876
2941.5273
2433.4641
2711.8005
2791.2090
2481.3745
2770.9392
2791.2090
2731.2410
2673.7100
2770.9392
2875.2329
2531.1318
2565.3882
2655.0488
2811.7668
2514.3342
2655.0488
2750.9519
2514.3342
2655.0488
2987.3896
2791.2090
5042.1104
2673.7100
2750.9519
2811.7668
2618.4678
2811.7668
3010.8435
3010.8435
3503.6062
2941.5273
2941.5273
2514.3367
2811.7668
2750.9519
3535.5898
10498.8057
2692.6252
2036.8584
3133.6685
3133.6646
2811.7668
2964.2869
2205.2722
3010.8435
2711.8005
3034.6526
3851.3206
2941.5273
2711.8005
2711.8005
2692.6226
3472.1714
3704.4817
3108.3335
3535.5994
2832.6191
2897.0044
2964.2869
2919.1033
2875.2329
3159.4065
2897.0076
4051.6104
3083.3926
2919.1033
3010.8435
2964.2869
2853.7725
4009.9492
3410.9141
4681.8467
3159.4065
2832.6162
3083.3889
3058.8328
2941.5273
3108.3335
2919.1033
2919.1033
3058.8364
3185.5576
3058.8364
3381.0645
3108.3298
3212.1318
3568.1560
3472.1714
2231.5227
2964.2869
3212.1318
3851.3206
3212.1318
3535.5994
3159.4065
2964.2869
3239.1394
3635.0803
3159.4065
2692.6252
3108.3335
3776.5112
3058.8328
3034.6563
3239.1394
3472.1714
3889.8186
3381.0645
3503.5969
3159.4065
2811.7668
3381.0645
3034.6526
3704.4817
3239.1394
4009.9492
2636.6375
5386.6167
2531.1318
3034.6563
2770.9392
2655.0461
3601.3157
3381.0645
3351.7224
3669.4617
3441.2710
3635.0803
3108.3335
3568.1658
3601.3206
3601.3206
3889.8186
3851.3206
3776.5112
4418.0557
3108.3335
3535.5994
3568.1658
3159.4065
3322.8708
3704.4817
3381.0645
3441.2710
4094.1375
3851.3206
3133.6685
4273.3032
2673.7070
3535.5994
3322.8708
2853.7725
3351.7224
7534.7524
3410.9097
2897.0076
3851.3206
3601.3206
3351.7224
3740.1587
3889.8186
3535.5898
3669.4617
3601.3206
4572.7183
3635.0803
4738.3447
3669.4617
4137.5386
3351.7224
4572.7183
4181.8472
3133.6685
4051.6104
3108.3335
3704.4817
3635.0803
3568.1658
3776.5112
3740.1587
3929.0742
2014.7893
4520.0005
3601.3206
4009.9431
3568.1560
3635.0803
3441.2800
3929.0742
3776.5112
3410.9141
8680.7012
3929.0742
3535.5994
3635.0803
3503.6062
5107.5103
3266.5869
3381.0645
4094.1375
3185.5576
3776.5112
3776.5112
4051.6165
4368.7520
4181.8472
2285.8586
3851.3206
4051.6165
3740.1587
3441.2710
4273.3032
3568.1658
8319.6025
4051.6104
3568.1658
4009.9492
3929.0742
4181.8472
3776.5112
3851.3206
4572.7183
3704.4817
3969.1038
3441.2756
-13156.5195
4418.0557
-13586.5215
4181.8472
4009.9492
4572.7183
4519.9932
3441.2756
4009.9492
3740.1587
3351.7224
3568.1609
3704.4817
4094.1375
3472.1667
3669.4617
4273.3032
3813.5583
3568.1609
4368.7520
4273.3032
3266.5950
3889.8127
3851.3206
3635.0754
4227.0918
3813.5583
4137.5386
4094.1375
4094.1375
4738.3447
-15065.0967
4137.5386
3929.0742
3740.1587
4273.3032
4094.1375
4137.5386
3969.1038
4681.8467
4009.9492
3969.1099
3635.0803
4273.3032
3568.1658
4320.5122
3441.2756
4273.3032
4320.5054
4681.8467
4855.4438
4181.8403
4094.1375
-55709.7188
4796.1855
4572.7183
2791.2090
4137.5386
3535.5994
4273.3032
4978.3511
3889.8127
2750.9490
3503.6062
4520.0005
4320.5122
3969.1099
3776.5112
3929.0684
4418.0483
4273.3032
3535.5994
3776.5112
4978.3511
3851.3206
4468.4595
3704.4817
5243.4111
4051.6165
3889.8127
4978.3511
3472.1667
4572.7183
4181.8472
3410.9141
4009.9431
3669.4617
3635.0754
2497.7498
3851.3206
4273.3032
5386.6167
4137.5386
4855.4438
4094.1375
4273.3032
4094.1375
3929.0742
2417.8867
3568.1609
4227.0850
3889.8186
4227.0918
2964.2869
4094.1375
3969.1099
4738.3447
4468.4595
3740.1587
3740.1587
3601.3206
4009.9492
4051.6165
4181.8472
4094.1375
5042.1196
4227.0918
4137.5386
3740.1587
4137.5386
4368.7520
3635.0803
3535.5994
4520.0005
3776.5112
4626.6523
3441.2756
4009.9431
2791.2061
4094.1375
3704.4766
3704.4766
3776.5112
3535.5947
3472.1667
3535.5994
3740.1482
3322.8667
3568.1609
3568.1658
4626.6523
3969.1099
3212.1277
4227.0918
3929.0742
3969.1099
2531.1318
4368.7520
3601.3206
3601.3206
4681.8467
3472.1714
2875.2297
4320.5122
4137.5386
3568.1658
3740.1587
5174.5854
3776.5112
3601.3206
4227.0918
3813.5527
3108.3298
4227.0918
3635.0803
3704.4817
4181.8472
3704.4817
3535.5994
3601.3206
3503.5969
3568.1658
3535.5994
3669.4617
3535.5898
2832.6191
3929.0684
3535.5994
3535.5994
2964.2834
3635.0803
3503.5969
3669.4617
4094.1375
4320.5122
4320.5122
3472.1667
3704.4817
4273.3032
4227.0918
3568.1658
3239.1394
3212.1318
3889.8186
3535.5994
3889.8186
4137.5386
3351.7224
3381.0688
3133.6685
3669.4617
3159.4065
3601.3206
3441.2756
4051.6165
2853.7725
4094.1375
3969.1099
4320.5122
3601.3206
3351.7224
3929.0742
3351.7268
3212.1318
2692.6226
3601.3206
3239.1394
2919.1033
3322.8708
3410.9141
2941.5273
3381.0688
-14045.8809
3704.4817
3212.1318
2692.6226
1764.4463
3266.5908
3568.1609
3133.6685
3776.5112
3441.2710
3212.1318
2711.8005
3441.2710
3776.5112
2618.4705
4320.5122
2941.5239
2853.7725
2811.7668
3239.1394
2770.9392
3568.1609
3601.3206
4009.9492
3010.8398
3159.4065
3108.3335
3133.6685
3294.4976
3635.0754
3472.1667
2711.7976
3410.9097
3381.0645
3108.3335
2770.9392
2692.6226
2941.5273
2731.2410
2731.2410
3034.6563
2600.5430
3010.8435
2402.4998
2811.7639
3133.6685
2987.3896
2618.4705
2618.4705
2875.2329
4181.8472
3133.6685
2481.3745
3294.4934
2514.3342
2692.6252
2941.5239
2711.7976
2618.4705
2731.2410
3535.5994
2531.1343
2636.6375
2811.7668
3185.5576
3034.6526
2218.3232
3601.3206
2548.1467
3601.3206
3441.2710
2770.9392
2791.2090
2565.3855
2048.0708
3381.0645
2832.6191
3929.0684
3212.1318
2811.7668
2791.2090
2618.4705
2791.2061
2711.7976
2853.7725
2655.0488
2481.3745
3351.7224
2285.8586
2750.9519
2372.2810
2231.5227
3058.8364
2750.9519
2731.2410
2875.2329
2600.5430
2465.2041
2636.6375
2531.1318
2342.7876
2357.4446
2433.4641
2750.9519
2417.8867
2618.4705
2372.2832
2094.1079
2231.5227
2218.3232
2711.8005
3294.4976
2731.2410
2548.1467
1930.8818
2731.2410
2692.6252
1982.5236
3266.5908
2582.8503
2218.3232
2514.3342
2750.9519
2166.9868
2299.8406
2154.5042
2402.4998
2636.6348
2875.2329
2231.5227
2711.8005
2433.4641
2192.3677
2636.6375
2025.7690
1891.3793
2313.9854
2205.2722
2433.4641
2433.4641
2514.3342
2313.9875
2372.2832
2218.3232
2166.9868
2258.3777
1993.1715
2258.3757
2258.3777
2258.3777
2272.0386
2231.5227
2205.2722
2117.8745
2231.5227
8680.7012
2218.3232
2179.6064
2357.4468
2231.5227
2192.3677
2497.7498
2166.9868
2449.2354
2244.8733
1930.8849
2036.8617
2179.6064
2272.0386
2417.8867
2342.7876
2003.9257
2048.0708
1920.8611
2179.6064
1891.3778
2129.9521
2129.9521
2003.9257
2433.4641
2192.3657
1920.8611
1920.8596
2070.8435
2244.8733
2059.3979
2059.3979
2481.3745
1993.1683
1961.5570
1714.8682
2105.9272
1862.7452
2433.4641
2082.4146
2142.1619
1971.9865
2179.6064
2244.8733
1772.9738
2025.7657
1971.9865
1910.9374
1881.7422
2313.9875
1901.1105
2014.7910
1961.5555
2192.3677
1901.1105
1951.2290
2048.0708
1982.5236
1961.5555
1901.1105
1844.1077
1781.5784
2014.7893
1930.8833
1901.1105
2402.4998
1930.8833
1910.9374
1747.6219
1587.7106
1910.9374
1747.6219
1891.3793
1722.9473
1790.2650
1722.9473
1683.2544
1691.0538
1764.4449
1623.2207
945.6133
1739.3232
1675.5237
1747.6219
1660.2594
1862.7452
1645.2532
1764.4463
1853.3827
1764.4463
1706.8605
1580.7834
1764.4463
1587.7106
1637.8467
1722.9473
1667.8563
1667.8586
1772.9738
1652.7230
1623.2207
1901.1105
1807.8785
1645.2554
1520.9071
1755.9960
1580.7834
1553.6344
1683.2555
1844.1091
1608.8378
1652.7230
1739.3232
1580.7834
1514.5165
1891.3793
1706.8593
1755.9960
1630.5028
1546.9836
1587.7106
1540.3862
1601.7375
1471.1552
1623.2207
1608.8389
1477.2065
1637.8478
1553.6344
1533.8414
1645.2532
1418.7131
1304.1461
1477.2065
1608.8389
1477.2065
1424.3665
1601.7375
1435.8004
1453.2766
1580.7834
1501.8853
1441.5820
1385.6526
1441.5820
1359.1827
1441.5820
1435.8004
1514.5165
1413.1014
1318.7402
2129.9521
1407.5313
1343.7499
1402.0001
1333.6410
1441.5811
1430.0621
1359.1835
1275.8403
1385.6534
1253.1096
1266.6564
1343.7499
1374.9506
1318.7402
1275.8403
1323.6719
1248.6533
1244.2262
1308.9774
1299.3479
1328.6394
1123.7167
1257.5948
1116.4464
1235.4581
1177.1476
1304.1461
1201.5021
1257.5955
1181.1432
1218.2625
1127.3844
1266.6570
1165.3090
1239.8281
1214.0311
1153.6877
1123.7167
1161.4114
1205.6519
1189.2098
1146.0582
1138.5209
1161.4114
1197.3788
1138.5209
1077.9556
1146.0582
1138.5209
1123.7167
1134.7864
1077.9556
1091.6671
1077.9556
1131.0742
1138.5209
1045.0176
1019.9648
1127.3844
1071.2169
1091.6666
1138.5209
1098.6433
1057.9698
1016.9105
1013.8725
1016.9105
1084.7717
1102.1621
1013.8720
1016.9105
995.9856
1023.0366
1067.8772
1016.9105
1007.8452
1016.9105
973.0113
1001.8837
981.5125
940.3008
935.0412
1019.9652
1035.4927
959.1348
981.5129
940.3000
1007.8456
932.4316
993.0602
846.5228
987.2559
917.0463
990.1503
937.6639
1441.5820
953.6847
790.9219
937.6639
940.3000
904.5719
929.8353
932.4316
887.6125
882.8717
894.8102
912.0198
864.3549
887.6125
890.0002
902.1132
887.6125
907.0423
902.1135
825.1386
859.8342
844.3398
882.8717
802.7053
798.7432
814.8051
827.2331
829.3377
823.0533
887.6125
829.3377
775.6805
818.9106
727.8810
842.1667
812.7661
781.3347
808.7147
827.2334
751.9954
783.2356
792.8644
755.5555
771.9513
750.2265
751.9954
808.7150
750.2265
755.5555
750.2265
727.8810
751.9954
750.2265
751.9954
751.9954
736.3350
739.7651
751.9954
729.5581
677.5764
873.5253
680.5406
719.5963
691.0958
682.0310
668.8173
664.5114
677.5764
697.2565
664.5114
661.6672
623.9634
651.8781
636.9927
676.1027
654.6492
656.0425
665.9413
654.6492
670.2634
673.1721
651.8781
673.1721
621.4124
647.7588
621.4126
634.3495
610.1531
608.9236
611.3865
615.1136
612.6247
621.4126
613.8670
610.1529
613.8670
621.4126
594.4961
600.4356
590.9801
578.3884
554.5338
573.9229
558.7452
573.9229
582.9139
542.2155
550.3753
573.9229
567.3334
568.4227
547.2912
567.3334
551.4100
563.0116
548.3160
558.7454
539.2081
530.3527
514.2780
536.2288
510.6141
518.9202
523.6329
531.3243
530.3525
541.2100
512.4407
518.9200
524.5841
540.2075
511.5258
514.2778
511.5261
483.6357
499.8802
499.8802
492.0742
488.6697
483.6358
478.6872
475.4343
486.9820
499.8802
385.3987
476.2440
481.1510
473.0186
466.6750
469.0374
463.5555
461.2385
451.4140
458.1785
462.0088
456.6610
459.7043
446.2650
458.9404
441.9273
455.1517
446.9946
444.0874
434.8492
432.7617
429.3185
423.9010
429.3185
439.0737
418.5933
431.3791
423.9010
427.2739
421.2336
415.9794
425.9195
413.3918
408.9256
414.0363
395.3812
404.5363
399.6119
390.6328
401.4472
388.2926
394.7826
401.4472
394.1855
389.4599
392.4027
384.2507
379.7125
381.9709
385.3987
378.5912
384.2507
391.8113
378.5912
371.9720
368.7305
366.5941
368.1945
357.2169
352.6682
363.9510
351.1719
365.0046
360.3005
347.2299
352.1683
347.7188
343.8368
348.7000
341.4445
340.9692
344.8010
340.0215
340.0215
332.1279
327.1693
329.4089
333.9596
332.1279
332.5842
331.6722
323.6340
326.2799
313.7883
317.1606
317.5860
312.1226
320.5883
306.3966
307.2048
308.4232
306.8004
307.6102
306.8004
300.8275
303.5929
293.8877
297.7132
294.2670
296.9422
291.2534
292.3781
287.5506
282.4828
283.1987
283.5575
282.8404
282.1259
277.5459
280.7049
273.4146
277.1982
278.9434
270.7103
268.3759
266.3983
260.9086
266.7264
266.7264
260.9086
265.7437
261.2270
263.1490
261.2270
257.1315
258.0684
256.1996
253.1279
252.5200
252.5200
246.5533
250.7085
251.6119
247.4355
245.6758
245.9678
239.0921
243.0693
240.5019
239.0922
239.3732
237.9727
239.9366
241.6382
232.4845
232.4845
228.4839
228.7477
227.9578
226.1295
225.8700
226.1295
222.5333
221.5203
211.7301
219.5134
214.8459
211.7301
212.6822
210.5481
211.9676
211.9676
210.0778
205.9083
207.7475
203.1904
199.6408
202.9661
206.5955
203.1904
201.8495
199.2029
197.8970
198.1139
194.6814
193.8356
192.9947
191.7422
193.2044
190.0889
187.8459
188.6575
187.6437
185.0408
185.2394
184.6445
184.6445
181.1272
178.8301
179.4008
180.5494
172.5210
178.0727
173.0662
172.1588
169.4724
173.0662
166.8385
163.9149
168.7649
164.9394
166.6647
164.7681
162.7296
162.0571
160.7224
161.3880
165.6268
159.2369
157.1208
157.1208
153.3037
153.9320
152.9907
152.5227
153.4605
150.5144
148.3871
147.0385
147.9359
144.6768
145.9997
146.7408
142.5034
142.0733
142.6471
136.6182
142.3598
139.9457
138.9655
137.8551
137.5791
135.5294
136.4815
134.9888
132.3225
132.0592
131.6653
129.2017
130.7515
129.4585
126.4137
126.5389
125.6650
126.4137
123.3267
121.8747
121.9950
122.7194
120.4414
122.2359
115.7948
118.2096
117.8613
116.1365
114.8889
115.1146
113.5441
112.2161
111.8867
113.0996
110.3629
107.9064
107.8009
107.4850
107.2750
105.9200
104.4805
104.8897
103.1617
102.7593
103.2625
102.0589
101.7603
98.9181
99.8891
97.3840
97.0990
97.9565
96.7202
95.6862
94.3857
94.6629
93.1935
93.1024
91.6564
90.8525
89.7910
90.2318
79.1624
87.4454
86.9320
86.0825
85.7449
84.2407
84.3236
83.4155
82.6791
81.5452
81.8677
82.1104
80.1080
80.8237
78.3819
78.3819
77.9942
76.2324
75.3270
75.9295
74.7285
74.2081
73.6909
74.5795
73.5437
72.0128
71.0072
70.1545
69.3803
68.8217
69.5206
67.5781
66.7592
66.4204
64.8792
65.0121
64.4158
64.4818
61.9450
61.8810
60.8003
61.6892
60.3596
61.0533
58.1303
59.9212
58.1914
58.3137
56.6783
57.0388
56.0216
56.5585
55.6658
54.0263
54.8417
53.6219
53.1622
53.0477
51.7996
50.9602
49.4179
50.2401
50.1300
49.6363
48.9830
49.3633
48.1207
47.3214
46.7933
46.9514
46.2168
46.1124
45.6447
44.7694
44.2594
43.7025
43.6018
43.0999
42.1561
42.4528
41.9590
42.3538
41.2733
41.4197
40.6426
39.5879
40.0174
39.2082
39.0192
38.0817
38.3149
38.6427
37.3407
37.6176
36.0629
36.1987
35.7922
35.5675
35.6124
34.0146
33.9708
33.5339
33.4469
33.2732
32.8408
32.4113
32.3257
31.6874
31.9845
30.8877
31.0553
30.6372
30.9714
30.5539
29.8501
30.0563
29.2762
29.9737
28.7074
28.2237
27.8634
27.7437
31.1392
27.0305
25.0903
27.2673
26.7552
27.0305
26.4421
26.4812
26.3641
25.8979
26.3251
24.9757
26.0529
25.4735
25.7819
25.0521
25.5505
