44.8718
45.5412
46.3736
46.7407
47.4806
49.0372
49.6363
51.0158
51.6309
51.7996
53.3342
54.2584
55.1350
55.9622
56.6183
58.0693
58.2525
59.4231
58.9898
61.0533
61.8810
61.7531
63.4315
66.2852
65.0121
66.2177
66.3528
68.4051
69.3803
69.3803
71.0072
71.7963
71.1501
73.9861
73.1035
73.1035
76.6886
77.7624
76.7649
77.9942
80.8237
75.7785
80.8237
80.4254
82.9239
84.3236
84.6561
86.5063
87.0174
87.9616
89.7031
89.6153
90.2318
91.1197
91.6564
92.9205
94.8482
94.9409
99.5968
98.4361
98.8215
99.6941
99.6941
100.6727
100.6727
101.7603
103.1617
106.2311
105.8165
108.4355
107.1701
108.2236
111.3400
111.0132
112.4363
112.4363
115.2277
116.1365
115.6811
116.9380
118.4424
120.3228
119.9678
120.2043
121.0364
124.6746
122.7194
125.9140
126.2886
125.7895
129.8449
127.9259
129.8449
130.3621
131.4035
134.5849
134.9888
135.1237
134.1825
136.4815
138.4090
138.1317
139.1050
140.2272
139.8052
142.9350
143.6577
144.5307
147.6361
149.2944
147.1876
149.2944
151.2831
150.2083
151.2831
152.3671
154.4053
153.4605
152.9907
155.6760
157.1208
156.1558
161.5550
160.3908
161.3880
162.8983
164.0851
165.2827
165.4547
165.9719
165.6269
172.1588
168.0612
180.3573
170.8985
172.7025
172.7025
172.3398
172.3398
172.3398
177.6956
176.9444
177.6956
179.5916
181.1272
183.6587
183.0705
179.2103
186.2363
185.4382
182.0955
190.2945
186.0363
189.6785
190.5005
192.5760
194.4695
196.1734
194.2579
194.8936
194.8936
196.3877
197.4642
198.3310
196.8174
200.9621
200.7411
201.6271
199.6408
204.0910
206.8252
206.5955
208.4429
210.0778
210.5481
211.7301
205.6799
213.1604
210.5481
216.0609
216.7945
215.5738
219.5134
226.1295
213.6401
221.0163
215.8172
221.5203
224.8360
224.5785
224.5785
224.3215
222.5333
224.3215
226.6498
221.2681
227.1717
231.1402
231.9455
232.7547
233.0253
236.3073
232.4845
242.7821
232.7547
241.0691
239.6547
243.6451
245.3842
233.8398
240.5019
240.7853
247.1409
245.6757
241.0691
242.4954
252.5200
241.0691
251.3103
257.1316
250.7085
255.5810
253.4327
249.8097
254.3502
254.3502
260.9086
256.8203
251.6119
248.9156
261.5459
260.9086
265.4174
251.6119
262.5061
260.9086
265.7437
260.5908
272.7348
267.7143
270.3750
271.0462
271.3827
270.7103
278.2433
271.3827
275.1249
283.1986
274.0969
281.4141
276.8510
278.5930
277.5459
289.3932
279.2944
277.8943
286.4533
285.7253
282.4828
289.0233
290.1351
307.6102
296.5578
287.1842
297.3273
292.0024
288.2855
297.7132
300.8276
291.6276
297.3273
295.0276
298.0998
298.0998
303.1955
296.9422
286.8184
304.3900
299.6541
303.9910
300.8276
308.0163
306.3966
307.6102
307.6102
308.0163
306.8004
308.4232
319.7261
317.1606
315.0465
311.2947
324.0727
320.5882
313.7883
320.5882
317.1606
307.6102
321.0207
316.7361
324.9529
324.9529
331.6724
330.7640
331.2177
323.6339
335.8069
332.1277
334.4200
333.9596
335.3437
333.9596
335.8069
343.3563
335.3437
335.3437
341.4445
345.2846
335.8069
346.7420
346.7420
347.2299
348.7000
350.1798
343.8369
344.3184
345.2847
351.6695
350.1798
356.7069
339.5492
358.2401
350.1798
347.2299
358.2401
360.3005
339.5492
353.6711
359.2680
365.5332
363.9510
364.4772
360.8184
361.8579
367.1264
375.2586
367.6599
366.5941
365.0046
375.8108
423.9010
376.3643
377.4752
377.4752
376.9190
375.2586
379.1512
371.9720
374.1580
382.5389
375.8108
379.1512
380.2751
388.2927
382.5388
379.1511
382.5389
383.1081
387.1310
422.5639
391.8113
387.7111
390.6328
391.8113
399.6119
397.7899
399.6119
399.6119
395.3812
392.9955
410.8301
402.6783
391.8113
395.3811
402.6783
402.6783
407.0352
403.9155
398.3957
411.4680
405.1587
411.4681
403.9155
404.5363
427.9536
415.9793
410.1937
408.2939
421.8979
423.9010
408.2939
411.4681
417.9372
414.6823
425.9195
421.2336
423.9010
414.6823
427.2739
428.6352
430.0036
422.5639
421.2336
421.2336
423.2316
434.1516
430.6904
419.9100
429.3185
427.2739
429.3185
441.9273
430.6904
411.4681
439.7842
457.4186
439.0737
448.4597
436.2500
444.8113
440.4967
436.2500
434.8492
436.2500
437.6581
455.1517
446.9945
446.2648
438.3650
438.3650
441.2111
450.6725
444.0874
440.4967
454.4001
452.9030
458.9404
462.0088
457.4186
458.9404
456.6610
444.0873
463.5556
455.1517
466.6750
456.6610
465.8920
456.6610
462.0088
452.9029
469.0374
445.5370
473.8216
466.6750
460.4704
452.9029
469.8292
469.8292
457.4187
474.6268
473.8216
479.5061
476.2440
462.0088
470.6232
470.6232
483.6358
481.9769
475.4343
463.5556
483.6358
481.9769
492.0742
500.7602
473.8216
491.2194
485.3042
488.6697
490.3670
505.1995
482.8051
494.6535
493.7912
492.0741
494.6535
507.8947
490.3669
488.6696
496.3854
495.5183
507.8947
498.1277
512.4404
498.1277
503.4159
495.5183
513.3579
519.8570
507.8947
514.2781
499.8802
496.3856
528.4180
524.5841
508.7984
537.2189
522.6846
520.7967
512.4406
545.2513
517.9861
525.5382
536.2288
527.4551
533.2771
542.2155
536.2287
555.5816
538.2120
573.9229
534.2578
535.2419
555.5816
533.2771
553.4891
523.6329
536.2287
550.3756
552.4481
541.2098
560.8716
554.5338
556.6328
592.1480
535.2417
557.6874
547.2912
549.3440
573.9229
571.7118
558.7454
571.7120
586.3477
590.9801
565.1655
560.8716
578.3885
576.1483
592.1482
582.9139
571.7118
586.3475
577.2666
569.5155
590.9801
590.9801
567.3333
660.2533
571.7118
571.7120
593.3203
589.8162
589.8162
584.0546
595.6759
615.1136
590.9801
590.9801
592.1480
590.9801
622.6857
617.6199
611.3867
607.6983
658.8445
588.6559
630.4200
608.9236
612.6247
607.6985
599.2396
563.0114
601.6355
604.0483
594.4961
594.4957
635.6687
615.1136
613.8670
691.0958
753.7717
645.0381
626.5320
645.0383
650.5001
636.9927
631.7251
629.1194
633.0350
656.0425
638.3215
629.1193
658.8445
657.4409
636.9927
643.6849
656.0425
665.9413
643.6852
647.7590
653.2609
651.8781
646.3963
664.5114
676.1027
638.3215
663.0867
668.8173
670.2634
663.0867
653.2611
679.0557
653.2609
660.2533
673.1721
677.5764
673.1721
670.2632
657.4409
673.1721
661.6672
674.6346
701.9404
661.6672
658.8445
691.0958
692.6271
691.0958
701.9404
679.0557
673.1721
679.0557
663.0867
679.0557
689.5703
703.5144
700.3735
698.8117
711.4756
692.6271
722.8900
724.5471
708.2723
729.5581
695.7076
738.0463
676.1025
732.9328
734.6304
694.1642
743.2235
709.8708
708.2723
697.2565
783.2356
697.2568
689.5705
727.8810
726.2107
727.8810
871.2163
731.2418
731.2421
746.7105
743.2233
739.7651
732.9328
739.7649
722.8902
743.2233
788.9878
753.7717
739.7651
736.3350
732.9328
727.8810
753.7717
751.9954
724.5471
738.0466
727.8810
779.4420
741.4905
750.2265
729.5579
746.7103
785.1447
862.0892
785.1447
785.1444
792.8644
794.8154
790.9219
773.8119
812.7661
785.1447
777.5573
842.1667
855.3557
812.7661
787.0621
781.3344
806.7030
794.8154
654.6490
790.9216
885.2364
835.7083
790.9216
840.0040
827.2334
833.5751
1391.0621
827.2334
816.8533
814.8048
840.0040
806.7030
833.5751
831.4515
818.9103
840.0043
842.1671
842.1671
812.7661
871.2163
942.9495
800.7200
864.3549
842.1667
864.3549
743.2233
844.3398
882.8717
829.3373
816.8530
840.0040
864.3546
840.0040
840.0040
880.5183
658.8445
848.7157
907.0423
868.9183
868.9183
873.5249
850.9188
887.6125
866.6312
904.5719
878.1761
889.9998
894.8098
922.1235
914.5270
914.5270
853.1320
880.5183
899.6672
917.0467
875.8448
917.0463
899.6672
919.5789
914.5270
902.1132
897.2328
937.6639
904.5715
922.1238
892.3990
975.8303
917.0467
914.5266
956.4029
919.5786
912.0198
922.1238
894.8102
919.5789
899.6672
948.2900
887.6122
924.6815
935.0412
942.9499
922.1238
1001.8837
995.9856
940.3008
1032.3529
937.6639
950.9804
1004.8566
998.9268
973.0113
990.1503
959.1352
950.9804
993.0602
998.9268
973.0113
981.5129
785.1447
1077.9556
1061.2526
981.5129
978.6641
993.0597
978.6641
1013.8725
932.4321
1007.8452
1010.8509
987.2559
1010.8509
981.5129
990.1498
1026.1250
1007.8456
1032.3529
1051.4568
1045.0176
950.9804
1032.3529
1019.9652
990.1498
1010.8505
1029.2303
1035.4927
1032.3529
1424.3665
1064.5560
1032.3529
1045.0176
1045.0176
1064.5560
1477.2065
1048.2281
1077.9556
1123.7167
1091.6671
1102.1621
1077.9556
1029.2303
1057.9698
1109.2616
1051.4568
1064.5560
1112.8436
1095.1450
1038.6495
1248.6533
1123.7167
1120.0707
1067.8767
1001.8837
1095.1450
1197.3788
1088.2095
1091.6666
1084.7717
1157.5377
995.9856
1123.7167
1120.0707
1131.0742
1116.4464
1157.5377
1123.7167
1105.7017
1134.7864
1131.0742
1131.0742
1127.3839
1081.3538
1146.0576
1173.1769
1131.0742
1197.3788
1189.2098
1112.8431
1181.1432
1189.2098
1189.2098
1185.1638
1165.3090
1239.8281
1189.2098
1205.6531
1262.1112
1071.2174
1181.1432
1201.5021
1177.1476
1205.6519
1214.0323
1244.2262
1218.2625
1165.3083
1271.2333
1181.1432
1231.1171
1248.6533
1248.6533
1218.2618
1318.7402
1239.8281
1181.1432
1222.5199
1235.4587
1313.8419
1218.2618
1197.3788
1257.5955
1209.8286
1222.5199
1299.3479
1197.3788
1280.4785
1266.6570
2692.6252
1120.0707
1271.2333
1239.8281
1313.8419
1354.0024
1318.7402
1285.1472
1418.7131
1226.8042
1271.2333
1328.6394
1239.8281
1441.5802
1235.4587
1308.9774
1385.6534
978.6641
1235.4581
1299.3472
1354.0024
1116.4464
2142.1619
1328.6387
1374.9506
1231.1178
1348.8580
1380.2822
1313.8419
1318.7402
1369.6580
1413.1014
1380.2822
1077.9556
1374.9498
1318.7402
1418.7131
1407.5295
1407.5295
1453.2766
1396.5128
1380.2822
1459.1908
1402.0018
1447.4072
1304.1461
1407.5313
1430.0621
1323.6726
1413.1014
1430.0621
1435.8004
1364.4009
1430.0613
1380.2831
1407.5313
1483.3047
1430.0613
1413.1014
1546.9836
1402.0018
1495.6434
1527.3485
1396.5128
1441.5811
1318.7402
1430.0621
1418.7131
1483.3047
1471.1552
1520.9071
1424.3665
1424.3656
1396.5128
1413.1014
1594.6951
1465.1493
1615.9996
1407.5313
1567.0984
1435.8004
1527.3485
1630.5028
1546.9836
1495.6434
1514.5165
1616.0007
1567.0984
1567.0974
1527.3485
1553.6344
1560.3391
1560.3391
1573.9130
1546.9836
1594.6951
1608.8389
1471.1552
1580.7834
1354.0017
1477.2065
1623.2196
1441.5820
1441.5811
1374.9506
1514.5165
1527.3485
1489.4501
1380.2822
1483.3047
1471.1552
1407.5313
1587.7106
1396.5120
1447.4072
1402.0018
1483.3047
1385.6534
1453.2758
1280.4785
1471.1543
1239.8275
1374.9498
1424.3665
1424.3665
1328.6394
1495.6434
1380.2831
1364.4009
1391.0630
1514.5165
1402.0018
1447.4072
1364.4016
1374.9506
2070.8435
729.5581
1318.7402
1430.0621
1359.1835
1430.0621
1338.6777
1424.3665
1435.7996
1354.0024
1299.3472
1333.6410
1257.5948
1402.0010
1418.7123
1318.7402
1413.1014
1343.7499
1380.2822
1328.6387
1413.1014
1364.4016
1333.6410
1333.6403
1333.6403
1402.0018
1280.4785
1328.6387
1374.9506
1294.5824
1333.6403
1402.0018
1333.6410
1285.1479
1338.6777
1313.8419
1271.2333
1359.1827
1333.6410
1385.6526
1313.8412
1271.2327
1299.3479
1318.7402
970.2071
1318.7402
1441.5820
1338.6777
1313.8419
1266.6570
1508.1760
1248.6533
1294.5824
1299.3479
1239.8281
1271.2333
1248.6533
1239.8275
1280.4785
1308.9767
1338.6777
1181.1426
1239.8281
1257.5955
1304.1461
1262.1112
1280.4785
1244.2262
1244.2262
1318.7402
1275.8403
1262.1112
1328.6394
1222.5199
1169.2307
1374.9506
1253.1083
1026.1250
1231.1171
1169.2301
1209.8293
1081.3538
1244.2262
1064.5560
1226.8048
1185.1638
1173.1769
1214.0311
1313.8419
1257.5955
1257.5955
1169.2307
1205.6519
1173.1769
1127.3844
1214.0317
1123.7161
1299.3479
1161.4114
1193.2814
1257.5955
1153.6877
1105.7012
1134.7864
1142.2781
1201.5028
1120.0702
1131.0742
1193.2814
1189.2098
1235.4587
1173.1769
1197.3788
1169.2307
1120.0707
1109.2616
1091.6666
1161.4114
1102.1616
984.3768
1131.0742
1173.1769
1157.5377
1120.0707
1116.4464
1120.0707
1098.6433
1112.8436
1102.1616
1102.1621
1153.6877
1120.0707
1084.7712
1181.1432
1112.8436
1120.0707
1123.7167
1105.7017
1001.8833
1088.2095
1088.2089
875.8452
1016.9105
1142.2781
1054.7041
1098.6428
1054.7037
1134.7864
1138.5209
1091.6671
1013.8725
1019.9648
1088.2095
1057.9689
1077.9556
1013.8725
942.9503
1127.3844
1098.6433
1041.8250
1369.6571
1098.6433
1013.8725
1142.2781
1116.4464
1088.2084
1007.8456
990.1503
1054.7037
998.9268
1102.1621
1004.8566
1074.5769
1019.9652
1007.8456
975.8303
924.6815
1048.2281
1120.0707
1061.2526
633.0350
973.0113
967.4175
1061.2535
959.1352
1013.8725
984.3763
1026.1250
995.9856
1016.9105
973.0113
1013.8725
1010.8509
1001.8833
1032.3524
959.1352
1007.8452
975.8303
950.9804
899.6672
975.8303
956.4029
1064.5551
978.6641
937.6639
935.0412
922.1238
978.6641
927.2519
1004.8566
922.1238
864.3549
927.2519
950.9804
973.0113
948.2900
975.8303
882.8713
878.1758
940.3000
967.4171
937.6639
919.5789
850.9188
924.6815
857.5894
878.1761
885.2364
942.9495
912.0194
880.5183
885.2364
914.5266
937.6639
798.7432
912.0198
887.6122
917.0463
904.5719
927.2519
859.8342
878.1761
909.5245
862.0892
866.6309
868.9183
875.8452
873.5253
880.5183
909.5249
857.5897
853.1320
857.5894
823.0533
887.6125
844.3401
862.0892
709.8708
850.9188
882.8717
848.7157
850.9188
840.0040
866.6312
842.1671
846.5228
831.4512
871.2163
862.0892
850.9188
853.1320
871.2163
794.8154
814.8051
848.7150
814.8051
837.8516
820.9773
848.7157
827.2334
796.7747
744.9632
816.8533
833.5751
792.8641
806.7030
785.1447
788.9875
796.7750
804.6999
777.5570
794.8154
859.8339
766.4167
777.5570
806.7030
689.5705
790.9219
794.8154
781.3347
812.7661
787.0621
746.7105
739.7649
746.7103
755.5555
796.7750
701.9406
755.5555
746.7103
743.2235
738.0466
731.2418
729.5581
734.6304
755.5555
739.7649
753.7717
744.9634
716.3286
726.2107
744.9634
753.7717
709.8708
665.9411
709.8708
724.5471
703.5144
731.2421
736.3350
685.0296
713.0869
722.8902
714.7045
743.2235
694.1642
695.7074
717.9592
711.4756
703.5139
695.7074
639.6551
692.6271
691.0958
711.4756
692.6271
671.7148
697.2565
679.0557
688.0510
685.0296
694.1642
663.0867
677.5762
651.8781
657.4409
674.6346
688.0510
636.9926
683.5276
650.4999
674.6346
643.6849
602.8399
639.6551
677.5764
654.6492
642.3369
658.8445
630.4200
638.3215
615.1134
646.3963
658.8445
651.8781
621.4126
617.6199
631.7251
627.8235
616.3646
630.4200
650.5001
1057.9689
598.0476
630.4200
629.1194
626.5323
626.5323
618.8797
627.8235
599.2396
593.3201
602.8399
599.2396
596.8597
576.1483
584.0546
601.6357
610.1531
626.5323
578.3885
589.8162
578.3885
587.4999
585.1992
584.0544
578.3885
599.2396
604.0480
577.2666
588.6561
588.6561
593.3199
576.1483
584.0546
559.8066
572.8154
571.7120
558.7452
585.1992
575.0338
646.3963
564.0868
569.5154
573.9227
557.6873
553.4893
556.6328
542.2155
516.1265
535.2417
526.4951
538.2118
530.3527
556.6328
549.3440
544.2362
541.2100
547.2912
555.5816
520.7967
532.2991
542.2155
544.2361
517.0549
538.2120
525.5382
523.6329
520.7966
520.7966
511.5260
522.6846
510.6141
528.4180
530.3527
530.3527
502.5281
507.8947
520.7967
568.4227
520.7966
496.3856
515.2009
517.0549
504.3062
494.6535
498.1277
501.6429
479.5060
538.2120
482.8051
491.2194
481.9769
492.0741
473.8216
499.8802
492.9315
486.9821
468.2477
487.8246
471.4195
474.6269
472.2180
461.2385
452.9030
479.5061
468.2477
467.4602
449.9330
474.6268
467.4603
463.5556
464.3323
459.7042
455.1517
460.4704
441.2111
446.2649
456.6610
448.4599
445.5370
452.1575
444.0874
441.2111
443.3654
450.6725
440.4967
434.8492
422.5638
439.7843
432.0695
444.8113
436.2500
435.5486
435.5487
434.1516
422.5639
421.8979
415.3300
416.6303
423.9010
417.9373
414.0362
425.2450
410.1936
406.4081
429.3185
408.2939
407.6637
423.2316
412.1077
418.5931
412.1077
405.7827
402.0620
405.1587
398.3958
403.2961
403.2961
402.6783
400.2222
399.6119
383.1081
389.4599
388.8756
400.8340
392.4027
389.4599
385.3986
386.5522
385.3987
384.8240
381.4043
376.9190
380.8390
386.5522
380.8391
387.1310
376.9191
380.2751
375.8108
371.4286
374.7076
371.4285
372.5165
368.1945
360.3004
367.6599
363.4259
362.9021
364.4772
362.9021
360.3005
365.0046
358.2401
350.1800
352.1682
348.7000
355.6905
352.6682
347.2299
348.7000
361.3375
348.7000
333.5002
345.7693
352.6682
348.7000
341.4445
337.6701
344.8010
344.3184
341.9210
340.9692
335.3437
356.7069
330.7640
328.5102
329.8597
329.4089
328.5103
334.4199
327.1693
328.5103
321.8882
321.0207
322.3233
321.4539
324.5123
319.2963
312.5378
318.4394
312.5378
322.7593
312.5378
310.8820
308.0163
309.2396
308.4232
311.7083
305.9937
302.7989
305.9937
300.0445
312.9538
298.4872
298.4872
296.5578
297.7132
305.9937
284.6384
296.9422
311.7083
293.1314
287.5506
289.0233
294.6469
301.6138
291.6276
285.0001
292.3781
282.1259
290.5072
283.1986
285.3624
282.1259
282.8404
278.2433
278.9433
272.3959
276.5045
277.1982
275.8134
271.0462
270.7103
272.0576
256.1996
266.7264
272.0576
264.7664
271.7198
264.7664
282.4828
268.0447
265.7437
260.5908
260.2736
260.2736
260.5908
261.8654
262.1855
260.2736
251.9141
254.0439
253.7380
253.1279
249.2132
254.0439
251.6119
247.7305
248.6186
246.8469
245.6758
243.3569
243.3569
252.8237
245.3841
244.2228
244.5124
237.9727
242.2092
235.4808
234.9320
233.0253
236.8606
239.3732
236.5837
225.8700
235.4808
231.9455
234.6583
230.8726
229.0118
229.0118
231.4081
227.4333
226.3894
216.7945
220.5137
223.0421
231.6766
219.5134
221.0163
221.7730
220.0128
218.5193
215.8172
216.5495
216.0609
213.8805
214.6040
210.7838
212.2054
207.9790
211.2562
208.9083
207.9790
207.0552
206.3660
203.1904
205.9084
201.6272
202.9661
202.2952
201.1835
203.4151
199.8602
198.1138
197.0327
195.7456
197.6805
195.7455
194.0466
195.7455
193.6249
190.9132
191.1200
189.0650
189.6785
194.4695
189.2692
187.0388
188.2511
186.8378
185.2394
186.4365
183.8553
182.2899
180.7417
182.0955
182.8749
179.2103
180.1654
172.8842
179.5916
171.4371
177.6956
171.9780
171.6172
171.0778
171.9780
171.9780
169.4724
168.0612
169.6498
170.1835
165.2827
165.6268
164.0851
165.9719
164.5970
162.7297
160.7224
161.2213
158.7455
161.2213
158.4189
159.7302
162.2249
155.9957
156.4767
156.4767
155.0391
153.4605
153.4605
153.1471
151.9014
155.9957
150.3613
149.5983
148.9912
145.7045
144.0934
145.4100
148.5379
144.5307
144.9696
140.3682
143.0791
142.2165
142.0733
139.5246
138.4090
138.9655
138.8262
136.7550
138.4090
136.0725
135.8007
133.5148
133.3817
133.1160
134.3165
128.5620
132.0591
132.4543
128.6897
128.8174
127.9259
129.2017
127.0413
126.1636
125.0450
125.2926
122.5983
123.6927
123.3267
121.9950
122.5983
120.0860
119.3786
119.2611
115.9085
119.2611
117.3987
118.4424
119.0265
114.7761
114.7761
114.6636
113.7671
113.5441
112.7675
113.7671
111.5583
111.6677
109.7165
108.6479
108.4355
108.5417
107.1701
105.1977
105.5066
104.6849
104.3784
104.1746
104.1746
101.5617
100.2801
101.8597
102.1587
98.9181
101.4625
99.0148
97.9565
97.6698
97.4792
97.1939
95.4993
95.3128
96.0609
93.5588
92.8296
91.6564
92.1961
90.4973
90.1435
90.2318
89.0026
89.4398
88.6544
83.4155
87.6171
86.7615
86.1671
84.9062
85.3246
84.3236
84.5728
84.4066
82.9239
82.4349
82.0294
81.6257
80.4254
80.1872
79.7917
80.1080
79.0840
79.3978
77.3774
78.1491
76.6886
76.0052
75.4021
75.3270
73.4702
74.1341
74.0601
73.9122
72.7384
72.1575
72.3023
72.3749
70.2960
70.5088
70.0838
69.1005
68.3359
67.3727
68.5437
67.4411
67.3043
65.5458
66.5557
66.6235
65.0786
64.7465
64.2180
61.9450
61.9450
62.0091
62.0732
61.8810
61.6254
61.1801
60.9267
59.7964
60.2968
59.0516
59.1134
58.5589
57.7648
58.2525
58.6203
57.2196
56.4388
56.3791
56.0811
55.5475
55.2526
54.7832
54.2003
53.7949
53.6219
53.3342
53.0477
53.1049
52.0250
51.4627
52.3644
50.4610
50.4610
52.2511
49.9650
49.8005
49.5816
49.6363
49.0372
48.1207
48.0137
48.2817
49.2001
46.8986
46.8986
46.4259
46.6356
46.0603
46.2168
46.1124
44.4630
45.4378
44.8718
44.3611
44.5140
44.4120
43.7530
43.3003
43.7530
42.9002
43.1500
42.4528
42.7010
42.1561
41.5174
41.7133
41.8115
42.9002
43.3002
43.3504
44.0058
44.4120
45.0258
45.1286
45.8003
46.5307
46.4259
47.9067
48.1743
48.4967
48.7665
49.6363
50.8489
51.1831
53.1049
51.4627
51.5187
53.1622
53.7372
54.4329
55.7250
56.0811
57.4009
57.5220
58.4362
57.9473
58.8049
59.0516
59.9212
61.6892
61.2436
61.6892
63.9550
63.3663
65.7468
66.1503
66.0155
68.4744
67.9217
69.5908
69.7313
70.7932
71.0072
71.9406
72.5201
73.1767
73.9861
76.7649
74.8777
77.1472
76.9176
77.8396
79.3978
81.0636
81.4648
81.4648
81.2238
82.1104
83.0056
85.6607
84.4897
85.9980
87.0174
88.1343
89.4398
90.2318
90.5860
89.6153
91.5667
92.6482
95.1267
94.8482
95.4060
96.1548
96.9094
97.7653
97.5745
100.5744
100.1822
101.3634
103.8697
102.8597
104.7872
104.8897
108.2236
108.4355
108.3295
109.9315
109.2877
112.7675
112.4363
114.3265
115.1146
117.2833
116.0224
116.4792
118.0934
118.4424
119.9678
120.7980
121.3949
123.5706
125.6650
124.1826
124.9214
127.0413
127.9259
128.1799
129.0734
130.1032
128.6897
130.3621
132.3225
132.0591
133.7814
135.1237
136.4815
137.1663
138.4090
141.2177
140.6507
142.6471
141.9303
142.7909
143.2236
144.8231
148.5379
149.5983
147.3369
149.5983
152.8345
151.1290
151.7465
153.9320
153.3037
155.9957
156.7984
157.6061
158.7455
157.4442
160.2253
161.3880
161.5550
160.7224
163.7449
166.3179
164.5971
167.0125
166.4912
167.7107
168.9414
168.9414
171.9780
172.7025
172.1588
172.3398
171.6172
180.9343
178.0727
181.3203
180.1655
180.5494
180.1655
183.8553
184.8425
185.8367
185.2394
188.0484
193.8356
193.2045
189.6785
189.0650
194.2579
194.8936
194.8936
194.8936
195.1061
195.9593
188.2511
201.8495
201.8495
201.1835
202.5185
202.5185
209.1415
204.3170
206.5955
205.6800
201.6272
208.2108
208.6754
209.6089
214.3625
213.1604
211.9675
211.7301
220.5137
217.0397
215.5738
219.7629
223.5526
219.2643
227.6954
223.5526
229.2763
228.4839
224.8360
226.9105
226.6498
228.4839
233.0253
231.1402
233.2963
234.1121
237.4157
237.6940
229.5413
238.5315
236.8606
239.0922
241.9235
241.6382
244.2228
245.0931
241.6382
248.9156
251.6119
250.1088
247.7305
248.0260
250.7085
252.8237
254.6571
257.1315
255.8900
259.9569
255.2725
249.8098
257.4433
261.2270
257.1316
257.4433
260.2736
254.0439
261.2270
261.2270
274.0969
264.4418
270.0403
268.7075
281.7696
273.4146
273.0744
282.4828
272.0576
279.6460
286.4534
278.5930
281.7696
283.1986
285.3624
285.7253
282.4828
287.9177
289.3932
299.6540
280.3513
293.8877
294.2670
290.5072
295.0276
297.3273
312.9538
296.5578
299.2644
289.0232
300.4357
298.8755
297.3273
308.4232
304.7897
305.5916
303.1955
307.2049
304.7897
307.2049
308.8310
307.2048
312.1226
310.8820
318.8675
305.5916
320.1567
318.0122
320.5882
309.6490
318.4395
320.1567
327.1693
322.3233
324.5123
334.4200
335.8069
323.1962
334.4200
333.0418
339.0779
332.1278
333.9596
339.0779
341.4445
346.7420
340.9692
344.3184
343.3563
349.1922
356.1982
343.8369
358.7535
349.6855
348.2089
354.1743
345.2846
356.7069
368.1945
363.4259
360.8184
356.1982
362.3794
367.1264
362.9021
364.4771
370.8865
369.2676
373.6096
366.5941
374.1580
368.7305
380.8391
414.0363
375.2584
373.0625
374.1580
414.6823
378.0325
373.0625
380.8390
379.1512
382.5389
398.3957
390.0457
386.5522
400.8340
390.0457
394.1854
397.7899
390.6327
397.1855
395.9812
391.8112
404.5363
391.2214
405.7827
403.2961
415.3300
409.5588
387.1310
404.5363
414.6823
410.1937
410.1936
415.9794
419.2508
417.2829
423.2316
421.8979
416.6304
420.5710
423.2316
431.3791
423.2316
468.2477
431.3791
432.0695
433.4557
437.6581
446.2648
446.2648
448.4597
455.9053
448.4597
436.2500
446.2648
444.0874
447.7261
451.4139
451.4140
452.9029
445.5373
465.1111
452.1575
444.0874
449.1953
449.1954
468.2477
461.2385
469.0374
450.6725
464.3323
461.2385
473.8216
473.0186
477.0560
462.0088
472.2180
481.9769
473.8216
483.6358
483.6358
475.4343
476.2440
472.2180
495.5183
485.3042
477.0560
491.2194
487.8247
486.9821
545.2513
502.5281
501.6429
499.0027
506.0952
496.3856
497.2554
529.3839
495.5183
499.8802
470.6234
506.9936
500.7602
508.7984
519.8569
510.6140
523.6329
513.3580
535.2419
578.3885
517.9860
528.4180
504.3064
528.4180
530.3527
526.4952
546.2697
527.4551
532.2993
538.2120
544.2362
539.2081
544.2362
556.6328
559.8068
552.4478
559.8068
542.2154
550.3756
555.5816
549.3440
555.5816
560.8716
543.2243
567.3334
559.8068
551.4102
559.8066
579.5143
563.0116
557.6874
555.5816
556.6328
580.6437
570.6119
587.4998
573.9227
569.5154
578.3885
493.7912
588.6561
592.1484
593.3199
594.4961
590.9801
582.9139
608.9235
625.2455
588.6559
594.4957
595.6759
601.6357
615.1136
631.7251
613.8670
610.1529
626.5323
611.3867
602.8398
622.6857
625.2455
642.3367
625.2455
613.8668
626.5323
618.8797
600.4356
618.8797
633.0350
623.9634
630.4200
634.3495
636.9927
633.0350
629.1193
636.9926
631.7249
604.0483
657.4409
638.3215
639.6551
636.9927
639.6551
663.0867
638.3215
650.5001
654.6492
645.0383
654.6492
657.4409
680.5406
654.6492
714.7045
657.4409
676.1025
697.2565
680.5406
682.0312
680.5406
709.8705
656.0425
677.5764
691.0958
738.0466
680.5406
709.8704
680.5406
634.3493
698.8117
688.0510
701.9409
724.5471
714.7045
738.0466
716.3286
706.6801
697.2565
701.9409
714.7045
751.9954
694.1644
722.8902
726.2107
717.9592
721.2397
727.8810
729.5581
705.0941
711.4756
732.9328
731.2421
734.6302
729.5581
714.7043
721.2397
755.5555
750.2265
722.8902
726.2107
744.9632
739.7651
734.6304
744.9634
796.7750
744.9632
757.3467
750.2265
750.2265
790.9219
820.9773
734.6304
748.4648
753.7717
762.7656
779.4417
798.7432
796.7750
781.3347
792.8644
711.4756
788.9878
783.2356
790.9219
823.0533
820.9773
831.4515
812.7661
844.3395
790.9219
816.8533
816.8533
835.7083
804.6999
831.4515
823.0533
835.7083
825.1386
829.3377
846.5222
827.2334
840.0040
848.7154
837.8512
827.2334
848.7157
850.9188
837.8516
842.1671
932.4316
842.1667
850.9188
842.1667
848.7157
871.2163
875.8452
885.2364
846.5222
909.5249
855.3553
875.8452
866.6312
840.0040
871.2163
890.0002
859.8342
890.0002
862.0892
882.8717
940.3008
899.6672
942.9495
899.6669
894.8102
907.0423
927.2519
846.5228
846.5228
887.6125
887.6125
902.1135
932.4316
937.6639
919.5789
922.1238
929.8353
922.1238
909.5249
940.3004
929.8353
1131.0737
929.8353
940.3000
935.0416
927.2519
922.1238
964.6423
967.4175
932.4313
885.2364
975.8303
922.1238
993.0602
961.8816
978.6641
942.9495
937.6639
848.7154
973.0113
937.6639
973.0113
942.9503
945.6133
981.5129
993.0602
978.6641
1045.0176
917.0467
984.3768
1057.9698
959.1352
1007.8456
973.0113
1016.9105
984.3768
1013.8725
975.8303
1061.2526
1004.8566
1029.2303
1007.8456
1016.9105
1038.6500
1081.3538
1601.7375
1023.0366
987.2559
1077.9556
1035.4927
1035.4927
1023.0366
1061.2535
1032.3529
1041.8250
1074.5769
1035.4923
1023.0366
1010.8505
1081.3538
1019.9652
1035.4927
995.9852
1112.8436
998.9268
1067.8772
1127.3844
1123.7167
1061.2526
1098.6433
1105.7012
1112.8436
1054.7041
1001.8833
1112.8431
1064.5560
1102.1621
1026.1250
1095.1445
1071.2174
1035.4932
1098.6428
1116.4464
1098.6433
1138.5209
1077.9556
1149.8613
1127.3844
1067.8767
1185.1638
1127.3844
1067.8762
1131.0742
1071.2169
1123.7167
1116.4464
1214.0311
1120.0707
1157.5371
1146.0582
1098.6433
1095.1450
1157.5377
1123.7167
1181.1432
1146.0582
1131.0742
1157.5377
1077.9556
1177.1476
1189.2098
1134.7864
1177.1476
1134.7864
1102.1616
967.4175
1209.8286
1201.5021
1109.2621
1131.0742
1226.8048
1181.1432
1235.4581
1218.2618
1218.2625
1177.1470
1134.7864
1181.1432
1231.1178
1209.8286
1231.1178
1109.2616
1193.2814
1244.2262
1214.0323
1244.2262
781.3347
1222.5199
1161.4108
1226.8048
1209.8286
1244.2262
1193.2814
1193.2820
1218.2625
1231.1178
1275.8403
1313.8419
1257.5948
1231.1171
1244.2262
1248.6533
1226.8048
1244.2256
1214.0323
1222.5199
1257.5955
1193.2814
1214.0317
1271.2333
1253.1096
1189.2098
1266.6570
1244.2262
1328.6394
1235.4581
1244.2262
1289.8491
1343.7499
1308.9774
1313.8412
1239.8281
1102.1616
1304.1461
1271.2333
1338.6777
1385.6534
1354.0024
1430.0621
1374.9506
1318.7402
1280.4778
1338.6777
1333.6410
1266.6570
1318.7402
1299.3472
1275.8403
1285.1472
1304.1461
1057.9694
1275.8403
1294.5817
1380.2831
1328.6387
1343.7499
1380.2831
1294.5817
1308.9767
1396.5111
1157.5377
1313.8412
1328.6387
1430.0621
1299.3479
1149.8607
1407.5313
1407.5313
1413.1007
1348.8573
1354.0024
1424.3665
1391.0630
1338.6777
1413.1014
1262.1112
1354.0024
1435.8004
1430.0621
1338.6770
1364.4009
1359.1835
1407.5295
1396.5120
1402.0018
1369.6580
1396.5128
1285.1472
1413.1014
1380.2831
1465.1501
1385.6534
1447.4064
1430.0613
1407.5313
1328.6394
1396.5120
1369.6571
1430.0621
1587.7106
2299.8406
1465.1501
1471.1552
1489.4501
1413.1007
1348.8580
1424.3656
1465.1501
1540.3862
1501.8853
1527.3485
1343.7499
1441.5820
1471.1552
1567.0984
1435.8004
1459.1908
1483.3047
1441.5820
1514.5165
1501.8843
1489.4501
1587.7106
1520.9071
2655.0488
1546.9827
1553.6334
1501.8843
1520.9071
1573.9120
1514.5165
1527.3485
1546.9836
1453.2766
1465.1493
1546.9836
1540.3862
1580.7834
1465.1501
1714.8682
1608.8389
1527.3485
1901.1105
1587.7096
1587.7106
1495.6426
1560.3391
1739.3232
1608.8389
1580.7825
1540.3862
1667.8586
1608.8389
1608.8389
1615.9996
1660.2583
1608.8389
1520.9061
1660.2572
1645.2532
1722.9473
1630.5028
1601.7365
1667.8563
1580.7825
1501.8853
1601.7375
1514.5165
1580.7834
1533.8414
1691.0551
1645.2532
1435.7996
1573.9120
1683.2544
1645.2543
1623.2207
1587.7106
2731.2410
1615.9996
2244.8733
1675.5214
1608.8389
1714.8682
1587.7096
1580.7834
1667.8563
1623.2207
1533.8405
1834.9244
1844.1091
1667.8574
1623.2207
1714.8682
1698.9219
1781.5797
1222.5199
1343.7499
1755.9960
1747.6219
1714.8682
1608.8389
1683.2555
1623.2207
1706.8605
1645.2554
1667.8574
1901.1105
1615.9996
1755.9960
1739.3232
1608.8389
1675.5237
1781.5797
1683.2532
1731.0986
1615.9996
1739.3232
1594.6951
2811.7668
1489.4501
1615.9996
1567.0984
1645.2554
1652.7253
1608.8378
1601.7375
1747.6219
1533.8414
1941.0055
1560.3391
1675.5214
1675.5226
1645.2532
1608.8389
1691.0538
1533.8414
1637.8467
1698.9230
1645.2532
1834.9231
1594.6951
1587.7106
1675.5214
1501.8853
1601.7375
1520.9071
1540.3862
1222.5199
1533.8414
1587.7106
1514.5165
1514.5165
1608.8389
2025.7690
1465.1501
1533.8414
1533.8405
1594.6951
1527.3485
1546.9836
1477.2065
1637.8467
1495.6434
1546.9836
1441.5820
1573.9120
1580.7834
1683.2555
1413.1014
1533.8414
1430.0621
1447.4072
1601.7375
1489.4501
1391.0637
1508.1760
1489.4501
1527.3485
1520.9071
1385.6534
1441.5820
1465.1501
1508.1752
1222.5199
1441.5811
1540.3862
1553.6344
1447.4072
1396.5120
1495.6434
1447.4072
1459.1908
1391.0637
1209.8286
1489.4501
1391.0621
1430.0621
1413.1014
1380.2822
1441.5820
1374.9506
1424.3665
1407.5313
1483.3047
1413.1014
1407.5313
1262.1112
1424.3665
1359.1842
1380.2822
1407.5313
1435.8004
1424.3665
1380.2831
1402.0018
1374.9506
1430.0621
1333.6410
1193.2814
1418.7131
1459.1908
1407.5304
1483.3047
1364.4016
1338.6777
1318.7402
1391.0621
1374.9506
1402.0018
1323.6719
1328.6387
1364.4016
1271.2327
1328.6394
1308.9774
1359.1835
1413.1014
1407.5313
1385.6526
1299.3479
1374.9506
1328.6394
1299.3479
1354.0024
1285.1479
1333.6410
1354.0024
1323.6726
1285.1472
1161.4114
1275.8397
1294.5824
1313.8419
1328.6394
1280.4778
1391.0630
1359.1835
1127.3844
1222.5192
1235.4581
1285.1472
1205.6531
1201.5028
1218.2625
1253.1096
1262.1105
1285.1479
1201.5034
1257.5955
1193.2820
1560.3391
1134.7858
1271.2333
1413.1014
1244.2262
1299.3479
1248.6526
1077.9556
1181.1432
1231.1178
1262.1112
1205.6531
1257.5955
1235.4581
1289.8491
1239.8281
1189.2098
1275.8403
1218.2625
1239.8281
1157.5377
1205.6531
1257.5955
1123.7167
1271.2327
1218.2625
1193.2820
1120.0707
1112.8436
1201.5034
1064.5560
1173.1769
1189.2098
1109.2621
1088.2089
1165.3090
1391.0637
1116.4464
1120.0707
1102.1616
1061.2531
1098.6433
1127.3844
1157.5377
1109.2616
1109.2616
1131.0737
1153.6877
1127.3844
1109.2616
1185.1638
993.0602
1071.2169
1098.6433
1134.7864
1123.7167
1116.4464
1064.5560
1088.2089
1109.2621
1262.1112
1064.5560
1061.2526
1081.3533
1127.3844
1035.4927
1067.8772
1077.9556
1067.8772
1054.7037
1120.0707
1116.4464
1013.8725
1004.8562
1023.0366
1032.3524
1007.8452
1004.8562
1045.0176
1061.2535
1041.8250
995.9852
1054.7041
1026.1250
1019.9652
1081.3538
1001.8833
995.9852
1010.8509
998.9268
935.0412
1067.8772
990.1503
1016.9105
1048.2281
993.0602
1299.3479
1016.9101
1048.2281
1038.6495
995.9856
978.6641
1001.8833
922.1238
998.9268
953.6847
1019.9652
970.2071
993.0602
998.9268
967.4175
942.9499
1001.8837
953.6847
1095.1445
961.8816
948.2896
970.2071
973.0109
970.2067
956.4029
929.8353
1077.9556
942.9495
892.3994
953.6847
917.0463
942.9495
940.3008
919.5789
887.6125
953.6843
998.9268
940.3008
935.0412
922.1238
842.1671
919.5789
924.6815
887.6125
922.1238
909.5249
880.5183
912.0198
857.5897
855.3553
875.8452
873.5253
917.0467
892.3994
917.0467
844.3395
844.3398
880.5183
855.3557
880.5183
875.8452
842.1667
848.7157
862.0892
846.5228
864.3549
846.5222
857.5897
875.8452
899.6669
885.2364
859.8342
875.8452
771.9510
804.6996
855.3557
806.7027
837.8509
857.5897
814.8051
837.8512
833.5751
810.7360
804.6999
808.7150
825.1383
831.4515
808.7150
794.8154
808.7150
783.2356
827.2334
755.5555
814.8051
848.7157
787.0621
744.9632
840.0043
750.2265
796.7750
798.7432
750.2265
798.7432
806.7030
738.0466
788.9878
779.4417
804.6999
739.7649
736.3350
790.9216
713.0869
692.6271
734.6304
739.7651
750.2265
727.8808
741.4908
716.3284
686.5374
709.8708
732.9326
697.2565
727.8810
721.2397
748.4648
750.2265
746.7105
727.8810
721.2399
798.7432
743.2235
705.0941
724.5471
721.2399
670.2634
717.9592
719.5963
688.0508
686.5374
689.5705
679.0557
656.0425
701.9404
692.6271
663.0867
708.2723
823.0533
674.6346
673.1721
661.6674
671.7148
695.7074
627.8235
663.0867
610.1531
668.8171
665.9413
674.6346
630.4200
645.0383
679.0557
654.6490
492.0741
673.1721
827.2334
634.3495
630.4200
664.5114
670.2634
658.8445
638.3215
630.4200
617.6199
629.1194
633.0350
638.3215
645.0379
630.4200
618.8795
613.8670
615.1136
630.4200
620.1439
601.6357
608.9236
596.8597
625.2454
596.8597
608.9236
606.4775
600.4356
593.3203
586.3477
592.1480
594.4961
608.9236
570.6118
588.6561
576.1483
590.9801
584.0546
607.6985
576.1483
582.9139
564.0866
590.9801
575.0338
600.4356
560.8716
578.3885
587.4999
572.8156
560.8716
571.7120
559.8066
600.4356
542.2154
575.0336
553.4891
555.5816
564.0868
551.4099
554.5338
544.2362
561.9399
556.6328
530.3527
547.2912
517.9860
553.4893
540.2075
541.2098
534.2580
548.3160
532.2993
525.5381
539.2080
515.2009
513.3579
530.3525
589.8162
522.6846
511.5260
515.2009
524.5841
509.7049
510.6143
514.2781
525.5382
514.2781
502.5281
502.5281
508.7986
511.5261
511.5261
506.9936
494.6534
497.2554
500.7601
498.1277
500.7602
501.6427
494.6535
492.0742
492.0741
475.4344
486.1419
473.8216
466.6750
473.8216
477.0563
482.8051
482.8051
444.8113
469.0374
462.0087
471.4195
445.5372
459.7042
458.9404
470.6232
454.4001
460.4704
455.1516
446.2650
456.6609
452.9030
453.6505
444.8113
462.0088
442.6454
444.8113
495.5183
445.5370
455.1517
441.2111
443.3654
444.8113
436.9532
439.7843
424.5721
430.0035
431.3790
432.7617
425.2449
429.3185
419.9100
414.6823
415.3300
415.3300
416.6303
417.9372
414.6823
446.9945
418.5931
419.9101
409.5588
412.1077
387.1309
419.2509
405.1586
408.9255
401.4471
404.5363
436.2500
397.1855
394.1854
403.9155
396.5826
395.9810
398.3958
396.5826
394.1855
387.7111
381.9709
390.0457
388.2927
387.1310
379.1512
387.1310
384.8240
383.1081
384.2507
382.5389
381.9709
374.1580
377.4751
381.4043
381.4043
366.0631
373.0625
369.8060
363.9509
369.2676
367.6599
367.6599
357.7278
348.7000
355.1839
365.0046
358.2401
367.1263
355.1839
351.1718
394.1854
357.7279
391.2213
356.1982
352.6682
343.8369
348.2089
343.8369
346.2552
334.4199
342.8768
341.4445
335.3437
340.9692
344.3184
339.5492
337.2028
334.8813
329.4089
333.0418
337.2028
328.9591
331.6723
330.7640
325.8366
328.5103
327.6153
319.7261
324.9529
321.4540
312.9538
322.7593
310.8820
310.0592
305.5916
305.5916
320.5882
305.9937
305.9937
308.8310
315.0465
305.5916
305.9937
307.6102
300.0445
307.2049
305.5916
296.9421
299.6541
296.1741
295.0276
295.0276
294.2670
293.5092
299.6541
292.3780
293.5092
294.2670
288.2855
283.5575
290.8799
290.1351
289.3931
282.8404
280.7049
283.9172
282.8404
285.0000
281.4140
279.9983
276.8510
272.3959
276.1587
270.3750
273.7554
263.4713
271.0461
269.0398
270.7103
266.3983
265.0916
270.0403
262.1855
263.4713
267.7143
259.3251
262.8272
259.3252
255.8900
254.3502
260.5908
256.5097
248.9156
255.5810
256.8203
251.6119
250.7085
250.7085
251.3102
245.9678
249.8098
246.8469
243.9337
245.9678
243.6451
244.5124
240.5019
240.5019
229.5413
241.9235
233.2964
242.7821
235.7559
237.1380
232.2147
232.2148
235.2062
228.7477
229.5413
228.7477
226.9105
225.6109
227.9577
224.3214
226.9105
224.5785
224.3215
220.2630
223.5526
223.8085
220.7648
225.0939
218.5193
216.5496
218.0246
220.0128
216.0609
213.4001
214.8459
211.2562
212.6822
209.3750
209.8432
208.6754
217.2854
207.9790
205.6800
207.9790
205.2243
204.9969
206.5955
200.9621
202.2952
201.6272
198.7664
205.6800
197.4642
197.8970
194.0466
194.4695
194.2579
195.7455
192.3671
191.5345
192.7852
189.6785
189.8835
187.0388
201.1835
190.2945
182.0955
185.4382
183.8553
182.2899
181.5137
183.4624
179.2103
181.5137
179.7826
179.5916
180.1655
171.9780
177.6956
162.2249
172.7025
170.5405
172.5210
171.4371
171.9780
169.2951
168.9414
167.7107
168.5887
167.3611
164.7681
166.3178
169.2952
163.5752
163.0672
160.8884
162.8983
161.3880
159.2369
160.3908
161.0548
158.5821
158.7455
155.0391
155.3571
153.6175
154.4053
152.0564
152.5227
153.6175
151.7465
152.5227
148.5378
150.6678
148.6888
148.2365
146.2956
147.3369
146.1476
142.9350
145.2630
144.0934
141.5023
142.7909
141.0757
140.6507
141.0757
139.2447
139.2448
138.1317
136.8919
137.8551
136.0725
132.8509
135.2588
134.9888
133.7814
133.3817
132.0592
130.2326
129.3300
130.1032
131.7964
128.1799
127.6725
126.0387
124.7979
126.9155
123.0834
123.8150
123.3267
122.1154
121.3949
121.3949
121.5146
120.4414
109.7165
118.9095
118.6757
118.2096
116.7084
115.3408
117.1681
114.6636
113.5441
113.7671
112.6570
113.9905
113.2106
111.2310
110.1469
110.2549
108.2235
108.8608
108.6479
108.1177
105.9200
107.1701
106.2311
106.4391
103.8697
104.3784
102.4585
101.0668
101.7603
101.5617
99.5968
99.6941
99.4024
93.5588
98.6286
96.0609
96.7202
95.6862
95.5927
94.7555
93.6503
94.2935
91.5667
92.1961
91.1197
90.1435
91.2089
89.0899
93.2847
87.1028
86.9320
87.2739
88.1343
87.1028
86.3366
85.3246
83.9923
84.9897
83.9097
83.4976
82.2725
82.9239
82.0294
81.7063
81.1437
79.9497
78.2266
79.3193
78.5375
77.6082
79.0840
76.6124
76.5363
79.2408
74.6539
74.5795
74.7285
73.9122
73.4702
71.7243
71.7963
72.2299
71.2217
71.0786
70.5088
68.3359
69.8017
69.5206
69.3103
67.9906
66.9632
67.2359
67.2359
67.7841
65.6797
65.0786
65.6127
64.4158
64.3498
64.9456
63.6275
61.6892
61.1801
61.8810
62.0091
61.3706
59.7964
60.4853
59.1752
59.4231
58.6818
58.8665
57.1593
58.0693
56.9786
57.0990
57.1593
56.4388
55.9028
55.3115
55.4884
54.9589
54.3166
53.2769
53.3342
53.5067
52.6483
52.7053
51.6309
50.3505
51.2948
50.7934
50.9045
50.6270
49.8553
49.8005
48.1743
49.2001
48.6045
47.9602
47.9602
47.8000
46.6882
47.0041
46.6356
47.0041
46.3213
46.5831
46.3213
46.0603
45.7484
39.3029
44.5650
44.8206
44.6671
44.4630
44.1578
42.9501
42.9002
43.2000
42.8503
42.6513
42.7508
42.4528
42.1561
41.2733
41.0786
40.4978
40.6426
40.8360
40.7876
41.5174
41.4197
41.9098
42.1561
42.7010
42.5024
44.1578
44.0564
44.0057
44.7694
45.6965
47.1626
46.5307
47.7467
46.8986
48.3354
48.9288
48.9288
49.6910
50.4610
50.7934
52.1379
51.9686
52.4778
54.4329
53.5642
54.5495
55.9622
55.4884
56.6783
57.0990
57.7040
58.1914
58.1303
59.7341
61.0533
61.1801
61.0533
63.2361
63.2361
64.2839
65.0786
64.4818
66.3528
66.8951
67.7154
68.5437
69.4504
69.1704
69.6610
71.5085
71.6523
73.5437
74.2081
74.7285
74.9524
75.8540
75.6277
76.9176
78.1491
77.9169
79.2408
79.3978
79.9497
82.0294
83.4155
83.0056
84.0750
85.3246
84.6561
86.3366
88.3940
88.9155
89.1773
89.8790
91.9259
91.9259
93.6503
92.7389
94.7555
95.4060
95.0338
95.7797
96.4371
99.7915
97.9565
101.4625
99.4024
101.4625
103.9712
103.2625
105.0949
105.6098
107.2750
108.8607
109.1808
110.4710
111.2309
112.3262
113.0996
112.9888
115.2277
116.8231
115.4541
115.5676
116.1365
119.1438
118.6757
120.0860
120.9171
122.3566
123.0834
121.6345
124.4283
124.1826
126.7899
128.8174
127.9259
130.4917
129.0734
129.7159
131.0118
132.8509
132.7185
143.6577
135.8007
137.4414
137.8551
140.5094
140.5094
140.7922
142.0733
142.3598
145.5571
145.9997
147.3369
148.8399
148.3871
148.3871
148.6888
152.8345
152.6785
152.8345
152.8345
152.6785
153.4605
153.7746
158.2560
157.6061
158.4189
161.5550
160.5565
157.7682
162.3930
164.4262
165.9719
166.4912
165.9719
168.0612
169.4724
169.8275
168.2368
170.8985
171.6172
171.7975
172.8842
172.8842
171.6172
172.1588
179.4008
181.7073
180.9343
181.7073
188.2511
184.0522
182.0955
187.6437
185.2394
187.2402
189.2692
188.6575
190.5005
192.1585
191.7422
192.7852
194.6814
196.6024
194.6814
198.5485
197.8970
199.6408
197.6805
200.3000
201.4052
204.7700
202.9661
202.9661
202.7421
208.6754
208.6754
209.6089
208.2107
210.3127
213.8805
214.1214
215.8172
217.0397
214.1214
217.7778
215.3308
219.7629
218.5193
223.0421
225.3522
219.0156
228.7477
224.5785
228.2207
229.2763
227.1717
227.1717
233.0253
231.1402
231.4081
233.0253
240.5019
235.4808
235.7558
237.6940
237.6940
237.6940
241.0691
242.2092
245.9678
245.6757
244.5124
254.9645
250.7085
243.6451
247.1409
256.5097
250.7085
256.5097
251.3103
254.0438
256.5097
259.9569
256.1996
259.9569
261.2270
258.6957
261.5459
259.9569
260.9086
261.8654
269.3727
268.0447
267.3844
270.3749
267.7143
268.7075
260.2736
269.0399
274.4389
272.7348
272.0576
280.3512
284.6384
281.0591
283.9172
283.1986
282.4828
283.9171
291.2534
285.0000
291.6276
292.0024
289.7638
287.1842
291.6276
291.6275
292.7544
295.7912
306.3966
294.2670
283.9171
298.8755
293.8877
306.8003
304.7897
303.1955
300.8276
310.4702
307.2049
309.2395
305.1902
302.4031
312.1226
312.5378
312.1226
310.4702
319.7261
315.0465
320.5883
318.8674
312.5378
316.3124
324.5122
325.8366
335.3437
326.2799
324.5122
331.6724
330.7640
332.1278
337.2028
333.9596
338.1384
342.8768
336.2712
340.9692
340.4948
341.9210
347.2299
345.2847
348.2089
359.2680
345.2847
412.1078
356.1982
352.1683
358.2401
353.6711
351.1718
352.1683
356.1982
359.7837
358.2401
372.5165
364.4772
363.4259
373.6096
355.1840
373.6096
368.7305
367.1264
358.2401
378.0325
379.1512
366.5941
370.8865
381.9709
390.6328
378.0325
373.6095
378.0325
376.9191
384.2506
379.7124
387.1310
390.0457
402.6783
383.6787
383.1081
383.6787
401.4472
457.4187
395.3812
408.2938
392.4027
390.0457
408.2938
408.2939
403.9154
414.0363
415.9793
412.7490
401.4472
410.8301
408.2939
426.5958
423.2315
414.0363
421.2336
436.9532
404.5363
423.2316
414.6824
419.9101
427.9536
436.2500
415.3300
423.2316
421.2336
430.6904
430.0036
434.1516
427.2738
421.8979
444.0874
442.6454
441.9273
457.4187
445.5370
433.4557
444.8113
449.1954
471.4195
444.8114
458.1784
449.9329
471.4195
458.1784
458.1785
475.4343
465.8920
458.9404
478.6871
474.6268
460.4704
477.8706
469.8292
465.1109
462.7811
473.8216
476.2440
475.4343
463.5556
475.4343
485.3042
470.6232
513.3577
485.3042
478.6872
487.8247
501.6429
495.5183
567.3333
499.8802
493.7912
497.2554
499.0025
462.0087
495.5183
505.1993
524.5841
512.4407
508.7984
511.5258
507.8948
526.4952
516.1265
518.9202
517.9861
507.8947
516.1265
522.6846
527.4551
528.4180
529.3839
532.2993
526.4952
556.6328
576.1483
548.3160
539.2080
525.5382
548.3160
547.2912
554.5338
555.5816
556.6328
557.6874
550.3753
565.1655
537.2189
564.0866
566.2477
553.4891
553.4891
557.6874
557.6873
558.7452
585.1992
577.2666
573.9229
581.7769
563.0116
573.9229
567.3334
558.7454
596.8597
573.9227
661.6674
594.4961
588.6561
589.8160
592.1484
605.2609
598.0476
578.3885
587.4998
601.6357
585.1994
605.2609
610.1531
612.6247
617.6199
613.8670
611.3867
595.6755
525.5382
627.8234
627.8235
630.4200
625.2455
626.5323
601.6355
618.8797
651.8781
627.8234
611.3867
618.8797
630.4200
631.7251
630.4200
633.0350
623.9632
657.4409
635.6687
620.1437
651.8781
653.2611
636.9927
654.6492
638.3215
654.6492
650.5001
661.6674
656.0425
649.1271
680.5406
685.0296
677.5764
665.9413
676.1027
695.7074
674.6346
686.5374
688.0510
665.9413
670.2634
685.0296
823.0533
683.5276
679.0557
700.3735
703.5144
674.6346
713.0869
703.5139
694.1642
703.5144
700.3735
683.5273
679.0557
705.0941
897.2328
714.7045
711.4756
581.7769
727.8810
724.5469
719.5963
711.4756
726.2107
750.2265
727.8810
724.5471
738.0466
722.8902
739.7651
726.2107
719.5960
729.5581
751.9954
654.6492
741.4908
746.7103
743.2233
734.6302
741.4908
751.9954
722.8900
751.9954
794.8152
634.3495
750.2265
726.2104
757.3467
750.2265
746.7103
746.7105
804.6996
783.2356
802.7056
827.2334
790.9219
806.7030
751.9954
798.7432
787.0621
779.4417
837.8512
814.8051
794.8154
796.7750
829.3377
827.2334
812.7661
842.1671
818.9106
827.2334
792.8641
827.2334
734.6304
835.7083
831.4515
890.0002
814.8051
859.8342
810.7360
829.3377
833.5751
857.5897
848.7157
842.1667
814.8051
855.3557
825.1386
1071.2174
859.8342
844.3401
846.5225
846.5225
859.8339
857.5897
857.5897
850.9184
868.9183
871.2160
878.1761
873.5253
894.8102
871.2163
880.5183
885.2364
882.8717
882.8717
904.5719
975.8303
859.8342
875.8452
948.2900
892.3994
897.2328
922.1238
892.3994
887.6125
890.0002
912.0198
924.6815
919.5789
904.5719
919.5786
919.5789
1084.7717
880.5183
967.4175
917.0463
927.2519
902.1135
973.0113
917.0467
973.0113
929.8353
1001.8833
1197.3788
945.6130
927.2519
945.6133
953.6847
948.2900
1057.9694
959.1352
950.9804
945.6133
981.5129
924.6815
927.2515
1013.8725
1013.8720
959.1348
970.2071
1010.8509
978.6641
973.0113
975.8303
998.9268
970.2071
995.9856
1035.4927
1016.9105
1010.8509
1026.1250
882.8717
1016.9105
1007.8456
1010.8509
1013.8725
1016.9105
1032.3524
1004.8566
1010.8509
987.2559
1026.1250
961.8816
1054.7037
1067.8772
1016.9101
1032.3529
1023.0366
1123.7167
1045.0176
1048.2286
1051.4568
1041.8245
1071.2174
1026.1245
1038.6500
1077.9556
1077.9556
1067.8772
1123.7167
1262.1112
1102.1621
1098.6433
1032.3524
846.5222
1061.2531
1084.7717
1026.1245
1131.0742
1098.6433
1142.2781
1081.3538
1091.6671
1177.1476
1064.5560
1146.0576
1127.3844
1067.8762
1123.7167
1074.5764
1004.8566
1123.7167
1123.7167
1138.5209
1084.7717
1098.6433
1173.1769
1142.2781
1123.7167
970.2067
1120.0707
1181.1432
1153.6877
1109.2621
1173.1763
1105.7017
1209.8293
1153.6877
1127.3844
1120.0707
993.0602
1209.8280
1193.2814
1165.3090
1185.1638
1185.1638
1231.1178
1004.8562
1177.1476
1218.2625
1218.2625
1214.0317
1205.6531
1185.1638
1209.8293
1262.1112
1239.8275
1235.4587
1222.5192
1402.0018
1205.6525
1222.5199
1222.5199
1257.5948
1201.5034
1222.5199
1197.3788
1177.1476
1189.2098
1222.5199
1222.5192
1226.8048
1244.2262
1244.2262
1205.6519
1209.8293
1235.4587
1253.1096
1157.5371
1081.3538
1189.2098
1222.5199
1226.8048
1271.2333
1275.8403
1231.1178
1304.1461
1197.3794
1318.7402
1313.8419
1222.5199
1333.6410
1289.8491
1333.6410
1248.6533
1313.8419
1275.8397
1257.5955
964.6423
1244.2262
1364.4016
1374.9506
1343.7499
1289.8491
1333.6410
1391.0637
1318.7402
1333.6410
1359.1835
1285.1479
1328.6394
1294.5824
1253.1096
1396.5120
1359.1835
1289.8491
1328.6387
1289.8484
1313.8419
1369.6564
1396.5111
2117.8728
1364.4009
1359.1835
1343.7499
1354.0017
1402.0018
1333.6410
1407.5313
1318.7395
1299.3479
1285.1479
1374.9506
1369.6564
1380.2822
1294.5824
1348.8580
1364.4009
1280.4785
1435.8004
1313.8412
1477.2056
1380.2822
1424.3665
1364.4016
2036.8617
1441.5820
1465.1501
1435.8004
1527.3485
1391.0621
1501.8853
1359.1835
1489.4501
1004.8562
1520.9071
1413.1014
1369.6564
1465.1501
1391.0630
1424.3656
1508.1752
1435.8004
1441.5820
1418.7131
1430.0621
1391.0630
1407.5313
1533.8414
1304.1454
1520.9071
1615.9996
1418.7131
1608.8389
1453.2766
1630.5028
1540.3862
1477.2056
1418.7123
1418.7123
1396.5120
1483.3037
1573.9130
1459.1899
1573.9130
1527.3485
1630.5028
1520.9071
1580.7834
1489.4501
1501.8853
1430.0613
1514.5156
1501.8843
1508.1760
1580.7834
1374.9514
1495.6434
1615.9996
1540.3853
1601.7375
1608.8389
1540.3862
1594.6951
1608.8389
1587.7096
1560.3391
1594.6951
1594.6940
1553.6344
1637.8467
1477.2056
1560.3391
1645.2532
1514.5156
1645.2532
1483.3037
1573.9130
1580.7834
1601.7375
1430.0613
1527.3485
1567.0984
1553.6344
1567.0984
1495.6434
1637.8467
1573.9130
1573.9130
1652.7230
1608.8389
1608.8389
1637.8478
1587.7106
1560.3381
1660.2572
1520.9061
1573.9130
1615.9996
1608.8389
1594.6951
1637.8467
1608.8389
1112.8436
1587.7096
1514.5165
1698.9219
1637.8467
1587.7096
1714.8682
1637.8467
1698.9230
1645.2532
1608.8389
1683.2555
1527.3485
1790.2638
1683.2555
1652.7230
1601.7375
1993.1683
1533.8414
1623.2207
1660.2583
1660.2594
1772.9738
1608.8389
1872.1980
1706.8605
1630.5017
1698.9230
1601.7365
1799.0310
1799.0310
1587.7106
1623.2207
1637.8478
1722.9460
1637.8478
1714.8682
1731.0986
1772.9738
1825.8235
1772.9738
1645.2532
1790.2650
1799.0310
1891.3793
1652.7230
1910.9374
1594.6940
1731.0986
1645.2532
1781.5797
1825.8235
1540.3853
1540.3862
1660.2594
1594.6940
1675.5214
1623.2207
1413.1007
1209.8293
1623.2196
1683.2544
1533.8414
1630.5028
1637.8467
1527.3477
1698.9219
1501.8853
1615.9996
1573.9130
1683.2544
1630.5039
1459.1899
1623.2207
1807.8785
1483.3047
1722.9473
1587.7106
1553.6334
1501.8853
1560.3381
1553.6334
1533.8405
1430.0613
1527.3477
1714.8682
1567.0984
1489.4492
1533.8414
1540.3862
1540.3862
1459.1908
1508.1760
1560.3391
1359.1835
1587.7106
1514.5165
1594.6951
1489.4501
1546.9827
1489.4501
1424.3665
1501.8853
1489.4501
1459.1908
1441.5811
1520.9061
1508.1760
1418.7131
1391.0637
1501.8853
1369.6564
1514.5165
2105.9272
1407.5313
1374.9506
1501.8853
2402.4998
1364.4016
1453.2766
1508.1760
1615.9996
1533.8414
1343.7499
1477.2065
1169.2301
1580.7834
1396.5120
1338.6777
1465.1501
1354.0024
1402.0018
1424.3665
1435.8004
1413.1014
1424.3665
1441.5820
1567.0984
1328.6394
1453.2766
1396.5120
1402.0018
1364.4023
1369.6564
1453.2766
1333.6410
1424.3665
1424.3665
1495.6434
1380.2831
1413.1014
1343.7491
1447.4072
1402.0001
1413.1014
1407.5313
1364.4009
1391.0637
1343.7499
1328.6394
1430.0621
1348.8580
1391.0630
1453.2766
1318.7395
1407.5313
1235.4587
1244.2256
1304.1461
1328.6394
1313.8419
1323.6726
1483.3047
1354.0024
1430.0604
1623.2196
1348.8573
1402.0018
1193.2814
1323.6726
1275.8397
1318.7402
1275.8403
1294.5824
1266.6570
1262.1112
1318.7395
1218.2625
1201.5034
1253.1096
1407.5313
1308.9774
1231.1178
1289.8491
1289.8491
1248.6533
1304.1461
1285.1479
1294.5824
1226.8042
1271.2333
1391.0621
1271.2333
1294.5824
1146.0582
1266.6570
1289.8491
1209.8293
1285.1472
1235.4581
1231.1178
1271.2333
1257.5955
1262.1112
1244.2262
1239.8281
1181.1432
1226.8048
1231.1178
1189.2098
1165.3083
1189.2098
1193.2814
1205.6525
1231.1178
1153.6877
1214.0317
1142.2781
1231.1178
1214.0323
1109.2616
1248.6533
1116.4464
1197.3794
1157.5377
1123.7167
1197.3788
953.6847
1189.2098
1138.5204
1185.1638
1169.2307
1149.8607
1123.7167
1266.6570
1105.7012
1116.4464
1181.1432
1109.2621
1138.5209
1023.0366
1181.1432
1120.0707
1098.6433
1197.3788
1091.6666
1074.5769
1120.0707
1081.3538
1081.3538
1120.0707
1112.8436
1102.1621
1010.8509
1016.9105
1123.7167
1091.6671
1105.7017
1061.2526
1102.1621
1064.5551
1077.9556
1071.2174
1067.8772
1112.8436
1041.8250
1074.5759
1064.5560
1038.6500
1084.7717
1061.2535
904.5719
1029.2303
1262.1112
1138.5209
1057.9689
1016.9105
1064.5560
1074.5769
1023.0366
1019.9652
1038.6500
959.1352
1013.8725
975.8303
1038.6500
981.5129
1051.4568
1023.0366
1016.9105
1029.2303
1048.2281
940.3008
942.9495
995.9856
1016.9105
1001.8837
967.4175
1001.8837
1026.1250
1032.3529
993.0602
1007.8456
956.4029
959.1352
940.3000
1004.8566
998.9268
1016.9105
937.6639
978.6641
964.6423
967.4175
953.6847
924.6815
932.4316
929.8356
1007.8456
922.1238
929.8353
914.5270
924.6815
990.1503
950.9800
940.3004
904.5719
899.6669
924.6815
935.0412
897.2328
914.5270
937.6639
942.9495
902.1135
899.6672
899.6669
964.6423
885.2364
904.5719
904.5719
894.8102
882.8713
878.1761
878.1761
940.3008
829.3377
882.8717
840.0040
882.8717
887.6125
855.3557
833.5751
859.8342
866.6309
866.6312
850.9188
798.7432
853.1313
859.8342
840.0043
829.3377
853.1317
846.5222
833.5751
848.7157
837.8512
842.1671
850.9188
802.7056
835.7079
760.9517
853.1320
846.5228
882.8717
810.7357
783.2356
808.7150
855.3553
810.7360
788.9878
823.0533
823.0533
829.3373
806.7030
825.1386
802.7056
808.7150
796.7750
808.7147
792.8644
743.2233
785.1447
802.7053
783.2356
751.9954
777.5573
781.3344
746.7103
759.1454
750.2265
753.7717
746.7105
722.8900
743.2235
721.2397
738.0466
736.3350
771.9513
750.2265
743.2235
736.3348
800.7200
701.9406
694.1642
732.9328
746.7105
709.8708
679.0555
729.5581
719.5963
726.2107
729.5581
700.3735
683.5276
691.0958
711.4756
695.7074
679.0557
697.2565
683.5273
729.5581
658.8445
660.2533
680.5406
664.5111
653.2611
656.0425
634.3495
670.2634
714.7045
664.5114
688.0508
682.0312
717.9589
638.3215
660.2533
516.1264
640.9939
645.0381
677.5764
663.0867
649.1271
654.6490
664.5114
646.3959
639.6551
634.3495
645.0381
634.3495
621.4126
668.8173
626.5320
657.4409
611.3867
620.1439
625.2455
616.3646
646.3963
639.6551
618.8797
595.6757
610.1531
613.8670
616.3646
607.6985
596.8597
633.0350
633.0350
602.8398
623.9634
600.4356
599.2396
592.1480
589.8162
594.4959
592.1480
552.4481
604.0483
520.7966
601.6357
598.0473
581.7769
568.4227
578.3885
552.4479
580.6437
580.6435
570.6118
576.1483
540.2075
566.2476
558.7454
548.3163
577.2666
543.2243
557.6874
570.6119
547.2914
545.2513
558.7452
569.5155
547.2912
530.3527
541.2100
538.2120
534.2580
549.3443
499.0027
549.3443
537.2189
539.2081
526.4951
530.3525
523.6329
516.1264
523.6329
541.2100
522.6846
514.2781
515.2009
555.5816
519.8570
520.7967
530.3527
522.6846
511.5261
521.7393
511.5261
469.0374
492.0742
502.5281
505.1995
508.7986
490.3669
500.7602
499.0027
498.1277
501.6427
524.5841
493.7912
499.0027
488.6697
492.0742
485.3042
480.3274
483.6358
478.6871
475.4343
472.2180
487.8247
481.1510
470.6232
477.8704
455.1517
475.4343
465.1111
447.7263
461.2385
463.5556
459.7043
462.7811
452.9029
446.9947
465.8920
458.1785
448.4598
455.1517
447.7261
442.6453
449.9330
444.8113
436.2500
432.0694
439.0736
446.2648
437.6581
413.3917
433.4557
429.3185
432.0695
430.0035
434.1516
418.5931
405.1587
423.9010
434.1516
432.7616
425.2450
432.0695
415.3299
433.4557
410.1936
418.5931
425.2450
412.7490
406.4081
430.6904
408.9256
400.8340
405.1587
391.2213
399.0030
400.2222
398.3958
391.8114
395.3812
400.2222
385.9748
392.4027
388.8756
387.7111
384.8240
388.8756
387.1310
388.8756
384.2507
384.2507
380.2751
374.7076
372.5165
381.4043
373.0624
382.5389
375.8108
367.6599
367.6599
376.9190
351.1719
353.6711
367.6599
366.5941
361.8578
365.5333
358.2401
380.2751
359.2680
374.1580
360.3005
352.6682
350.1798
352.6682
342.8767
354.1742
346.7419
350.1798
348.2089
345.7693
347.7189
342.8768
346.7420
345.7694
339.0779
340.0215
335.3437
340.0215
333.0418
332.5844
331.2177
334.8813
337.6701
326.2799
335.8069
333.9596
332.5844
325.3943
323.1961
317.5860
326.2799
321.4540
312.5378
309.2395
321.0207
320.5883
320.1567
321.8882
320.1567
305.1902
310.4701
306.3966
306.8004
312.1226
305.1902
303.9911
303.1955
305.1902
300.8276
302.0081
297.3273
294.6469
293.5092
299.6541
300.8276
294.2670
290.5072
292.3780
296.5578
286.4534
290.8799
287.9177
287.1841
288.2855
289.0233
282.8404
282.8404
282.1259
281.7696
281.0591
289.3931
282.1259
278.5930
273.0744
274.7816
279.2944
275.4689
270.7103
271.7198
266.0706
267.7142
263.7942
266.7263
268.3759
269.0398
263.7942
256.8203
264.4417
260.5908
261.5459
257.1316
263.4713
256.8204
258.3818
253.4327
253.1279
252.2168
254.0439
255.8900
252.5200
247.1409
250.7085
249.2132
245.9678
245.3842
245.0931
249.2132
262.1855
244.2228
242.2092
241.6382
237.6940
241.0691
239.6547
241.6382
234.6583
234.1122
232.4845
232.2148
232.2148
233.0253
233.2963
229.8067
234.1121
230.8726
224.0648
226.9105
228.2206
228.7477
223.2972
225.6109
220.0128
220.2631
221.0163
219.5134
223.5527
215.8172
219.0156
209.1415
213.6401
214.8459
215.5738
215.8172
211.7301
209.1414
211.0198
211.4929
210.3128
207.7475
208.6754
205.4520
209.1415
206.1371
204.7700
201.6272
202.7421
200.7411
201.1835
199.4217
202.0722
201.4052
197.0326
195.5321
194.6814
194.4695
193.8356
187.6437
192.7852
191.9502
189.4737
187.6437
187.8459
185.8366
184.4468
187.2401
183.8553
185.2394
180.5494
182.0955
180.5494
178.8301
181.9013
180.7417
179.7826
178.8301
178.2616
177.1318
171.9780
172.3398
168.2368
172.5210
172.3398
171.6172
171.7975
170.3619
170.0054
169.4724
168.9414
170.3619
164.4261
169.4724
163.7449
163.7449
161.2213
169.8275
160.7224
160.3908
158.2559
157.6061
156.6374
156.1558
158.0932
155.5165
155.0391
153.1471
151.2831
152.0564
152.2117
152.2117
152.8345
147.4864
148.3871
148.0861
150.2083
146.2956
146.5922
147.4864
143.2235
143.8028
143.3681
141.5023
142.6470
141.3599
140.0863
139.8052
139.3846
140.5094
139.2447
139.1050
136.2087
136.0725
135.3940
133.2487
135.3940
132.9834
132.7185
131.0118
131.9277
129.2017
130.8816
130.1032
129.2017
129.5872
126.5389
126.0387
125.5408
126.2886
124.1826
123.5706
122.4774
120.6790
120.9171
120.2043
119.1438
119.0265
117.6297
117.6297
118.0933
113.8787
115.7948
115.5676
114.8888
114.6636
114.5511
114.5511
111.8867
111.1221
111.2310
109.8239
109.6091
109.3948
108.1177
109.0740
106.6474
105.5066
105.4036
106.3350
102.7593
103.5656
101.2645
102.7593
102.0590
100.9681
100.1822
100.0844
99.6941
99.4024
99.3053
97.1939
96.5314
95.4993
95.1267
91.4772
93.7419
94.7555
92.5576
93.1024
92.7389
91.3877
92.2863
89.9671
90.1435
89.7031
89.3522
88.2208
89.6153
87.7892
86.7615
86.2518
85.7449
85.5766
84.4897
85.2408
83.4976
81.5452
78.8494
81.9485
81.2238
79.9497
80.1872
80.1872
79.7917
79.1624
78.9275
77.3774
76.3083
76.6886
75.9296
76.3842
75.2519
73.3967
74.2823
74.1341
73.8384
73.9861
72.1575
72.2299
71.4367
71.7243
70.1545
70.0838
69.7313
69.9427
67.8529
67.7841
68.5437
67.7841
66.8272
65.8139
65.4789
65.2118
66.0829
64.6803
65.3452
63.8238
63.6929
62.1374
62.1374
61.8810
61.4342
60.5482
61.0533
59.2371
58.4362
58.9898
58.4362
58.9281
59.0516
57.6433
56.8583
57.1593
56.7382
57.2800
55.3705
55.3705
55.6658
54.8417
54.7247
55.0763
53.7372
53.3917
52.2511
53.2769
52.8763
51.4067
52.4778
51.0715
50.2401
50.4610
49.6363
49.2545
48.9830
49.8553
48.7665
48.4429
48.1207
47.9602
48.0137
47.1097
47.0569
46.3736
46.8460
46.4783
46.1124
45.5412
44.9231
44.4630
44.5650
45.5412
44.1578
43.8540
43.9551
43.1500
43.8540
42.9501
42.7010
41.8115
41.5174
41.2733
41.4197
41.7133
41.5174
41.1759
40.5460
40.4978
40.6426
40.1612
39.8262
39.5879
