36.6076
38.3149
39.4928
40.9330
42.4033
43.2000
45.0771
45.6965
46.8986
48.8205
50.2953
51.4067
52.3077
54.0263
55.7250
56.4986
57.7648
57.7648
61.2436
62.2016
63.1711
64.0207
64.5479
64.8792
68.2667
67.9906
70.2960
70.4378
72.0851
74.2823
76.1566
76.9941
73.7646
78.3819
81.7870
81.8677
83.4155
86.4214
87.1028
87.7031
89.5275
90.2318
92.6482
92.1059
93.6503
94.8482
97.3840
96.4371
99.7915
101.4625
100.7711
102.7593
104.6849
109.0740
108.4355
110.5792
110.4710
112.6570
116.1365
115.6811
115.9085
117.9772
117.8613
118.3259
121.3949
122.2359
124.5513
124.0599
127.2934
129.7160
131.6653
130.1032
133.9150
134.0486
135.9365
137.5791
138.6869
140.0863
138.6870
144.3848
144.5307
144.2390
146.7408
148.3871
149.7505
149.7505
149.4462
157.6061
158.9091
159.7301
160.3908
162.7296
159.8950
162.7297
167.3611
167.3611
169.2951
169.6498
171.2573
171.6172
173.6136
172.8842
175.8251
178.6403
177.8840
178.0727
184.8425
187.4418
186.0363
178.2616
188.8611
191.1200
189.6785
192.1585
195.3190
198.7663
198.5485
202.9661
199.6408
202.2951
201.4051
205.9083
204.7700
209.3750
211.7301
210.5480
213.6402
213.6402
212.9212
213.8806
217.0397
218.2717
223.2972
222.5333
226.3894
223.5527
224.0648
227.9577
226.1295
232.4845
230.6055
231.6766
238.2518
240.7853
237.1379
235.7558
236.3073
243.9337
242.7821
244.5125
247.7304
247.1409
254.6572
256.8204
257.1316
259.6407
261.2269
267.3843
259.0101
267.0550
265.4173
279.9983
269.3727
268.3759
273.0744
259.6407
275.1249
271.7198
277.8943
279.6461
276.1586
279.6461
282.4828
281.4141
289.0232
284.2774
290.5071
289.0232
292.0024
291.2533
292.3780
297.7133
308.0163
296.5578
307.6101
308.0163
304.7897
305.1902
308.4232
305.9937
315.8896
312.9538
319.2963
317.5860
314.6263
315.0465
319.2963
319.7260
310.0592
324.9528
320.5882
340.0215
333.5002
336.2712
335.3436
336.7365
342.8767
348.7001
350.6754
348.2090
352.6681
344.8011
347.7190
349.6856
347.7190
360.8184
417.9373
362.3793
369.8061
371.9720
365.5332
375.8107
370.3457
371.9720
378.0325
378.0325
373.0624
380.2751
391.2214
384.8239
382.5388
392.9955
391.8114
404.5363
412.7491
399.0030
399.0030
401.4471
411.4680
397.7898
405.7826
410.8302
408.2939
414.0364
422.5638
427.9536
414.6824
426.5957
422.5638
430.6903
422.5638
432.0694
436.2501
436.2501
468.2477
443.3656
441.2112
449.9329
458.9403
452.1574
455.9052
454.4000
465.8918
463.5555
463.5555
451.4139
470.6234
464.3322
463.5555
460.4703
472.2181
462.7812
472.2181
483.6357
473.8217
489.5170
475.4344
497.2552
478.6871
501.6430
479.5060
486.1418
512.4406
495.5184
512.4406
507.8948
466.6750
501.6427
490.3669
487.8246
508.7986
488.6696
494.6534
515.2008
505.1996
497.2555
505.1996
543.2244
524.5840
524.5840
521.7391
523.6328
520.7966
527.4550
532.2991
514.2780
525.5381
487.8246
507.8948
527.4550
530.3525
536.2289
535.2420
535.2420
545.2515
550.3754
544.2364
543.2244
543.2244
537.2187
553.4891
549.3442
535.2420
547.2914
565.1653
563.0114
582.9140
573.9227
563.0114
561.9397
563.0114
565.1653
496.3857
564.0866
578.3887
576.1481
566.2476
582.9140
585.1994
577.2668
578.3887
586.3478
606.4774
584.0548
582.9140
594.4959
602.8398
582.9140
610.1529
598.0474
601.6355
600.4354
595.6757
602.8398
589.8163
670.2632
590.9803
600.4354
606.4774
604.0482
599.2394
608.9235
601.6355
612.6245
618.8795
584.0548
594.4959
604.0482
607.6983
618.8795
621.4128
621.4124
605.2607
615.1134
600.4354
582.9140
621.4124
623.9632
608.9235
623.9632
642.3369
618.8795
620.1437
647.7590
660.2531
711.4754
626.5325
642.3369
626.5325
611.3865
607.6983
615.1134
639.6553
626.5325
631.7253
649.1270
640.9937
623.9632
651.8778
638.3217
658.8443
713.0867
663.0865
642.3369
645.0381
670.2632
686.5377
664.5111
663.0865
680.5404
670.2632
667.3764
685.0294
677.5762
663.0865
683.5278
680.5409
676.1025
711.4754
706.6799
694.1644
729.5579
716.3284
722.8900
731.2418
688.0513
719.5960
750.2267
727.8808
713.0867
698.8120
708.2720
677.5767
713.0867
714.7043
719.5960
738.0463
726.2104
713.0867
743.2233
708.2720
738.0463
727.8808
679.0559
716.3284
703.5142
705.0939
729.5579
727.8808
717.9589
766.4167
748.4651
741.4905
739.7654
722.8900
738.0463
762.7659
722.8900
757.3470
750.2267
753.7720
771.9513
682.0315
748.4651
764.5875
760.9520
771.9513
770.0986
771.9513
787.0618
729.5579
757.3470
751.9957
766.4167
798.7429
787.0618
768.2538
751.9957
796.7747
781.3344
771.9513
768.2538
937.6643
827.2334
862.0889
796.7747
787.0618
743.2238
842.1671
798.7429
800.7197
766.4167
691.0961
842.1671
796.7747
798.7429
785.1444
827.2337
848.7154
837.8516
794.8152
873.5249
792.8641
779.4417
829.3380
802.7053
846.5225
794.8152
875.8448
871.2160
850.9184
875.8448
850.9184
859.8339
866.6309
796.7747
848.7154
829.3380
825.1389
831.4518
855.3553
829.3380
904.5723
835.7086
831.4518
753.7720
862.0889
835.7086
853.1317
833.5754
871.2160
862.0889
837.8516
889.9998
892.3990
866.6309
864.3546
785.1444
842.1671
862.0889
853.1317
892.3990
875.8448
892.3990
922.1242
912.0201
875.8448
902.1139
871.2160
868.9180
873.5249
904.5723
914.5274
909.5245
873.5249
912.0201
899.6675
727.8808
868.9180
1051.4573
940.3004
871.2160
945.6130
937.6643
844.3398
912.0201
942.9499
917.0471
998.9263
937.6643
846.5225
917.0471
897.2324
902.1139
940.3004
935.0416
917.0471
956.4025
935.0416
942.9499
953.6843
904.5723
914.5274
950.9800
912.0201
945.6130
873.5249
937.6643
973.0109
978.6637
961.8812
956.4025
959.1348
942.9499
948.2896
964.6419
840.0043
904.5723
940.3004
897.2324
961.8812
899.6675
1004.8562
987.2554
945.6130
940.3004
1001.8833
912.0201
953.6843
909.5253
959.1348
987.2554
948.2896
732.9326
993.0597
970.2067
993.0597
948.2896
995.9852
924.6818
937.6643
981.5125
953.6843
1091.6666
929.8356
948.2896
964.6419
990.1498
942.9499
945.6130
950.9800
942.9499
978.6637
902.1132
932.4321
932.4321
940.3004
897.2332
1177.1482
973.0109
932.4321
937.6643
919.5793
945.6130
953.6843
961.8812
956.4025
894.8098
914.5274
914.5274
929.8356
932.4321
907.0427
922.1242
927.2523
948.2896
924.6818
953.6843
924.6818
984.3763
909.5253
922.1242
935.0416
889.9998
882.8713
899.6675
857.5894
878.1758
875.8448
902.1139
909.5253
887.6122
907.0427
917.0471
873.5249
889.9998
909.5253
892.3990
894.8098
866.6309
894.8098
897.2324
897.2324
907.0427
892.3990
909.5253
904.5723
864.3546
940.3004
837.8516
829.3380
871.2160
827.2337
825.1389
924.6818
914.5274
904.5715
878.1758
859.8339
885.2361
873.5249
892.3990
846.5225
882.8713
871.2160
866.6309
862.0889
837.8516
779.4417
857.5894
688.0513
743.2238
857.5894
833.5754
875.8448
846.5225
897.2324
850.9184
792.8641
853.1317
829.3380
842.1671
829.3380
835.7086
792.8641
831.4518
768.2538
802.7053
844.3398
792.8641
788.9875
831.4518
829.3380
798.7429
760.9520
798.7429
798.7429
833.5754
783.2353
835.7086
770.0986
844.3398
792.8641
794.8152
775.6805
764.5875
833.5754
770.0986
714.7043
727.8808
829.3380
738.0463
673.1718
773.8119
739.7654
785.1444
760.9520
714.7043
768.2538
713.0867
773.8119
760.9520
729.5579
726.2104
727.8808
734.6302
729.5579
753.7720
766.4167
743.2233
721.2397
716.3284
732.9326
691.0961
721.2397
739.7651
711.4754
741.4910
727.8808
732.9326
734.6307
731.2418
706.6799
738.0463
746.7108
716.3284
790.9216
692.6271
711.4754
724.5469
701.9406
753.7720
741.4905
743.2238
721.2397
703.5142
739.7649
741.4905
716.3284
674.6344
689.5707
677.5762
656.0423
654.6490
671.7148
665.9411
711.4754
661.6672
679.0559
667.3764
689.5707
663.0865
676.1025
724.5469
657.4407
714.7043
653.2609
680.5409
663.0865
664.5111
642.3369
653.2609
634.3497
679.0559
649.1270
668.8171
667.3764
640.9937
646.3961
646.3961
640.9937
625.2457
622.6855
665.9411
623.9632
625.2457
630.4202
627.8234
629.1196
640.9937
635.6689
642.3369
620.1437
605.2607
618.8795
667.3764
608.9235
594.4959
642.3369
615.1134
610.1529
629.1196
627.8237
607.6983
602.8398
605.2607
595.6757
594.4959
606.4774
590.9803
594.4959
615.1134
588.6562
560.8715
585.1994
559.8068
599.2394
594.4959
594.4959
582.9140
575.0339
581.7770
572.8154
561.9397
552.4479
573.9230
550.3754
580.6439
556.6327
564.0866
558.7452
563.0114
567.3333
549.3442
571.7118
542.2157
557.6873
555.5814
559.8066
551.4100
530.3525
540.2076
602.8398
551.4100
528.4179
549.3442
527.4550
506.0954
519.8569
518.9200
525.5381
520.7966
524.5840
510.6141
515.2008
512.4406
499.8803
517.0548
630.4202
506.9937
492.0741
489.5170
506.0954
529.3837
464.3322
464.3324
465.8918
484.4687
467.4604
484.4687
475.4344
468.2479
464.3322
471.4196
465.8921
458.1784
472.2181
461.2384
449.9329
451.4139
464.3322
441.2112
444.8114
441.9274
439.7844
401.4471
439.0738
432.7616
438.3651
439.0738
444.8114
433.4556
435.5486
438.3651
424.5720
433.4556
429.3184
430.6903
425.9194
419.9100
417.2830
419.9100
417.9373
419.9100
404.5363
412.1078
405.1586
402.0620
403.2961
388.8757
395.9811
390.0457
394.1855
388.2928
394.7825
370.8865
398.3957
397.7898
380.8390
368.7305
377.4751
381.4043
378.5911
375.8107
374.7076
371.4286
369.8061
371.9720
360.8184
363.4259
376.9190
350.1799
361.3375
355.6904
354.1742
356.1981
355.1839
348.7001
342.3983
343.3562
340.0215
333.5002
324.9528
330.3115
328.5103
330.7641
318.4394
319.7260
324.0726
314.2069
312.1227
318.8674
311.2948
312.9538
309.2395
301.2203
303.9910
304.7897
300.0444
305.1902
296.9422
293.8878
293.8877
293.5092
287.1841
292.0024
283.5576
280.3513
287.1841
283.1987
282.8404
280.3513
283.1987
275.1249
273.4146
275.4688
273.4146
258.3817
272.0575
265.0916
269.3727
270.3750
264.1177
262.1854
260.9086
259.0101
259.3251
259.0101
259.6407
252.8236
251.9140
251.6119
251.6119
249.2131
247.1409
240.2190
244.8025
234.1122
237.6940
241.0691
236.5837
235.2061
231.9454
232.7547
228.4839
228.2206
228.4839
226.9105
225.8699
224.0648
222.0260
223.2972
217.0397
214.1213
219.0155
216.3050
214.3625
218.7672
210.5480
207.7475
208.6754
203.8654
206.1370
205.4520
201.4051
202.0721
203.4151
197.6804
200.0799
195.9593
198.7663
195.5321
191.9502
190.9132
189.2692
186.4364
190.9132
188.4541
179.2103
179.2103
178.6403
176.3836
176.7572
173.9797
173.6136
171.9780
168.5886
170.5405
166.3178
167.1867
164.2555
164.5970
159.5655
161.3880
160.2253
158.5821
156.1558
155.0391
155.1980
154.4053
152.8345
150.8213
149.9029
148.0862
146.7408
143.5128
142.6470
142.5034
140.5094
140.7922
138.4090
136.4815
132.9833
134.8540
133.9149
132.0591
130.8816
128.9454
127.4196
130.6215
127.1673
125.0450
123.3267
125.0450
121.8747
121.2752
119.4961
119.6139
118.5590
117.0530
115.5676
113.8787
112.5466
111.1220
111.8867
109.0740
109.3948
106.3350
106.6474
103.9712
102.9603
102.8597
101.7603
100.6727
98.7250
99.4995
96.1548
95.2197
93.1935
93.9254
93.4673
91.8360
89.9671
90.7636
88.1343
87.5312
86.0825
85.9136
83.0056
82.7606
81.6257
81.5452
80.0288
81.0636
79.1624
77.7624
77.3006
75.7785
75.2519
73.3967
72.6656
72.3023
71.0786
71.3650
69.2403
69.1704
68.4051
68.8913
65.2785
65.0786
64.6141
64.0207
61.7531
62.0732
60.9267
60.1714
58.0083
58.1303
57.4009
56.7982
56.8583
55.0763
54.3166
54.2584
52.9905
53.9105
51.1273
51.4067
50.7379
50.6270
48.9288
48.0137
47.6401
46.5831
46.9514
45.4378
44.8206
44.5140
43.3002
42.5024
42.0575
41.6643
40.6426
39.8739
39.0192
38.4084
38.4084
37.0190
36.1082
35.9275
35.6573
34.9420
33.8832
32.8839
32.7117
32.8408
31.0552
30.8459
32.1123
31.0133
30.5539
30.0976
29.2354
28.7883
28.4651
28.0233
27.1883
27.3465
27.5448
28.4248
29.5215
30.6788
31.4760
32.6257
33.9270
35.1201
36.3801
37.6639
38.5957
39.8739
40.6909
42.2055
42.6513
43.7530
44.5650
46.2690
48.6585
48.7124
50.3505
50.5716
52.1379
52.4211
54.2003
55.3705
56.4388
57.1593
58.6818
59.9212
61.0533
61.6254
62.9114
64.6803
66.6235
66.6913
67.2359
69.5206
73.6909
72.0851
73.6909
73.6909
75.6277
76.9941
79.0057
79.1624
84.3236
81.3041
83.8271
84.4897
85.4925
87.5312
88.3074
90.6747
90.0553
93.3760
95.1267
95.7797
96.2489
98.4361
98.2440
99.1115
101.6609
103.9712
102.4585
106.3350
106.2311
108.6479
109.8239
111.9964
112.7675
115.0017
114.4387
115.1146
118.4424
120.0860
120.3228
120.4414
123.3267
123.5706
125.0450
124.9214
127.4196
129.2016
130.4917
133.3817
133.7814
136.4815
135.3940
138.5479
139.3846
141.3599
142.6470
144.8231
143.2236
147.0385
147.9359
149.1427
151.5918
152.2116
150.3613
154.7218
157.2824
156.6374
159.8950
161.0548
163.9149
164.9394
167.1867
168.0612
168.7649
169.6498
171.2573
171.0778
173.7965
177.1318
175.4540
179.0200
179.0200
177.5074
178.8300
193.4146
187.8459
187.8459
189.4737
192.5760
192.9946
192.9946
195.5321
195.1062
198.7663
197.8970
202.9661
202.2951
204.0910
202.0721
207.0552
204.3170
206.1370
212.4437
209.3750
213.8806
215.8172
216.3050
219.2643
219.5134
217.2853
224.3214
223.2972
229.0117
227.1717
232.4845
233.5679
232.7547
233.5679
233.8398
235.2061
236.3073
239.9366
244.8025
243.6451
243.9337
245.0931
247.1409
249.8097
253.7380
253.1279
255.5809
254.9646
259.0101
260.9086
260.9086
266.0706
261.5459
264.4417
258.3817
268.7076
268.7076
271.0461
276.1586
277.1981
279.9984
282.1259
280.3512
290.5071
290.1351
287.5505
287.1841
287.1841
287.9177
300.4356
293.5092
295.0276
305.5916
292.3780
299.2643
301.6138
308.8310
305.5916
310.8820
311.7083
309.6490
320.5882
308.8310
318.4394
328.5103
324.9528
322.7592
324.0726
322.3232
333.5002
318.8674
328.5103
328.9592
335.8069
336.7365
347.7190
342.8769
346.7421
340.9691
352.1683
348.7001
351.1719
362.3793
355.6904
337.2028
358.7534
368.7305
375.8107
372.5165
402.6783
370.8865
374.7076
374.1579
372.5165
370.3457
385.9747
379.1511
397.1855
387.1310
385.3988
400.2221
390.0457
402.0620
400.2221
407.6636
405.1586
402.6783
413.3919
399.6118
407.0351
401.4471
409.5587
410.1938
420.5709
429.3184
424.5720
419.2508
432.0694
430.6903
424.5720
442.6455
427.9536
431.3790
429.3184
434.1515
431.3790
446.9946
439.0738
446.2649
455.9052
458.1784
463.5555
462.0087
450.6724
462.7810
466.6752
490.3669
471.4196
479.5060
470.6234
487.8246
515.2008
479.5060
502.5282
492.0741
477.8705
492.0741
492.9313
493.7911
494.6534
506.9937
489.5170
487.8246
489.5170
489.5170
505.1996
508.7986
514.2780
517.9860
509.7050
508.7986
542.2157
517.9860
534.2578
514.2780
527.4550
525.5381
512.4406
515.2008
536.2289
526.4951
530.3525
540.2076
605.2607
553.4891
555.5814
566.2476
561.9397
566.2476
588.6562
588.6562
551.4100
553.4891
570.6118
577.2664
561.9397
548.3161
564.0866
570.6118
584.0548
573.9227
565.1653
566.2476
568.4225
576.1481
585.1994
579.5144
537.2190
588.6562
578.3887
594.4959
615.1134
611.3865
605.2607
594.4959
581.7770
588.6562
604.0482
612.6245
605.2607
620.1437
610.1529
612.6245
590.9803
608.9235
599.2394
601.6355
623.9636
649.1270
605.2607
649.1270
615.1134
618.8795
634.3497
649.1270
647.7590
651.8778
654.6490
654.6490
676.1025
639.6553
654.6490
663.0865
668.8171
677.5764
642.3369
664.5111
640.9937
653.2609
649.1270
651.8778
650.4999
694.1644
612.6245
647.7590
671.7148
660.2531
664.5111
649.1270
625.2457
656.0423
658.8443
664.5111
661.6672
676.1025
668.8171
664.5111
667.3764
660.2531
695.7076
677.5767
685.0298
667.3764
679.0555
698.8120
676.1025
673.1718
691.0961
677.5762
709.8705
673.1718
688.0513
709.8705
695.7076
796.7747
716.3284
705.0939
717.9589
714.7043
717.9589
719.5960
734.6302
721.2397
688.0513
717.9589
771.9513
764.5875
746.7108
766.4167
717.9589
760.9520
714.7043
750.2267
741.4910
770.0986
734.6302
750.2267
771.9513
762.7659
731.2418
736.3348
721.2397
732.9326
760.9520
773.8119
731.2418
757.3470
785.1444
743.2238
748.4651
792.8641
775.6805
726.2104
790.9216
727.8808
722.8900
785.1444
757.3470
734.6302
781.3344
764.5875
785.1444
802.7053
790.9216
902.1139
770.0986
775.6805
794.8152
781.3344
781.3344
773.8119
783.2353
792.8641
766.4167
796.7747
835.7086
833.5754
802.7053
837.8516
833.5754
835.7086
794.8152
796.7747
798.7429
846.5225
857.5894
792.8641
792.8641
794.8152
844.3398
866.6309
894.8098
844.3398
846.5225
864.3546
873.5249
857.5894
889.9998
844.3398
897.2324
894.8098
829.3380
853.1317
873.5249
859.8339
885.2361
846.5225
889.9998
794.8152
857.5894
887.6122
894.8098
859.8339
889.9998
882.8713
875.8448
904.5723
857.5894
904.5723
873.5249
868.9180
864.3546
885.2361
909.5245
894.8098
868.9180
912.0201
875.8448
844.3398
899.6675
914.5274
864.3546
875.8448
887.6122
889.9998
868.9180
878.1758
904.5723
902.1139
902.1139
927.2523
907.0427
873.5249
871.2160
912.0201
940.3004
940.3004
922.1242
917.0471
875.8448
894.8098
897.2324
950.9800
961.8812
929.8356
945.6130
914.5274
940.3004
929.8356
932.4321
961.8812
919.5793
1048.2286
973.0109
892.3990
875.8448
950.9800
835.7086
984.3763
940.3004
922.1242
924.6818
853.1317
956.4025
892.3990
945.6130
973.0109
942.9499
932.4316
959.1348
950.9800
953.6843
937.6643
973.0109
940.3004
950.9800
975.8299
945.6130
932.4321
953.6843
1001.8833
973.0109
956.4025
937.6643
984.3763
956.4025
945.6130
948.2896
935.0416
1354.0032
970.2067
964.6419
1001.8833
942.9499
935.0416
961.8812
945.6130
953.6843
973.0109
987.2554
984.3763
953.6843
987.2554
940.3004
1010.8505
990.1498
964.6419
987.2554
987.2554
973.0109
1091.6666
909.5253
990.1498
942.9499
919.5793
981.5125
948.2896
984.3763
987.2554
935.0416
902.1139
964.6419
945.6130
973.0109
959.1348
927.2523
919.5793
914.5274
935.0416
975.8303
904.5723
964.6419
927.2523
927.2523
922.1242
940.3004
945.6130
975.8299
904.5723
945.6130
929.8356
959.1348
902.1139
912.0201
899.6675
922.1242
937.6643
912.0201
929.8356
942.9499
953.6843
948.2896
935.0416
909.5253
907.0427
909.5253
950.9800
929.8356
937.6643
871.2160
899.6675
902.1132
855.3553
937.6643
902.1132
935.0416
889.9998
940.3004
902.1139
689.5707
868.9180
862.0889
866.6309
866.6309
929.8356
853.1317
827.2337
919.5793
897.2332
853.1317
897.2332
878.1758
875.8448
904.5723
917.0471
902.1132
932.4321
914.5274
842.1671
914.5274
899.6675
827.2337
937.6643
902.1139
887.6122
866.6309
848.7154
907.0427
885.2361
857.5894
862.0889
792.8641
880.5179
878.1758
889.9998
873.5249
798.7429
796.7747
844.3398
871.2160
853.1317
796.7747
837.8516
862.0889
885.2361
835.7086
794.8152
794.8152
798.7429
829.3380
775.6805
775.6805
798.7429
802.7053
842.1671
840.0043
792.8641
794.8152
853.1317
771.9513
794.8152
798.7429
790.9216
804.6996
816.8530
751.9957
792.8641
875.8448
779.4417
796.7747
844.3398
798.7429
773.8119
796.7747
751.9957
755.5557
766.4167
739.7654
773.8119
764.5875
746.7108
766.4167
798.7429
748.4651
771.9513
732.9326
721.2397
770.0986
751.9957
760.9520
792.8641
757.3470
713.0867
744.9637
743.2233
692.6273
750.2267
738.0463
746.7108
743.2238
714.7043
744.9637
722.8900
721.2397
731.2418
709.8705
703.5142
703.5142
714.7043
760.9520
717.9589
770.0986
738.0463
711.4754
698.8120
719.5960
726.2104
729.5579
719.5960
700.3732
664.5111
716.3284
717.9589
677.5767
698.8120
671.7148
705.0939
700.3732
671.7148
657.4407
671.7148
650.4999
679.0559
664.5111
676.1025
698.8120
671.7148
676.1030
688.0513
691.0956
680.5409
661.6672
677.5762
683.5278
670.2632
639.6553
647.7590
639.6553
653.2609
657.4407
638.3217
646.3961
686.5377
636.9929
660.2531
588.6562
650.4999
608.9235
617.6198
615.1134
625.2454
584.0548
636.9929
566.2476
664.5111
592.1482
604.0482
594.4959
627.8237
606.4774
618.8795
595.6757
621.4124
629.1196
593.3201
602.8398
610.1529
601.6355
618.8795
588.6562
594.4959
593.3201
584.0548
566.2476
587.5001
571.7118
585.1994
568.4225
578.3887
564.0866
566.2476
582.9140
571.7118
561.9397
563.0114
524.5840
560.8715
548.3161
555.5814
549.3442
541.2101
559.8066
552.4479
548.3161
556.6327
546.2698
550.3754
547.2914
532.2991
522.6845
533.2770
518.9200
527.4550
523.6328
528.4179
527.4550
524.5840
515.2008
509.7050
505.1996
518.9200
487.8246
499.8803
504.3065
497.2552
496.3854
489.5170
492.0741
477.0562
491.2193
492.0741
499.0025
481.1508
485.3040
449.1953
468.2479
486.1418
485.3040
470.6234
462.7810
469.8293
460.4703
456.6609
469.0375
455.1516
445.5372
458.9403
459.7042
442.6455
446.9946
446.2649
446.2649
446.9946
439.7844
441.2112
442.6455
440.4969
430.0035
437.6583
436.9531
507.8948
421.2335
423.2315
416.6304
409.5587
400.8339
409.5589
399.6118
408.2938
392.4028
400.8339
397.7898
395.9811
401.4471
387.7112
386.5521
390.6329
387.1310
395.3811
392.9955
378.5911
380.2751
377.4751
377.4751
379.7124
362.9020
365.0047
368.7305
370.8865
367.6599
353.1690
362.3793
363.4259
363.9509
357.2168
362.9020
358.7534
356.7069
362.3793
356.7069
348.7001
342.3983
343.3562
338.6076
337.6700
341.4445
337.2028
342.3983
331.6723
331.6723
324.9528
330.7641
320.5882
326.7241
323.6339
318.4394
314.2069
312.9538
321.0206
309.2395
309.2395
304.3900
305.1902
306.8003
302.7989
300.0444
290.8799
295.7912
286.0890
308.8310
289.3931
290.1351
286.4533
282.1259
280.3513
279.6461
276.5045
275.1249
278.5930
269.3727
272.7348
270.0403
270.3750
267.0550
262.5060
263.7943
259.3251
260.5908
263.1490
250.1088
264.1177
254.3503
256.5097
254.3502
255.8900
250.1088
248.9156
250.7085
245.6757
237.9727
245.3842
240.5019
237.9727
238.8116
236.0313
236.5837
236.8606
224.5785
233.0253
230.0725
227.4333
222.5333
225.8699
220.7648
220.7648
218.2717
220.2630
214.6040
216.3050
215.8172
209.8431
211.0198
210.3127
209.8431
208.6754
206.3660
206.8251
209.3750
206.5954
202.5185
202.0721
202.0721
200.3000
197.2483
197.4642
198.5485
193.8356
190.7067
190.5004
188.2511
190.9132
186.6369
185.8366
183.6587
178.6403
178.2616
177.5074
171.2574
178.8300
173.2484
172.5210
170.7194
169.2951
167.8858
165.6268
165.2827
165.9719
161.7221
160.2253
159.5655
159.2369
161.2213
155.0391
155.5165
153.6175
151.9013
149.7505
148.3871
149.1427
146.1475
146.2956
144.3848
143.0791
140.9339
140.3682
139.8051
137.3038
137.4413
140.2272
135.1237
133.2488
131.5343
133.5148
130.1032
127.7991
127.7991
125.0450
125.4166
124.1826
124.4283
120.6790
120.0860
119.9678
116.9380
116.9380
117.7455
114.1024
114.3265
112.9888
112.4363
110.6876
106.3350
106.1273
106.3350
105.5066
103.5656
104.3784
102.0590
100.1822
101.1656
99.1115
96.6258
96.2489
95.2197
94.0173
93.3760
90.4088
90.6747
92.0159
90.1435
88.7413
88.5675
87.1883
85.0733
82.9239
84.2407
85.1570
82.4349
81.4648
81.6257
78.7713
77.4543
76.2324
76.4602
74.4308
71.7243
73.5437
72.3023
71.6523
71.3650
70.4378
70.6509
69.3803
67.4411
65.0786
64.4818
64.3498
63.4315
62.2659
61.1801
60.6742
59.2991
59.6095
59.4231
58.5589
57.1593
56.7982
55.3704
54.4912
54.2584
53.3917
51.9686
51.7996
50.7934
50.2401
49.0372
48.7665
48.1207
47.4275
46.8986
46.2690
45.5929
44.5650
44.9231
42.5520
42.4528
43.0500
42.6513
41.1273
40.1132
39.3978
39.1136
38.1748
38.4084
37.1108
36.2894
35.9275
34.5430
34.7201
33.5775
33.7520
33.3600
32.7978
30.7206
31.6451
30.3046
30.8877
30.1390
29.8089
28.6265
28.5054
28.3443
28.1836
27.1093
27.5051
27.0305
26.4421
25.9753
24.2929
25.8205
25.0521
25.7046
28.5054
27.6641
28.6669
29.6035
30.9714
31.6451
32.6687
33.5775
34.9420
35.7472
36.2894
38.3616
38.6427
39.9217
40.1612
41.7624
42.3538
43.6018
44.3611
45.8003
47.5869
48.0137
49.8005
50.3505
51.0158
52.5346
54.2003
54.3166
56.3194
57.1593
58.3749
58.6203
60.6742
60.3596
61.9450
63.0411
64.8792
65.0121
67.4411
68.1976
69.3103
71.0072
71.5085
73.4702
74.0601
75.4772
76.6124
78.3819
78.3819
81.2239
81.3041
82.8422
85.1570
85.4925
85.9136
88.0479
89.4398
91.2089
90.8525
92.9205
93.2847
94.1093
96.3430
98.4361
98.3400
100.2801
101.7603
102.8597
104.0729
108.2235
107.1701
107.1701
109.1808
111.6677
112.1062
113.3217
115.5676
116.9380
117.6297
119.0266
119.7317
122.2359
120.9171
122.3566
124.7979
127.0413
128.5620
127.4196
130.8816
132.7185
132.1907
135.8007
134.9888
139.2447
140.0863
139.9457
142.2165
142.3599
145.2630
153.4605
147.0385
152.5227
150.3613
151.9013
152.8345
154.7218
156.9595
159.4011
160.2253
161.5550
161.0548
162.0571
163.5752
164.4262
167.5358
169.4723
172.1588
172.7025
173.6136
172.5210
176.5703
176.7572
178.4509
178.6403
184.2494
179.0200
185.6373
191.5345
187.0388
188.2511
192.1585
190.9132
191.1200
193.4145
194.2579
195.5321
196.3877
199.4217
197.2483
203.1904
206.5954
204.9970
209.3750
209.8431
211.9675
209.8431
212.2054
216.3050
225.8700
220.7648
220.7648
222.5333
226.9105
226.6497
229.8067
226.9105
230.8726
234.3850
232.2148
235.4808
226.9105
236.5837
237.6940
237.4157
241.0691
243.0693
243.6451
249.5112
250.7085
250.4084
255.8900
253.7380
249.5112
255.5810
260.5908
243.0693
261.5459
261.2269
260.2735
265.7437
265.7438
279.9983
270.3750
268.3759
277.5458
275.4688
276.5045
278.9433
272.0575
283.1987
282.1259
281.0592
287.1841
278.9433
287.1841
295.4090
294.6469
293.8877
300.8275
306.8003
302.7989
305.5916
303.5929
310.4701
305.9937
312.5378
317.5860
311.7083
308.8310
329.4090
318.0122
324.9528
321.4539
304.3900
324.0726
333.9596
334.4199
333.0417
334.4199
333.0417
333.5002
340.0215
333.5002
349.1923
353.6711
364.4771
357.7278
347.2300
331.6723
359.2679
361.3375
365.0046
359.2679
364.4773
366.5942
365.5334
371.9720
372.5165
371.9720
369.2677
377.4751
377.4751
387.1309
383.6787
388.2928
395.9811
397.7898
388.8757
403.9154
397.1855
397.1855
409.5589
404.5363
402.6783
410.1936
402.0620
413.3919
403.9154
418.5932
405.1586
429.3184
421.8978
423.9009
423.9009
423.9009
435.5486
435.5486
436.2501
449.1953
425.9194
438.3651
436.2499
447.7262
441.9274
451.4139
459.7042
449.9329
465.1109
455.9052
468.2479
476.2441
475.4344
481.9767
500.7603
486.1418
468.2479
469.8293
480.3273
500.7603
481.1508
470.6234
480.3273
492.0741
474.6269
481.9767
490.3669
504.3065
488.6696
495.5182
498.1279
516.1264
499.0028
516.1264
513.3579
513.3579
505.1996
518.9200
518.9200
509.7050
515.2008
486.9820
516.1264
536.2289
532.2991
540.2076
527.4550
534.2578
531.3243
533.2773
540.2076
531.3246
540.2076
565.1653
561.9397
552.4479
566.2476
555.5814
580.6435
564.0866
560.8715
564.0866
567.3333
561.9397
565.1653
578.3887
569.5154
582.9140
604.0482
579.5144
588.6562
601.6355
590.9803
584.0548
579.5144
582.9140
607.6983
607.6983
467.4602
587.5001
565.1653
600.4354
592.1482
606.4774
622.6859
600.4354
594.4959
605.2607
589.8163
600.4354
605.2607
598.0474
611.3865
615.1134
633.0352
635.6689
625.2457
621.4124
640.9937
656.0423
625.2457
620.1441
649.1270
633.0352
667.3764
640.9937
656.0423
665.9411
661.6672
649.1270
653.2609
650.4999
649.1270
674.6344
657.4407
664.5111
607.6983
670.2632
660.2531
664.5111
664.5111
663.0865
668.8171
674.6344
661.6672
663.0865
668.8171
674.6344
676.1025
673.1718
657.4407
667.3764
663.0865
714.7043
670.2632
683.5278
694.1644
692.6273
661.6672
691.0961
661.6672
671.7148
701.9406
682.0315
714.7043
716.3284
685.0298
708.2720
694.1644
705.0939
708.2720
705.0939
706.6799
744.9637
716.3284
743.2238
731.2418
751.9957
739.7649
716.3284
734.6302
741.4910
738.0468
734.6302
759.1457
759.1457
746.7108
732.9326
744.9637
775.6805
736.3348
766.4167
760.9520
692.6273
629.1196
734.6302
755.5557
771.9513
751.9957
751.9957
770.0986
766.4167
751.9957
764.5875
663.0865
748.4651
779.4417
777.5570
764.5875
823.0536
840.0043
744.9637
775.6805
764.5875
790.9216
792.8641
788.9875
798.7429
945.6130
800.7197
798.7429
823.0536
810.7357
798.7429
792.8641
833.5754
842.1671
853.1317
831.4518
790.9216
796.7747
835.7086
864.3546
792.8641
844.3398
835.7086
796.7747
844.3398
787.0618
859.8339
885.2361
868.9180
885.2361
853.1317
859.8339
833.5754
859.8339
853.1317
864.3546
859.8339
857.5894
866.6309
878.1758
885.2361
871.2160
857.5894
927.2523
866.6309
902.1139
894.8098
864.3546
837.8516
871.2160
889.9998
855.3553
873.5249
846.5225
857.5894
880.5179
885.2361
894.8098
875.8448
907.0419
866.6309
892.3990
897.2332
885.2361
894.8098
894.8098
909.5245
927.2523
880.5179
885.2361
894.8098
902.1139
1430.0613
862.0889
887.6122
899.6675
887.6122
889.9998
899.6675
894.8098
932.4321
873.5249
878.1758
948.2896
875.8448
904.5723
878.1758
927.2523
868.9180
909.5253
904.5715
831.4518
902.1139
929.8356
929.8356
932.4321
950.9800
912.0201
970.2067
927.2523
907.0427
924.6818
942.9499
912.0201
873.5249
885.2361
942.9499
904.5723
953.6843
904.5723
956.4025
889.9998
978.6637
953.6843
978.6637
937.6643
651.8778
907.0427
927.2523
935.0416
942.9499
937.6643
959.1348
855.3553
929.8356
978.6637
937.6643
953.6843
940.3004
948.2896
981.5125
909.5253
948.2896
1001.8833
942.9499
922.1242
998.9263
950.9800
967.4171
978.6637
953.6843
970.2067
940.3004
1004.8562
929.8356
984.3763
987.2554
1019.9656
909.5253
975.8299
950.9800
950.9800
956.4025
961.8812
950.9800
932.4321
937.6643
940.3004
990.1498
904.5723
907.0427
917.0471
940.3004
919.5793
973.0109
1023.0371
902.1139
899.6675
871.2160
932.4321
794.8152
902.1139
950.9800
940.3004
948.2896
909.5253
909.5253
909.5253
942.9499
899.6675
950.9800
975.8299
956.4025
948.2896
1041.8254
929.8356
940.3004
953.6843
912.0201
927.2523
902.1139
892.3990
902.1135
922.1242
914.5274
924.6818
973.0109
907.0427
912.0201
904.5723
892.3994
902.1139
904.5719
907.0427
924.6818
914.5274
953.6843
937.6643
940.3004
904.5723
917.0471
935.0416
956.4025
929.8356
912.0201
902.1139
864.3546
902.1139
842.1671
899.6675
885.2361
902.1139
894.8098
904.5723
917.0471
892.3990
846.5225
871.2160
917.0471
866.6309
894.8098
848.7154
794.8152
875.8448
914.5266
897.2324
887.6122
899.6675
993.0597
871.2160
796.7747
831.4518
882.8713
871.2160
871.2160
868.9180
882.8713
871.2160
853.1317
950.9800
833.5754
794.8152
835.7086
844.3398
882.8713
829.3380
862.0889
806.7027
835.7086
855.3553
844.3398
827.2337
792.8641
825.1389
873.5249
781.3344
1077.9551
798.7429
818.9103
804.6996
796.7747
831.4518
827.2337
794.8152
794.8152
792.8641
788.9875
796.7747
777.5570
750.2267
777.5570
781.3344
783.2353
794.8152
792.8641
766.4167
760.9520
771.9513
781.3344
762.7659
739.7654
796.7747
750.2267
760.9520
771.9513
744.9637
719.5960
871.2160
777.5570
744.9637
726.2104
787.0618
748.4651
757.3470
741.4910
764.5875
796.7747
743.2238
736.3348
773.8119
713.0867
738.0468
714.7043
796.7747
766.4167
751.9957
734.6302
700.3732
743.2233
711.4754
766.4167
722.8900
695.7076
698.8120
792.8641
713.0867
721.2397
714.7043
711.4754
706.6799
748.4651
686.5377
677.5767
713.0867
709.8705
719.5960
689.5707
680.5409
709.8705
691.0961
680.5409
734.6302
734.6302
676.1025
697.2568
683.5278
685.0298
658.8443
691.0961
679.0555
682.0315
658.8443
645.0381
657.4407
682.0315
677.5762
674.6344
667.3764
664.5111
651.8778
623.9636
646.3961
668.8171
634.3497
594.4959
680.5404
631.7253
645.0381
643.6851
634.3497
629.1196
631.7253
615.1134
636.9929
613.8668
599.2394
616.3644
572.8157
613.8668
618.8795
598.0474
617.6198
587.5001
599.2394
588.6562
629.1193
622.6855
599.2394
594.4959
593.3201
598.0474
576.1481
580.6439
575.0339
571.7118
575.0336
577.2668
577.2668
581.7770
569.5154
599.2394
566.2476
573.9229
559.8066
560.8715
640.9937
572.8154
580.6439
552.4479
573.9227
544.2364
588.6562
567.3333
550.3754
555.5814
547.2914
551.4100
569.5155
565.1653
547.2914
544.2364
526.4951
531.3243
523.6328
535.2417
523.6328
528.4179
542.2157
530.3525
532.2991
516.1264
515.2008
520.7966
502.5282
503.4160
504.3065
513.3579
491.2193
507.8948
480.3273
501.6430
505.1996
496.3854
489.5170
488.6696
470.6234
477.8705
492.0741
476.2441
468.2479
469.8293
474.6269
462.7810
465.8921
452.1574
465.8918
455.9052
459.7042
460.4703
447.7262
454.4000
461.2384
452.1574
428.6351
446.9946
449.9329
444.0875
445.5372
435.5488
449.1953
421.8978
434.8491
425.2449
414.6824
432.0694
425.9194
427.2738
421.8978
419.2508
419.9100
412.7491
413.3919
400.8339
406.4081
405.7826
398.3957
398.3957
397.1855
390.0457
390.0457
394.7825
391.2214
399.0030
384.2506
375.8107
379.7124
382.5388
381.4043
385.9747
381.9709
375.8107
372.5165
362.9020
358.2401
368.1946
361.8578
358.2401
361.8578
357.7278
345.2848
353.6711
352.6681
352.6681
346.2552
337.6700
349.6856
346.7421
340.9691
347.2300
339.0779
339.0779
335.8069
336.7365
333.5002
325.8366
318.8674
316.3124
311.7083
323.1961
308.4232
310.8821
312.1227
309.2395
310.0592
307.2048
303.9910
300.8275
296.9422
298.0999
302.0080
292.7543
293.1314
293.1314
287.9177
287.5505
289.3931
284.6384
274.0968
280.7049
273.4146
281.0592
273.7554
275.1249
281.7697
264.7663
270.3750
260.5908
266.3983
270.7102
262.5060
264.4417
258.0684
259.0101
256.8204
253.1279
257.1316
254.9645
246.8468
251.0091
250.7085
246.5533
249.5112
245.3842
246.5533
242.4955
238.5315
237.1379
237.1379
237.4157
233.5679
237.1379
232.4845
229.8067
229.2763
224.5785
223.8085
223.2972
219.2643
217.7778
220.0128
222.2795
215.5738
215.8172
213.4001
213.8806
216.3050
207.7475
208.9083
206.1370
204.5433
204.3170
206.5954
198.9845
204.9970
203.6401
199.4217
196.3877
194.2579
195.1062
192.9946
195.3190
189.6785
190.2945
188.6575
188.0484
184.6445
179.0200
179.0200
180.9342
176.9443
176.3836
172.8842
175.6395
173.9797
170.5406
169.8275
170.3619
170.1835
158.5821
165.2827
162.7297
161.5550
159.0729
156.6374
162.0571
155.6760
154.0896
154.2473
152.6785
149.7505
151.2831
147.7859
147.9359
146.8895
144.5307
143.8027
143.5128
141.7874
143.3681
139.8051
136.3450
137.4413
135.9365
133.9150
132.4543
131.7964
130.1032
128.6897
129.5872
127.6725
125.9140
123.2050
124.9214
121.5146
121.0364
121.3949
119.7317
119.6139
118.5590
115.4542
114.5511
114.1024
111.5583
110.9046
109.5019
107.1701
108.5417
105.7131
105.3006
104.0729
102.2586
103.3634
101.1656
98.9181
97.6698
97.0990
96.3430
95.6862
93.3760
93.3760
92.7389
90.9415
90.2318
89.2647
89.3522
87.1028
87.2739
85.0733
85.4925
82.5162
82.6790
83.9097
80.5049
78.7713
78.7713
78.8494
78.3819
76.5363
75.2519
74.4308
73.2500
72.3749
70.4378
70.8645
69.6610
68.2667
68.2667
67.4411
66.2852
67.5781
65.0121
64.6141
62.3302
61.9450
61.1167
61.5616
60.1088
59.7964
58.6203
56.4388
57.1593
55.7250
55.5475
54.5495
53.6219
55.7842
51.5748
51.9686
50.8489
50.9601
49.5270
48.9288
48.0672
47.0041
46.1646
46.3213
45.2315
44.1071
44.5650
42.3538
42.2549
42.6513
42.0575
40.8845
40.2092
39.4453
38.9249
39.3978
37.4790
36.8816
36.2894
35.8373
35.3882
33.8394
34.3223
33.5339
32.1123
32.1976
34.0146
31.5605
30.7623
30.8459
30.0150
29.8089
29.3170
29.0318
28.7883
27.5448
26.9123
26.9517
26.2472
25.3583
25.3583
25.2050
25.6275
25.0903
25.8979
